rgn19_cd,rgn19_nm,utla19_cd,utla19_nm,lad19_cd,lad19_nm,msoa11_cd,msoa11_hclnm,wk_05,wk_06,wk_07,wk_08,wk_09,wk_10,wk_11,wk_12,wk_13,wk_14,wk_15,wk_16,wk_17,wk_18,wk_19,wk_20,wk_21,wk_22,wk_23,wk_24,wk_25,wk_26,wk_27,wk_28,wk_29,wk_30,wk_31,wk_32,wk_33,wk_34,wk_35,wk_36,wk_37,wk_38,wk_39,wk_40,latest_7_days
E12000007,London,E09000001,City of London,E09000001,City of London,E02000001,City of London,-99,-99,-99,-99,-99,-99,-99,4,3,3,-99,-99,3,-99,-99,-99,-99,-99,-99,-99,-99,-99,-99,-99,-99,-99,-99,-99,-99,4,-99,-99,-99,-99,6,5,5
E12000007,London,E09000002,Barking and Dagenham,E09000002,Barking and Dagenham,E02000002,Marks Gate,-99,-99,-99,-99,-99,-99,-99,-99,-99,5,3,6,-99,-99,-99,-99,-99,-99,-99,-99,-99,-99,-99,-99,-99,3,-99,-99,-99,-99,-99,-99,-99,5,7,4,4
E12000007,London,E09000002,Barking and Dagenham,E09000002,Barking and Dagenham,E02000003,Chadwell Heath East,-99,-99,-99,-99,-99,-99,-99,-99,3,10,10,3,6,3,-99,-99,-99,-99,-99,-99,-99,-99,-99,-99,-99,6,-99,4,4,-99,-99,4,10,9,8,9,9
E12000007,London,E09000002,Barking and Dagenham,E09000002,Barking and Dagenham,E02000004,Eastbrookend,-99,-99,-99,-99,-99,-99,-99,-99,6,10,4,3,5,-99,3,3,-99,-99,-99,-99,-99,-99,-99,-99,-99,-99,-99,-99,-99,-99,-99,-99,-99,4,9,-99,-99
E12000007,London,E09000002,Barking and Dagenham,E09000002,Barking and Dagenham,E02000005,Becontree Heath,-99,-99,-99,-99,-99,-99,-99,-99,4,6,9,4,-99,-99,-99,-99,-99,-99,-99,-99,-99,-99,-99,-99,-99,-99,-99,-99,-99,-99,-99,5,3,3,9,6,6
E12000007,London,E09000002,Barking and Dagenham,E09000002,Barking and Dagenham,E02000007,Central Park & Frizlands Lane,-99,-99,-99,-99,-99,-99,5,-99,3,4,3,6,4,3,-99,-99,-99,-99,-99,-99,-99,-99,-99,-99,-99,3,-99,-99,-99,-99,-99,4,6,3,9,4,4
E12000007,London,E09000002,Barking and Dagenham,E09000002,Barking and Dagenham,E02000008,Becontree East,-99,-99,-99,-99,-99,-99,-99,4,3,7,5,5,3,3,5,4,3,-99,-99,-99,-99,-99,-99,-99,-99,-99,-99,-99,-99,-99,-99,-99,5,6,13,9,9
E12000007,London,E09000002,Barking and Dagenham,E09000002,Barking and Dagenham,E02000009,Becontree West,-99,-99,-99,-99,-99,-99,-99,5,4,4,4,6,3,3,-99,-99,-99,-99,-99,-99,-99,-99,-99,-99,-99,-99,-99,-99,3,-99,-99,-99,3,6,6,9,9
E12000007,London,E09000002,Barking and Dagenham,E09000002,Barking and Dagenham,E02000010,Dagenham North,-99,-99,-99,-99,-99,-99,-99,-99,-99,8,7,3,-99,-99,-99,-99,-99,-99,-99,-99,-99,-99,-99,-99,-99,-99,-99,-99,-99,-99,3,3,-99,4,-99,6,6
E12000007,London,E09000002,Barking and Dagenham,E09000002,Barking and Dagenham,E02000011,Dagenham Eastbrook,-99,-99,-99,-99,-99,-99,-99,-99,-99,7,3,-99,-99,-99,-99,3,-99,-99,-99,-99,-99,-99,-99,-99,-99,-99,-99,-99,-99,-99,-99,3,6,10,5,-99,-99
E12000007,London,E09000002,Barking and Dagenham,E09000002,Barking and Dagenham,E02000012,Longbridge & Barking Park,-99,-99,-99,-99,-99,-99,-99,4,4,7,6,4,4,5,-99,-99,3,-99,-99,-99,-99,-99,-99,-99,-99,-99,-99,-99,-99,4,-99,6,6,5,7,9,9
E12000007,London,E09000002,Barking and Dagenham,E09000002,Barking and Dagenham,E02000013,Becontree South,-99,-99,-99,-99,-99,-99,-99,-99,-99,5,6,-99,-99,-99,-99,-99,-99,-99,-99,-99,-99,-99,-99,-99,-99,-99,-99,-99,-99,-99,-99,-99,-99,10,13,11,11
E12000007,London,E09000002,Barking and Dagenham,E09000002,Barking and Dagenham,E02000014,Dagenham Central,-99,-99,-99,-99,-99,-99,-99,-99,3,5,5,5,-99,4,-99,4,-99,3,-99,-99,-99,3,-99,-99,-99,-99,3,-99,-99,5,-99,9,3,-99,7,7,7
E12000007,London,E09000002,Barking and Dagenham,E09000002,Barking and Dagenham,E02000015,Old Dagenham Park & Village,-99,-99,-99,-99,-99,-99,-99,-99,-99,3,-99,7,3,-99,-99,3,-99,-99,-99,-99,-99,-99,-99,-99,-99,-99,-99,-99,5,-99,-99,3,4,-99,3,3,3
E12000007,London,E09000002,Barking and Dagenham,E09000002,Barking and Dagenham,E02000016,Barking Central,-99,-99,-99,-99,-99,-99,-99,-99,5,4,4,-99,3,4,-99,-99,-99,-99,-99,-99,-99,-99,-99,-99,-99,-99,-99,-99,4,-99,-99,-99,-99,4,6,4,4
E12000007,London,E09000002,Barking and Dagenham,E09000002,Barking and Dagenham,E02000017,Barking East,-99,-99,-99,-99,-99,-99,-99,-99,3,5,5,3,5,4,4,-99,-99,-99,-99,-99,-99,-99,-99,-99,-99,-99,-99,3,-99,-99,-99,4,8,7,7,7,7
E12000007,London,E09000002,Barking and Dagenham,E09000002,Barking and Dagenham,E02000018,Mayesbrook Park & Rippleside,-99,-99,-99,-99,-99,-99,-99,-99,6,6,3,3,-99,-99,-99,-99,-99,-99,-99,-99,-99,-99,-99,-99,-99,-99,8,-99,-99,-99,-99,-99,3,10,4,-99,-99
E12000007,London,E09000002,Barking and Dagenham,E09000002,Barking and Dagenham,E02000019,Goresbrook & Scrattons Farm,-99,-99,-99,-99,-99,-99,-99,5,-99,5,-99,4,3,4,5,-99,-99,-99,-99,-99,-99,-99,-99,-99,-99,-99,-99,4,3,-99,-99,-99,-99,-99,5,7,7
E12000007,London,E09000002,Barking and Dagenham,E09000002,Barking and Dagenham,E02000020,Creekmouth & Barking Riverside,-99,-99,-99,-99,-99,-99,-99,-99,9,3,9,8,3,6,-99,-99,-99,-99,-99,-99,-99,-99,-99,-99,-99,-99,3,-99,-99,-99,-99,-99,-99,3,-99,6,6
E12000007,London,E09000002,Barking and Dagenham,E09000002,Barking and Dagenham,E02000021,Rylands Estate & Dagenham Dock,-99,-99,-99,-99,-99,-99,-99,4,-99,10,-99,-99,-99,-99,-99,-99,-99,-99,-99,-99,-99,-99,-99,-99,-99,-99,-99,-99,-99,-99,-99,4,3,3,4,-99,-99
E12000007,London,E09000002,Barking and Dagenham,E09000002,Barking and Dagenham,E02000022,Gascoigne Estate & Roding Riverside,-99,-99,-99,-99,-99,-99,-99,3,-99,3,-99,-99,4,-99,-99,-99,-99,-99,-99,-99,-99,-99,-99,-99,-99,-99,-99,-99,-99,-99,-99,4,-99,-99,4,-99,-99
E12000007,London,E09000002,Barking and Dagenham,E09000002,Barking and Dagenham,E02000023,Thames View,-99,-99,-99,-99,-99,-99,-99,-99,6,5,7,5,-99,-99,-99,-99,-99,-99,-99,-99,-99,-99,-99,-99,-99,-99,-99,-99,-99,-99,-99,3,-99,-99,-99,9,9
E12000007,London,E09000003,Barnet,E09000003,Barnet,E02000024,High Barnet & Hadley,-99,-99,-99,-99,-99,-99,-99,3,3,11,12,3,4,3,3,-99,-99,-99,-99,-99,-99,-99,-99,-99,-99,-99,-99,-99,-99,-99,-99,4,6,-99,-99,12,12
E12000007,London,E09000003,Barnet,E09000003,Barnet,E02000025,Hadley Wood,-99,-99,-99,-99,-99,-99,-99,4,6,8,5,3,-99,-99,-99,-99,-99,-99,-99,-99,-99,-99,-99,-99,-99,-99,-99,-99,-99,-99,-99,-99,-99,-99,-99,-99,-99
E12000007,London,E09000003,Barnet,E09000003,Barnet,E02000026,Oak Hill,-99,-99,-99,-99,-99,-99,-99,-99,3,7,-99,-99,-99,4,-99,-99,-99,-99,-99,-99,-99,-99,-99,-99,-99,-99,-99,-99,-99,-99,-99,-99,-99,3,-99,7,7
E12000007,London,E09000003,Barnet,E09000003,Barnet,E02000027,Ducks Island & Underhill,-99,-99,-99,-99,-99,-99,-99,3,3,8,15,7,-99,-99,-99,-99,3,-99,-99,-99,-99,-99,-99,-99,-99,-99,3,-99,-99,3,-99,4,-99,-99,4,6,6
E12000007,London,E09000003,Barnet,E09000003,Barnet,E02000028,New Barnet West,-99,-99,-99,-99,-99,-99,-99,-99,-99,10,4,-99,7,4,-99,-99,-99,-99,-99,-99,-99,-99,-99,-99,-99,-99,-99,-99,-99,3,-99,-99,-99,-99,-99,6,6
E12000007,London,E09000003,Barnet,E09000003,Barnet,E02000029,New Barnet Town & East Barnet,-99,-99,-99,-99,-99,-99,3,3,7,3,8,3,-99,5,-99,-99,-99,-99,-99,-99,-99,-99,-99,-99,-99,-99,5,-99,-99,-99,-99,-99,-99,-99,-99,-99,-99
E12000007,London,E09000003,Barnet,E09000003,Barnet,E02000030,Totteridge & Barnet Gate,-99,-99,-99,-99,-99,-99,-99,3,7,14,11,4,4,3,3,5,-99,-99,-99,-99,-99,-99,-99,-99,-99,-99,-99,3,-99,-99,3,-99,-99,3,4,13,13
E12000007,London,E09000003,Barnet,E09000003,Barnet,E02000031,Oakleigh Park,-99,-99,-99,-99,-99,-99,-99,-99,5,12,9,4,-99,3,-99,-99,-99,-99,-99,-99,-99,-99,-99,-99,-99,-99,-99,-99,-99,-99,-99,-99,-99,4,-99,8,8
E12000007,London,E09000003,Barnet,E09000003,Barnet,E02000032,Osidge,-99,-99,-99,-99,-99,-99,-99,4,5,11,5,-99,5,-99,-99,-99,-99,-99,-99,-99,-99,-99,-99,3,-99,-99,-99,-99,-99,-99,-99,-99,5,5,5,7,7
E12000007,London,E09000003,Barnet,E09000003,Barnet,E02000033,Brunswick Park Road,-99,-99,-99,-99,-99,-99,-99,-99,6,-99,3,3,-99,-99,-99,-99,-99,-99,-99,-99,-99,-99,-99,-99,-99,-99,-99,-99,-99,-99,3,-99,-99,4,5,4,4
E12000007,London,E09000003,Barnet,E09000003,Barnet,E02000034,Whetstone East,-99,-99,-99,-99,-99,-99,-99,-99,11,9,-99,-99,3,3,3,-99,-99,-99,-99,-99,-99,-99,-99,-99,-99,-99,-99,-99,4,-99,-99,3,3,-99,3,12,12
E12000007,London,E09000003,Barnet,E09000003,Barnet,E02000035,Woodside Park,-99,-99,-99,-99,-99,-99,-99,-99,7,8,9,-99,5,3,-99,-99,-99,-99,3,-99,-99,-99,-99,-99,-99,-99,4,3,-99,-99,-99,-99,-99,-99,4,3,3
E12000007,London,E09000003,Barnet,E09000003,Barnet,E02000036,Edgware East,-99,-99,-99,-99,-99,-99,-99,-99,5,8,6,3,4,-99,3,-99,-99,-99,-99,-99,-99,-99,-99,-99,-99,-99,-99,-99,-99,-99,-99,-99,-99,-99,6,6,6
E12000007,London,E09000003,Barnet,E09000003,Barnet,E02000037,Edgware Park,-99,-99,-99,-99,-99,-99,-99,-99,9,8,4,4,-99,-99,-99,-99,-99,-99,-99,-99,-99,-99,-99,-99,-99,-99,-99,-99,5,-99,-99,5,-99,5,7,19,19
E12000007,London,E09000003,Barnet,E09000003,Barnet,E02000038,Friern Barnet,-99,-99,-99,-99,-99,-99,3,-99,7,6,8,9,5,3,-99,-99,-99,7,-99,-99,-99,-99,-99,-99,-99,-99,-99,-99,-99,-99,-99,5,3,4,6,15,15
E12000007,London,E09000003,Barnet,E09000003,Barnet,E02000039,Mill Hill Park,-99,-99,-99,-99,-99,-99,-99,-99,5,7,-99,-99,-99,-99,-99,-99,-99,-99,-99,-99,-99,-99,-99,-99,-99,-99,-99,-99,-99,5,-99,7,-99,-99,3,10,10
E12000007,London,E09000003,Barnet,E09000003,Barnet,E02000040,Mill Hill East,-99,-99,-99,-99,-99,-99,-99,-99,8,5,8,6,-99,-99,-99,-99,-99,-99,-99,-99,-99,-99,-99,-99,-99,-99,-99,-99,-99,-99,3,-99,6,6,4,7,7
E12000007,London,E09000003,Barnet,E09000003,Barnet,E02000041,Edgware Central,-99,-99,-99,-99,-99,-99,-99,3,4,9,3,3,4,3,-99,-99,-99,-99,-99,-99,-99,-99,-99,-99,-99,-99,3,3,-99,-99,-99,-99,-99,-99,8,8,8
E12000007,London,E09000003,Barnet,E09000003,Barnet,E02000042,North Finchley,-99,-99,-99,-99,-99,-99,-99,3,13,9,8,5,3,3,-99,-99,-99,-99,-99,-99,-99,-99,-99,-99,-99,-99,-99,-99,-99,-99,-99,4,-99,4,4,9,9
E12000007,London,E09000003,Barnet,E09000003,Barnet,E02000043,West Finchley,-99,-99,-99,-99,-99,-99,-99,-99,3,-99,5,-99,-99,-99,-99,-99,-99,-99,-99,-99,-99,-99,-99,-99,-99,-99,-99,-99,-99,-99,-99,-99,-99,-99,-99,-99,-99
E12000007,London,E09000003,Barnet,E09000003,Barnet,E02000044,Mill Hill Broadway,-99,-99,-99,-99,-99,-99,-99,5,-99,4,-99,5,3,4,-99,-99,-99,-99,-99,-99,-99,-99,-99,-99,-99,-99,-99,-99,-99,-99,-99,-99,7,-99,5,6,6
E12000007,London,E09000003,Barnet,E09000003,Barnet,E02000045,Colney Hatch,-99,-99,-99,-99,-99,-99,-99,-99,10,7,-99,-99,4,-99,-99,-99,-99,-99,-99,-99,-99,-99,-99,-99,4,-99,-99,-99,-99,-99,-99,10,-99,-99,5,4,4
E12000007,London,E09000003,Barnet,E09000003,Barnet,E02000046,Church End,-99,-99,-99,-99,-99,-99,-99,3,-99,-99,-99,-99,-99,-99,-99,-99,4,-99,-99,-99,-99,-99,-99,-99,-99,-99,-99,-99,-99,-99,-99,-99,4,-99,6,5,5
E12000007,London,E09000003,Barnet,E09000003,Barnet,E02000047,Burnt Oak & Watling Park,-99,-99,-99,-99,-99,-99,-99,6,8,6,6,3,6,6,11,-99,-99,-99,-99,-99,-99,-99,-99,-99,-99,-99,-99,-99,-99,-99,3,9,6,-99,-99,7,7
E12000007,London,E09000003,Barnet,E09000003,Barnet,E02000048,Copthall & Downage,-99,-99,-99,-99,-99,-99,3,5,5,7,5,3,-99,-99,-99,-99,-99,-99,-99,-99,-99,-99,-99,-99,-99,-99,-99,-99,-99,4,6,-99,-99,4,5,13,13
E12000007,London,E09000003,Barnet,E09000003,Barnet,E02000049,Grahame Park,-99,-99,-99,-99,-99,-99,-99,-99,7,10,3,5,6,3,3,-99,-99,-99,-99,-99,-99,-99,-99,-99,-99,-99,-99,-99,-99,-99,-99,-99,4,-99,6,7,7
E12000007,London,E09000003,Barnet,E09000003,Barnet,E02000050,Fallow Corner,-99,-99,-99,-99,-99,-99,-99,-99,-99,4,-99,-99,-99,-99,-99,3,-99,-99,-99,-99,-99,-99,-99,-99,-99,-99,3,-99,-99,-99,-99,-99,3,6,-99,6,6
E12000007,London,E09000003,Barnet,E09000003,Barnet,E02000051,Finchley Central,-99,-99,-99,-99,-99,-99,-99,-99,8,6,6,4,-99,-99,-99,-99,-99,-99,-99,-99,-99,-99,-99,-99,-99,3,-99,-99,-99,-99,-99,-99,5,-99,8,15,15
E12000007,London,E09000003,Barnet,E09000003,Barnet,E02000052,East Finchley,-99,-99,-99,-99,-99,-99,-99,-99,3,-99,-99,-99,-99,-99,-99,3,4,-99,-99,-99,-99,-99,-99,-99,-99,-99,-99,-99,-99,-99,-99,-99,3,3,3,6,6
E12000007,London,E09000003,Barnet,E09000003,Barnet,E02000053,Colindale,-99,-99,-99,-99,-99,-99,-99,5,6,9,12,4,3,4,-99,3,-99,-99,-99,-99,-99,-99,-99,-99,-99,-99,3,-99,4,3,6,10,3,5,6,11,11
E12000007,London,E09000003,Barnet,E09000003,Barnet,E02000054,North Hendon & Sunny Hill,-99,-99,-99,-99,-99,-99,-99,3,5,8,4,-99,-99,-99,-99,-99,-99,-99,-99,-99,-99,-99,-99,-99,-99,-99,-99,-99,-99,4,-99,-99,-99,-99,8,9,9
E12000007,London,E09000003,Barnet,E09000003,Barnet,E02000055,Hendon Central,-99,-99,-99,-99,-99,-99,-99,7,11,8,5,10,-99,4,4,12,-99,-99,-99,-99,-99,-99,-99,-99,-99,-99,3,-99,3,-99,4,-99,-99,-99,3,4,4
E12000007,London,E09000003,Barnet,E09000003,Barnet,E02000056,Hampstead Garden Suburb,-99,-99,-99,-99,-99,-99,7,4,7,10,7,5,-99,-99,3,-99,6,-99,-99,-99,-99,-99,-99,-99,-99,-99,-99,-99,4,6,3,4,3,-99,-99,17,17
E12000007,London,E09000003,Barnet,E09000003,Barnet,E02000057,Hendon Park,-99,-99,-99,-99,-99,-99,-99,6,8,11,8,-99,-99,-99,-99,-99,-99,-99,-99,-99,-99,-99,-99,-99,-99,-99,-99,-99,-99,-99,-99,-99,-99,-99,3,-99,-99
E12000007,London,E09000003,Barnet,E09000003,Barnet,E02000058,Temple Fortune,-99,-99,-99,-99,-99,-99,-99,5,16,3,-99,4,6,3,-99,-99,-99,-99,-99,-99,-99,-99,-99,-99,3,-99,-99,-99,-99,-99,-99,4,-99,5,6,13,13
E12000007,London,E09000003,Barnet,E09000003,Barnet,E02000059,West Hendon,-99,-99,-99,-99,-99,-99,-99,6,17,14,6,4,11,5,-99,4,-99,-99,-99,-99,-99,-99,-99,-99,-99,-99,-99,-99,-99,-99,-99,6,4,-99,5,8,8
E12000007,London,E09000003,Barnet,E09000003,Barnet,E02000060,Golders Green North,-99,-99,-99,-99,-99,-99,-99,7,24,15,11,7,3,-99,4,-99,-99,-99,-99,-99,-99,-99,-99,3,-99,3,-99,-99,-99,-99,5,6,3,5,10,9,9
E12000007,London,E09000003,Barnet,E09000003,Barnet,E02000061,Golders Green South,-99,-99,-99,-99,-99,-99,-99,5,18,4,6,4,3,9,3,-99,3,-99,-99,-99,-99,-99,-99,-99,-99,-99,-99,-99,-99,-99,-99,-99,5,-99,5,4,4
E12000007,London,E09000003,Barnet,E09000003,Barnet,E02000062,Brent Cross & Staples Corner,-99,-99,-99,-99,-99,-99,-99,-99,3,4,3,4,-99,4,-99,-99,-99,-99,-99,-99,-99,-99,-99,-99,-99,-99,-99,-99,-99,4,-99,-99,3,-99,-99,-99,-99
E12000007,London,E09000003,Barnet,E09000003,Barnet,E02000063,North Cricklewood,-99,-99,-99,-99,-99,-99,-99,4,5,12,7,6,-99,-99,-99,-99,-99,-99,-99,-99,-99,-99,-99,-99,-99,-99,6,-99,4,3,-99,-99,-99,-99,7,5,5
E12000007,London,E09000003,Barnet,E09000003,Barnet,E02000064,Childs Hill,-99,-99,-99,-99,-99,-99,-99,3,3,6,-99,4,-99,-99,-99,-99,-99,-99,-99,-99,-99,-99,-99,-99,-99,-99,-99,-99,-99,-99,-99,-99,-99,-99,-99,4,4
E12000007,London,E09000004,Bexley,E09000004,Bexley,E02000065,Crossway Park,-99,-99,-99,-99,-99,-99,-99,-99,-99,5,5,9,6,4,-99,4,-99,-99,-99,-99,-99,-99,-99,-99,-99,-99,-99,-99,-99,-99,-99,-99,-99,-99,-99,3,3
E12000007,London,E09000004,Bexley,E09000004,Bexley,E02000066,South Thamesmead,-99,-99,-99,-99,-99,-99,-99,4,3,5,4,5,3,5,4,-99,9,-99,-99,-99,-99,3,-99,-99,-99,-99,-99,-99,-99,-99,-99,-99,-99,3,7,-99,-99
E12000007,London,E09000004,Bexley,E09000004,Bexley,E02000067,Belvedere & Lessness Heath,-99,-99,-99,-99,-99,-99,-99,3,4,6,7,6,4,-99,-99,-99,3,3,-99,-99,-99,-99,-99,-99,-99,-99,-99,-99,-99,-99,-99,3,-99,-99,-99,-99,-99
E12000007,London,E09000004,Bexley,E09000004,Bexley,E02000068,Erith East,-99,-99,-99,-99,-99,-99,-99,-99,3,3,4,5,4,4,3,3,-99,-99,-99,-99,-99,-99,-99,-99,-99,-99,-99,-99,-99,-99,-99,-99,-99,-99,5,4,4
E12000007,London,E09000004,Bexley,E09000004,Bexley,E02000069,Erith West,-99,-99,-99,-99,-99,-99,-99,-99,3,5,7,3,-99,-99,4,-99,-99,-99,-99,-99,-99,-99,-99,-99,-99,-99,-99,-99,-99,-99,-99,-99,-99,-99,3,5,5
E12000007,London,E09000004,Bexley,E09000004,Bexley,E02000070,Lesnes Abbey,-99,-99,-99,-99,-99,-99,-99,3,3,6,4,3,3,5,-99,-99,-99,-99,-99,-99,-99,-99,-99,-99,-99,-99,-99,-99,-99,-99,-99,-99,4,-99,-99,6,6
E12000007,London,E09000004,Bexley,E09000004,Bexley,E02000071,Northumberland Heath,-99,-99,-99,-99,-99,-99,-99,-99,-99,3,-99,3,-99,-99,-99,-99,3,3,-99,-99,-99,-99,-99,-99,-99,-99,-99,-99,-99,-99,-99,-99,3,3,-99,-99,-99
E12000007,London,E09000004,Bexley,E09000004,Bexley,E02000072,Slade Green & Crayford Marshes,-99,-99,-99,-99,-99,-99,-99,-99,7,7,8,8,5,9,3,-99,3,-99,-99,-99,-99,-99,-99,-99,-99,-99,-99,3,-99,-99,-99,-99,-99,-99,7,3,3
E12000007,London,E09000004,Bexley,E09000004,Bexley,E02000073,Bostall,-99,-99,-99,-99,-99,-99,-99,-99,6,10,10,6,6,-99,-99,-99,-99,-99,-99,-99,-99,-99,-99,-99,-99,-99,-99,-99,-99,-99,-99,-99,-99,-99,4,4,4
E12000007,London,E09000004,Bexley,E09000004,Bexley,E02000074,Lesney Farm & Colyers East,-99,-99,-99,-99,-99,-99,-99,-99,9,6,4,4,7,3,-99,-99,4,-99,-99,-99,-99,-99,-99,-99,-99,3,-99,-99,-99,-99,-99,-99,-99,-99,3,-99,-99
E12000007,London,E09000004,Bexley,E09000004,Bexley,E02000075,Bursted Wood,-99,-99,-99,-99,-99,-99,-99,3,-99,-99,5,-99,-99,-99,-99,3,-99,-99,-99,-99,3,-99,-99,4,-99,-99,-99,-99,-99,-99,-99,-99,-99,-99,-99,5,5
E12000007,London,E09000004,Bexley,E09000004,Bexley,E02000077,St Michael's,-99,-99,-99,-99,-99,-99,-99,-99,4,9,6,6,3,4,-99,-99,-99,-99,-99,-99,-99,-99,-99,-99,-99,-99,-99,-99,-99,-99,-99,-99,3,-99,-99,-99,-99
E12000007,London,E09000004,Bexley,E09000004,Bexley,E02000078,Barnehurst North,-99,-99,-99,-99,-99,-99,-99,-99,4,8,6,5,-99,-99,-99,-99,3,-99,-99,-99,-99,-99,-99,-99,-99,-99,-99,-99,-99,-99,-99,-99,-99,-99,-99,10,10
E12000007,London,E09000004,Bexley,E09000004,Bexley,E02000079,Bexleyheath Broadway,-99,-99,-99,-99,-99,-99,-99,7,7,15,6,4,12,3,5,-99,-99,-99,-99,-99,-99,-99,-99,-99,-99,-99,-99,-99,-99,-99,-99,-99,-99,-99,3,5,5
E12000007,London,E09000004,Bexley,E09000004,Bexley,E02000080,Welling,-99,-99,-99,-99,-99,-99,-99,-99,-99,6,-99,3,5,-99,-99,-99,-99,-99,-99,-99,-99,-99,-99,-99,4,-99,-99,-99,-99,-99,-99,-99,-99,6,-99,3,3
E12000007,London,E09000004,Bexley,E09000004,Bexley,E02000081,Barnehurst South,-99,-99,-99,-99,-99,-99,-99,-99,3,7,3,3,-99,3,-99,-99,-99,-99,-99,-99,-99,-99,-99,-99,-99,-99,-99,-99,-99,-99,-99,-99,-99,-99,-99,3,3
E12000007,London,E09000004,Bexley,E09000004,Bexley,E02000082,Falconwood,-99,-99,-99,-99,-99,-99,-99,-99,5,9,4,3,4,-99,-99,-99,-99,-99,-99,-99,-99,-99,-99,-99,-99,-99,-99,-99,-99,-99,7,-99,3,3,4,6,6
E12000007,London,E09000004,Bexley,E09000004,Bexley,E02000083,Crayford,-99,-99,-99,-99,-99,-99,-99,-99,-99,7,9,4,5,4,-99,-99,-99,-99,-99,-99,3,-99,-99,-99,-99,3,-99,-99,-99,-99,-99,-99,3,-99,-99,3,3
E12000007,London,E09000004,Bexley,E09000004,Bexley,E02000084,Danson Park,-99,-99,-99,-99,-99,-99,-99,-99,-99,6,4,3,-99,5,-99,-99,-99,-99,-99,-99,-99,-99,-99,-99,-99,-99,-99,-99,-99,-99,-99,-99,-99,-99,-99,14,14
E12000007,London,E09000004,Bexley,E09000004,Bexley,E02000085,Blackfen,-99,-99,-99,-99,-99,-99,-99,-99,-99,-99,-99,-99,-99,5,4,5,-99,-99,-99,-99,-99,-99,-99,-99,-99,-99,-99,-99,-99,-99,-99,-99,-99,5,-99,14,14
E12000007,London,E09000004,Bexley,E09000004,Bexley,E02000086,Lamorbey,-99,-99,-99,-99,-99,-99,-99,-99,-99,4,5,-99,-99,3,3,-99,-99,-99,-99,-99,-99,-99,-99,-99,-99,-99,-99,-99,-99,-99,4,-99,-99,-99,-99,10,10
E12000007,London,E09000004,Bexley,E09000004,Bexley,E02000087,Bexley Village,-99,-99,-99,-99,-99,-99,-99,-99,-99,3,5,4,-99,4,-99,-99,-99,-99,-99,-99,-99,-99,-99,-99,-99,-99,-99,-99,-99,-99,-99,-99,-99,-99,5,10,10
E12000007,London,E09000004,Bexley,E09000004,Bexley,E02000088,Albany Park,-99,-99,-99,-99,-99,-99,-99,-99,4,4,-99,4,-99,3,-99,4,-99,-99,-99,-99,-99,-99,-99,-99,-99,-99,-99,-99,-99,-99,-99,-99,-99,7,3,3,3
E12000007,London,E09000004,Bexley,E09000004,Bexley,E02000089,Longlands & Halfway,-99,-99,-99,-99,-99,-99,-99,3,-99,6,10,21,7,4,-99,-99,-99,4,3,-99,-99,-99,-99,-99,-99,-99,-99,-99,-99,-99,3,-99,-99,7,5,-99,-99
E12000007,London,E09000004,Bexley,E09000004,Bexley,E02000090,Sidcup East,-99,-99,-99,-99,-99,-99,5,-99,6,9,7,5,7,16,4,-99,3,-99,-99,-99,-99,-99,-99,-99,-99,-99,-99,-99,3,3,-99,-99,-99,-99,-99,3,3
E12000007,London,E09000004,Bexley,E09000004,Bexley,E02000091,Sidcup West,-99,-99,-99,-99,-99,-99,-99,4,10,8,12,3,6,4,5,5,4,-99,-99,-99,-99,-99,-99,-99,-99,-99,-99,-99,-99,-99,-99,-99,-99,-99,4,4,4
E12000007,London,E09000004,Bexley,E09000004,Bexley,E02000092,Foots Cray Meadows,-99,-99,-99,-99,-99,-99,-99,3,5,9,5,3,-99,4,-99,-99,-99,-99,-99,-99,-99,-99,-99,-99,-99,-99,-99,-99,-99,-99,-99,-99,3,-99,-99,-99,-99
E12000007,London,E09000005,Brent,E09000005,Brent,E02000093,Queensbury South,-99,-99,-99,-99,-99,-99,-99,4,7,19,9,7,8,-99,3,-99,3,-99,-99,-99,-99,-99,-99,-99,-99,6,-99,-99,-99,-99,-99,5,3,-99,7,9,9
E12000007,London,E09000005,Brent,E09000005,Brent,E02000094,Kingsbury East & Colindale,-99,-99,-99,-99,-99,-99,-99,-99,6,10,10,4,5,3,4,-99,-99,-99,-99,-99,-99,-99,-99,-99,-99,-99,-99,-99,4,-99,-99,-99,7,5,4,4,4
E12000007,London,E09000005,Brent,E09000005,Brent,E02000095,Kingsbury West,-99,-99,-99,-99,-99,-99,-99,5,5,-99,9,4,4,5,-99,4,-99,-99,-99,-99,-99,-99,-99,-99,-99,-99,-99,-99,-99,-99,-99,-99,-99,3,-99,-99,-99
E12000007,London,E09000005,Brent,E09000005,Brent,E02000096,Kenton Woodcock Park,-99,-99,-99,-99,-99,-99,-99,-99,3,4,5,-99,-99,3,-99,-99,-99,-99,-99,-99,-99,-99,-99,-99,-99,-99,-99,-99,-99,-99,-99,-99,-99,-99,10,10,10
E12000007,London,E09000005,Brent,E09000005,Brent,E02000097,Kingsbury South,-99,-99,-99,-99,-99,-99,-99,4,6,5,3,4,4,-99,-99,-99,-99,-99,-99,-99,-99,-99,-99,-99,-99,3,-99,-99,-99,-99,-99,4,-99,3,5,5,5
E12000007,London,E09000005,Brent,E09000005,Brent,E02000098,Barnhill The Avenue,-99,-99,-99,-99,-99,-99,3,5,7,12,5,8,-99,-99,7,-99,-99,-99,-99,-99,-99,-99,-99,-99,-99,-99,-99,-99,-99,-99,-99,7,6,3,6,6,6
E12000007,London,E09000005,Brent,E09000005,Brent,E02000099,Preston Park & East Lane,-99,-99,-99,-99,-99,-99,-99,4,6,-99,-99,-99,-99,4,-99,-99,-99,5,-99,3,-99,-99,-99,-99,-99,-99,-99,-99,-99,-99,-99,-99,-99,-99,3,-99,-99
E12000007,London,E09000005,Brent,E09000005,Brent,E02000100,Northwick Park,-99,-99,-99,-99,-99,-99,-99,5,15,11,17,14,8,3,4,5,-99,-99,-99,-99,-99,-99,-99,-99,-99,-99,-99,-99,-99,-99,4,-99,4,-99,6,11,11
E12000007,London,E09000005,Brent,E09000005,Brent,E02000101,Forty Lane,-99,-99,-99,-99,-99,-99,-99,6,12,22,3,15,-99,4,4,-99,-99,-99,-99,-99,-99,-99,-99,-99,-99,-99,-99,-99,-99,-99,-99,6,5,-99,-99,4,4
E12000007,London,E09000005,Brent,E09000005,Brent,E02000102,Welsh Harp,-99,-99,-99,-99,-99,-99,-99,3,6,9,4,-99,-99,-99,-99,-99,-99,-99,-99,-99,-99,-99,-99,-99,-99,-99,-99,-99,-99,-99,-99,-99,-99,3,-99,5,5
E12000007,London,E09000005,Brent,E09000005,Brent,E02000103,Dollis Hill,-99,-99,-99,-99,-99,-99,3,5,11,5,3,8,7,-99,-99,-99,-99,-99,-99,-99,-99,-99,-99,-99,-99,-99,-99,-99,-99,3,-99,-99,3,4,4,6,6
E12000007,London,E09000005,Brent,E09000005,Brent,E02000104,Wembley North,-99,-99,-99,-99,-99,-99,3,7,4,8,6,13,-99,-99,-99,-99,-99,-99,-99,-99,-99,-99,-99,-99,-99,-99,-99,-99,-99,-99,-99,-99,-99,-99,6,4,4
E12000007,London,E09000005,Brent,E09000005,Brent,E02000105,Sudbury East,-99,-99,-99,-99,-99,-99,-99,4,8,10,4,7,3,3,3,-99,-99,-99,-99,-99,-99,-99,-99,-99,-99,-99,-99,-99,-99,3,3,-99,-99,-99,4,4,4
E12000007,London,E09000005,Brent,E09000005,Brent,E02000106,Neasden,-99,-99,-99,-99,-99,-99,-99,4,7,10,10,4,4,3,-99,-99,-99,-99,-99,-99,-99,-99,-99,-99,-99,-99,-99,-99,-99,3,3,-99,4,-99,9,11,11
E12000007,London,E09000005,Brent,E09000005,Brent,E02000107,Cricklewood Anson Road,-99,-99,-99,-99,-99,-99,-99,-99,5,8,5,10,4,4,-99,3,-99,-99,-99,-99,-99,-99,-99,-99,-99,-99,-99,-99,-99,-99,3,-99,-99,3,4,8,8
E12000007,London,E09000005,Brent,E09000005,Brent,E02000108,Sudbury West,-99,-99,-99,-99,-99,-99,-99,-99,7,9,3,4,-99,-99,-99,-99,-99,-99,-99,-99,-99,-99,-99,-99,-99,-99,-99,-99,-99,-99,-99,-99,4,-99,3,7,7
E12000007,London,E09000005,Brent,E09000005,Brent,E02000109,Tokyngton,-99,-99,-99,-99,-99,-99,-99,5,10,13,8,8,5,4,-99,-99,-99,-99,-99,-99,-99,-99,-99,-99,-99,3,-99,-99,-99,-99,-99,-99,4,-99,15,23,23
E12000007,London,E09000005,Brent,E09000005,Brent,E02000110,Dudden Hill,-99,-99,-99,-99,-99,-99,-99,-99,5,6,3,-99,-99,4,-99,-99,-99,-99,-99,-99,-99,-99,-99,-99,-99,-99,-99,-99,-99,3,-99,-99,-99,-99,4,-99,-99
E12000007,London,E09000005,Brent,E09000005,Brent,E02000111,Wembley West,-99,-99,-99,-99,-99,-99,-99,-99,11,17,15,11,4,4,-99,-99,-99,-99,-99,-99,-99,-99,-99,-99,3,-99,-99,-99,-99,-99,-99,3,3,-99,5,16,16
E12000007,London,E09000005,Brent,E09000005,Brent,E02000112,Wembley East,-99,-99,-99,-99,-99,-99,-99,6,10,20,8,9,6,5,-99,-99,3,-99,-99,-99,-99,-99,-99,3,-99,-99,-99,-99,-99,-99,-99,-99,-99,3,11,9,9
E12000007,London,E09000005,Brent,E09000005,Brent,E02000113,St Raphaels,-99,-99,-99,-99,-99,-99,-99,8,17,16,6,6,-99,-99,-99,-99,4,-99,-99,-99,-99,-99,-99,-99,-99,-99,-99,4,-99,-99,4,-99,-99,7,5,10,10
E12000007,London,E09000005,Brent,E09000005,Brent,E02000114,Willesden Green,-99,-99,-99,-99,-99,-99,-99,3,6,3,8,3,4,-99,-99,-99,-99,-99,-99,-99,-99,-99,-99,-99,-99,-99,-99,-99,-99,-99,-99,-99,4,5,7,13,13
E12000007,London,E09000005,Brent,E09000005,Brent,E02000115,Brondesbury,-99,-99,-99,-99,-99,-99,3,4,7,6,5,4,-99,-99,-99,-99,-99,-99,-99,-99,-99,-99,-99,-99,-99,-99,-99,-99,-99,-99,-99,-99,3,-99,9,6,6
E12000007,London,E09000005,Brent,E09000005,Brent,E02000116,Roundwood Park,-99,-99,-99,-99,-99,-99,-99,4,8,11,7,6,-99,-99,-99,-99,-99,-99,4,-99,-99,-99,-99,-99,-99,-99,-99,-99,-99,-99,-99,-99,3,-99,3,4,4
E12000007,London,E09000005,Brent,E09000005,Brent,E02000117,Church End,-99,-99,-99,-99,-99,-99,5,10,13,23,11,11,4,7,-99,-99,-99,-99,-99,-99,-99,-99,-99,-99,-99,-99,-99,-99,4,-99,3,-99,-99,-99,5,4,4
E12000007,London,E09000005,Brent,E09000005,Brent,E02000118,Alperton East,-99,-99,-99,-99,-99,-99,3,5,12,18,7,5,4,6,-99,-99,-99,-99,-99,-99,-99,-99,-99,-99,-99,-99,-99,-99,-99,-99,-99,-99,-99,-99,-99,3,3
E12000007,London,E09000005,Brent,E09000005,Brent,E02000119,Stonebridge,-99,-99,-99,-99,-99,-99,-99,7,19,23,14,13,11,14,-99,-99,-99,5,-99,-99,-99,-99,-99,-99,-99,-99,-99,-99,-99,-99,-99,-99,-99,-99,3,-99,-99
E12000007,London,E09000005,Brent,E09000005,Brent,E02000120,Kilburn West,-99,-99,-99,-99,-99,-99,-99,-99,4,5,4,-99,-99,-99,-99,-99,-99,-99,-99,-99,-99,-99,-99,-99,-99,-99,-99,-99,-99,-99,-99,3,-99,3,4,8,8
E12000007,London,E09000005,Brent,E09000005,Brent,E02000121,Alperton West,-99,-99,-99,-99,-99,-99,-99,6,14,11,6,11,4,5,3,-99,4,-99,-99,3,4,-99,-99,-99,-99,-99,-99,-99,-99,-99,-99,-99,-99,7,-99,11,11
E12000007,London,E09000005,Brent,E09000005,Brent,E02000122,Brondesbury Park,-99,-99,-99,-99,-99,-99,-99,-99,11,7,5,4,3,-99,-99,-99,-99,-99,-99,-99,-99,-99,-99,-99,-99,-99,-99,-99,-99,-99,-99,-99,-99,5,5,6,6
E12000007,London,E09000005,Brent,E09000005,Brent,E02000123,Harlesden,-99,-99,-99,-99,-99,-99,-99,9,11,16,8,6,4,-99,-99,-99,3,-99,-99,-99,-99,-99,-99,-99,-99,-99,-99,-99,-99,-99,-99,5,-99,-99,-99,7,7
E12000007,London,E09000005,Brent,E09000005,Brent,E02000124,Queens Park,-99,-99,-99,-99,-99,-99,-99,-99,7,7,3,3,-99,4,-99,-99,-99,-99,-99,-99,-99,-99,-99,-99,-99,-99,-99,-99,-99,-99,-99,-99,3,7,-99,10,10
E12000007,London,E09000005,Brent,E09000005,Brent,E02000125,Kensal Green,-99,-99,-99,-99,-99,-99,-99,3,9,7,4,3,-99,5,-99,-99,-99,-99,-99,-99,-99,-99,-99,-99,-99,-99,-99,-99,-99,-99,3,-99,-99,5,3,6,6
E12000007,London,E09000005,Brent,E09000005,Brent,E02000126,Kilburn Park,-99,-99,-99,-99,-99,-99,-99,3,8,5,6,3,5,-99,-99,-99,-99,-99,-99,-99,-99,-99,-99,-99,-99,-99,-99,-99,-99,-99,-99,-99,-99,4,5,10,10
E12000007,London,E09000006,Bromley,E09000006,Bromley,E02000127,Mottingham,-99,-99,-99,-99,-99,-99,-99,-99,4,4,-99,4,4,12,-99,-99,-99,-99,-99,-99,-99,-99,-99,-99,-99,-99,-99,-99,-99,3,4,-99,-99,-99,6,-99,-99
E12000007,London,E09000006,Bromley,E09000006,Bromley,E02000128,Chislehurst North,-99,-99,-99,-99,-99,-99,-99,-99,3,7,4,3,-99,-99,-99,-99,-99,-99,-99,-99,-99,-99,-99,-99,-99,-99,-99,-99,-99,-99,-99,3,-99,-99,-99,5,5
E12000007,London,E09000006,Bromley,E09000006,Bromley,E02000130,Penge East,-99,-99,-99,-99,-99,-99,3,4,4,5,7,4,5,-99,-99,-99,-99,-99,-99,-99,-99,-99,-99,-99,-99,-99,-99,-99,-99,-99,-99,3,-99,-99,5,9,9
E12000007,London,E09000006,Bromley,E09000006,Bromley,E02000131,Crystal Palace Park,-99,-99,-99,-99,-99,-99,-99,-99,6,5,4,6,-99,-99,3,-99,-99,-99,-99,-99,-99,-99,-99,-99,-99,-99,-99,-99,-99,-99,-99,3,-99,-99,-99,4,4
E12000007,London,E09000006,Bromley,E09000006,Bromley,E02000132,New Beckenham,-99,-99,-99,-99,-99,-99,-99,5,8,-99,7,4,-99,-99,6,4,-99,-99,-99,-99,-99,-99,-99,-99,-99,-99,-99,-99,-99,-99,-99,-99,-99,-99,3,4,4
E12000007,London,E09000006,Bromley,E09000006,Bromley,E02000133,Chislehurst West & Elmstead,-99,-99,-99,-99,-99,-99,-99,3,4,5,7,4,-99,5,-99,-99,-99,-99,-99,-99,-99,-99,-99,-99,-99,-99,-99,-99,-99,-99,-99,-99,-99,-99,-99,10,10
E12000007,London,E09000006,Bromley,E09000006,Bromley,E02000134,Bromley North & Sundridge,-99,-99,-99,-99,-99,-99,-99,6,8,16,6,8,3,4,-99,3,-99,-99,-99,-99,-99,-99,-99,-99,-99,-99,-99,-99,4,-99,-99,-99,-99,-99,4,5,5
E12000007,London,E09000006,Bromley,E09000006,Bromley,E02000135,Anerley North & Penge West,-99,-99,-99,-99,-99,-99,3,3,5,12,11,10,15,3,21,-99,-99,-99,-99,-99,-99,-99,-99,-99,-99,-99,-99,-99,-99,-99,-99,-99,3,-99,3,4,4
E12000007,London,E09000006,Bromley,E09000006,Bromley,E02000136,Chislehurst East & Hoblingwell Wood,-99,-99,-99,-99,-99,-99,-99,-99,-99,8,3,-99,5,3,5,5,-99,-99,-99,-99,-99,-99,-99,-99,-99,-99,-99,-99,-99,-99,-99,-99,-99,-99,4,7,7
E12000007,London,E09000006,Bromley,E09000006,Bromley,E02000137,Shortlands Bromley Road,-99,-99,-99,-99,-99,-99,-99,4,6,8,8,6,5,-99,-99,4,-99,-99,-99,-99,-99,-99,-99,-99,-99,-99,-99,-99,3,-99,-99,-99,-99,3,-99,-99,-99
E12000007,London,E09000006,Bromley,E09000006,Bromley,E02000138,Beckenham East & Kelsey Park,-99,-99,-99,-99,-99,-99,3,3,9,13,6,-99,4,-99,-99,-99,-99,-99,-99,-99,-99,-99,-99,-99,-99,-99,-99,-99,-99,3,-99,-99,-99,-99,-99,8,8
E12000007,London,E09000006,Bromley,E09000006,Bromley,E02000139,Clock House & Cator Park,-99,-99,-99,-99,-99,-99,-99,-99,3,6,3,-99,5,-99,-99,-99,-99,-99,-99,-99,-99,-99,-99,-99,-99,-99,-99,-99,-99,-99,-99,4,-99,-99,3,-99,-99
E12000007,London,E09000006,Bromley,E09000006,Bromley,E02000140,St Mary Cray North,-99,-99,-99,-99,-99,-99,-99,-99,12,5,8,-99,-99,4,3,-99,-99,-99,-99,-99,-99,-99,-99,-99,-99,-99,-99,-99,-99,-99,-99,-99,-99,-99,-99,4,4
E12000007,London,E09000006,Bromley,E09000006,Bromley,E02000141,Anerley South,-99,-99,-99,-99,-99,-99,-99,-99,-99,-99,-99,7,3,3,-99,-99,4,-99,-99,-99,-99,-99,-99,-99,-99,-99,-99,-99,-99,-99,-99,-99,3,-99,5,3,3
E12000007,London,E09000006,Bromley,E09000006,Bromley,E02000142,Widmore,-99,-99,-99,-99,-99,-99,-99,-99,10,12,7,3,-99,-99,5,-99,-99,-99,-99,-99,-99,-99,-99,-99,-99,-99,-99,-99,-99,-99,-99,-99,-99,-99,-99,4,4
E12000007,London,E09000006,Bromley,E09000006,Bromley,E02000144,Bromley South,-99,-99,-99,-99,-99,-99,-99,4,9,11,6,5,4,-99,3,-99,-99,-99,-99,-99,-99,-99,-99,-99,-99,-99,-99,-99,-99,-99,-99,-99,-99,-99,-99,7,7
E12000007,London,E09000006,Bromley,E09000006,Bromley,E02000145,St Mary Cray East,-99,-99,-99,-99,-99,-99,-99,-99,5,8,8,7,3,7,-99,4,-99,-99,-99,-99,-99,-99,-99,-99,-99,-99,-99,-99,-99,-99,-99,-99,-99,-99,4,11,11
E12000007,London,E09000006,Bromley,E09000006,Bromley,E02000146,Bickley West,-99,-99,-99,-99,-99,-99,-99,3,9,11,6,6,3,-99,5,3,-99,-99,-99,-99,-99,-99,-99,-99,-99,-99,-99,-99,-99,-99,-99,6,4,3,-99,-99,-99
E12000007,London,E09000006,Bromley,E09000006,Bromley,E02000147,Langley Park,-99,-99,-99,-99,-99,-99,-99,4,5,5,4,4,4,-99,-99,-99,-99,-99,-99,-99,-99,-99,-99,-99,-99,-99,-99,-99,3,-99,-99,-99,-99,-99,-99,-99,-99
E12000007,London,E09000006,Bromley,E09000006,Bromley,E02000148,Bickley East,-99,-99,-99,-99,-99,-99,-99,-99,7,5,6,-99,4,-99,-99,-99,-99,-99,-99,-99,-99,-99,-99,-99,-99,-99,-99,-99,-99,-99,-99,-99,-99,3,-99,6,6
E12000007,London,E09000006,Bromley,E09000006,Bromley,E02000149,St Mary Cray South,-99,-99,-99,-99,-99,-99,-99,-99,5,8,10,8,-99,-99,3,-99,-99,-99,-99,-99,-99,-99,-99,-99,-99,-99,-99,-99,-99,-99,-99,-99,-99,-99,3,-99,-99
E12000007,London,E09000006,Bromley,E09000006,Bromley,E02000150,Eden Park & Bethlem,-99,-99,-99,-99,-99,-99,-99,-99,7,8,5,4,-99,3,4,-99,-99,-99,-99,-99,-99,-99,-99,-99,-99,-99,-99,-99,-99,-99,-99,-99,-99,-99,3,-99,-99
E12000007,London,E09000006,Bromley,E09000006,Bromley,E02000151,Petts Wood,-99,-99,-99,-99,-99,-99,-99,-99,3,4,-99,-99,-99,5,-99,-99,-99,-99,-99,-99,-99,-99,-99,-99,-99,-99,-99,-99,-99,-99,-99,-99,-99,-99,-99,-99,-99
E12000007,London,E09000006,Bromley,E09000006,Bromley,E02000152,Bromley Common,-99,-99,-99,-99,-99,-99,-99,3,6,4,6,5,9,5,5,-99,-99,-99,-99,-99,-99,-99,-99,-99,-99,-99,-99,-99,-99,-99,-99,-99,-99,-99,3,3,3
E12000007,London,E09000006,Bromley,E09000006,Bromley,E02000153,Hayes North,-99,-99,-99,-99,-99,-99,-99,-99,6,5,4,6,-99,-99,-99,-99,-99,-99,-99,-99,-99,-99,-99,-99,-99,-99,-99,-99,-99,-99,5,-99,-99,-99,-99,5,5
E12000007,London,E09000006,Bromley,E09000006,Bromley,E02000154,Orpington West,-99,-99,-99,-99,-99,-99,-99,-99,6,12,5,13,3,4,-99,3,-99,-99,-99,-99,-99,-99,-99,-99,-99,-99,-99,-99,-99,-99,-99,-99,-99,-99,-99,5,5
E12000007,London,E09000006,Bromley,E09000006,Bromley,E02000155,Orpington East,-99,-99,-99,-99,-99,-99,-99,4,-99,7,-99,3,3,6,3,-99,-99,-99,-99,-99,-99,-99,-99,-99,-99,-99,-99,-99,-99,-99,-99,-99,-99,-99,-99,-99,-99
E12000007,London,E09000006,Bromley,E09000006,Bromley,E02000156,West Wickham,-99,-99,-99,-99,-99,-99,3,3,8,12,8,-99,7,6,5,4,-99,-99,-99,-99,-99,-99,-99,-99,-99,-99,-99,-99,-99,-99,-99,4,-99,-99,-99,4,4
E12000007,London,E09000006,Bromley,E09000006,Bromley,E02000157,Crofton,-99,-99,-99,-99,-99,-99,-99,-99,3,-99,6,3,-99,3,-99,-99,-99,-99,-99,-99,-99,-99,-99,-99,-99,-99,-99,-99,-99,-99,3,-99,-99,-99,-99,5,5
E12000007,London,E09000006,Bromley,E09000006,Bromley,E02000158,Goddington,-99,-99,-99,-99,-99,-99,-99,4,4,9,3,-99,-99,-99,3,-99,-99,-99,-99,-99,-99,-99,-99,-99,-99,-99,-99,-99,-99,-99,-99,-99,-99,3,-99,13,13
E12000007,London,E09000006,Bromley,E09000006,Bromley,E02000159,Keston,-99,-99,-99,-99,-99,-99,-99,-99,-99,8,-99,4,3,5,-99,-99,-99,-99,-99,-99,-99,-99,-99,-99,-99,-99,-99,-99,-99,4,-99,-99,-99,-99,3,13,13
E12000007,London,E09000006,Bromley,E09000006,Bromley,E02000160,Hayes South & Coney Hall,-99,-99,-99,-99,-99,-99,-99,-99,3,8,6,6,-99,8,7,9,-99,-99,-99,-99,-99,-99,-99,-99,-99,-99,-99,-99,-99,-99,-99,-99,-99,7,-99,-99,-99
E12000007,London,E09000006,Bromley,E09000006,Bromley,E02000161,Orpington South,-99,-99,-99,-99,-99,-99,-99,-99,7,5,9,-99,3,6,-99,-99,-99,-99,-99,-99,-99,-99,-99,-99,-99,-99,-99,-99,-99,-99,-99,-99,-99,5,-99,4,4
E12000007,London,E09000006,Bromley,E09000006,Bromley,E02000162,Farnborough,-99,-99,-99,-99,-99,-99,-99,4,-99,6,13,8,5,-99,14,-99,-99,-99,-99,-99,-99,-99,-99,-99,-99,-99,-99,-99,-99,-99,-99,-99,-99,-99,-99,4,4
E12000007,London,E09000006,Bromley,E09000006,Bromley,E02000163,Chelsfield & Green Street Green,-99,-99,-99,-99,-99,-99,-99,4,6,9,12,-99,8,4,-99,-99,-99,-99,-99,-99,-99,-99,-99,-99,-99,-99,-99,-99,-99,-99,-99,-99,-99,-99,4,5,5
E12000007,London,E09000006,Bromley,E09000006,Bromley,E02000165,Biggin Hill West,-99,-99,-99,-99,-99,-99,-99,-99,3,4,-99,-99,-99,-99,-99,-99,-99,-99,-99,-99,-99,-99,-99,-99,-99,-99,-99,-99,-99,-99,-99,-99,-99,3,-99,-99,-99
E12000007,London,E09000007,Camden,E09000007,Camden,E02000166,Highgate West,-99,-99,-99,-99,-99,-99,-99,-99,5,-99,-99,-99,-99,-99,-99,-99,-99,-99,-99,-99,-99,-99,-99,-99,-99,-99,-99,-99,-99,-99,-99,-99,-99,-99,3,7,7
E12000007,London,E09000007,Camden,E09000007,Camden,E02000167,Hampstead Town,-99,-99,-99,-99,-99,-99,-99,3,3,3,-99,3,-99,-99,-99,-99,-99,-99,-99,-99,-99,-99,-99,-99,-99,-99,-99,-99,-99,-99,-99,-99,-99,-99,4,6,6
E12000007,London,E09000007,Camden,E09000007,Camden,E02000168,Tufnell Park West,-99,-99,-99,-99,-99,-99,-99,-99,3,6,4,5,4,-99,-99,-99,-99,-99,-99,-99,-99,-99,-99,-99,-99,-99,-99,-99,-99,-99,3,3,3,-99,4,9,9
E12000007,London,E09000007,Camden,E09000007,Camden,E02000169,Frognal,-99,-99,-99,-99,-99,-99,-99,3,4,4,3,5,-99,-99,-99,-99,-99,-99,-99,-99,-99,-99,-99,-99,-99,-99,-99,-99,-99,-99,-99,4,5,-99,-99,6,6
E12000007,London,E09000007,Camden,E09000007,Camden,E02000170,Fortune Green,-99,-99,-99,-99,-99,-99,-99,-99,7,6,3,4,-99,3,-99,-99,-99,-99,-99,-99,-99,-99,-99,-99,-99,-99,-99,-99,-99,-99,-99,-99,-99,-99,7,4,4
E12000007,London,E09000007,Camden,E09000007,Camden,E02000171,Mansfield Road & Park Hill Road,-99,-99,-99,-99,-99,-99,-99,-99,4,8,3,-99,3,-99,-99,-99,-99,-99,-99,-99,-99,-99,-99,-99,-99,-99,-99,-99,-99,3,-99,-99,3,-99,-99,8,8
E12000007,London,E09000007,Camden,E09000007,Camden,E02000172,Kentish Town West,-99,-99,-99,-99,-99,-99,-99,-99,11,7,3,6,5,-99,-99,-99,-99,-99,-99,-99,-99,-99,-99,-99,-99,-99,-99,-99,-99,3,-99,-99,6,4,-99,6,6
E12000007,London,E09000007,Camden,E09000007,Camden,E02000173,Fitzjohns & Royal Free,-99,-99,-99,-99,-99,-99,-99,-99,-99,3,12,8,-99,-99,-99,-99,-99,-99,-99,-99,-99,-99,-99,-99,-99,-99,-99,-99,-99,-99,-99,-99,-99,-99,-99,4,4
E12000007,London,E09000007,Camden,E09000007,Camden,E02000174,Kentish Town East,-99,-99,-99,-99,-99,-99,-99,-99,5,4,-99,3,-99,-99,-99,-99,-99,-99,-99,-99,-99,-99,-99,-99,-99,-99,-99,-99,-99,4,-99,3,8,-99,-99,4,4
E12000007,London,E09000007,Camden,E09000007,Camden,E02000175,West Hampstead,-99,-99,-99,-99,-99,-99,4,-99,4,12,-99,7,-99,-99,-99,-99,-99,-99,-99,-99,-99,-99,-99,-99,-99,-99,-99,-99,-99,-99,4,-99,-99,-99,5,4,4
E12000007,London,E09000007,Camden,E09000007,Camden,E02000176,Belsize Park,-99,-99,-99,-99,-99,-99,-99,-99,-99,-99,5,-99,-99,-99,-99,-99,-99,-99,-99,-99,-99,-99,-99,-99,-99,-99,-99,-99,-99,-99,-99,-99,-99,-99,-99,-99,-99
E12000007,London,E09000007,Camden,E09000007,Camden,E02000177,Chalk Farm,-99,-99,-99,-99,-99,-99,-99,4,4,8,5,-99,-99,5,-99,-99,-99,-99,-99,-99,-99,-99,-99,-99,-99,-99,-99,-99,3,-99,-99,-99,4,7,-99,3,3
E12000007,London,E09000007,Camden,E09000007,Camden,E02000178,Kilburn Grange,-99,-99,-99,-99,-99,-99,-99,-99,7,6,6,-99,4,-99,3,-99,-99,-99,-99,-99,-99,-99,-99,-99,-99,-99,-99,-99,-99,-99,-99,-99,5,3,-99,4,4
E12000007,London,E09000007,Camden,E09000007,Camden,E02000179,Adelaide Road,-99,-99,-99,-99,-99,-99,-99,-99,5,3,5,-99,-99,4,-99,-99,-99,-99,-99,-99,-99,-99,-99,-99,-99,-99,-99,-99,-99,-99,3,-99,-99,3,-99,4,4
E12000007,London,E09000007,Camden,E09000007,Camden,E02000180,Camden Road South,-99,-99,-99,-99,-99,-99,-99,-99,3,5,3,-99,-99,-99,-99,-99,-99,-99,-99,-99,-99,-99,-99,-99,-99,-99,-99,-99,-99,-99,-99,-99,-99,-99,4,5,5
E12000007,London,E09000007,Camden,E09000007,Camden,E02000181,South Hampstead,-99,-99,-99,-99,-99,-99,-99,-99,5,6,4,5,-99,-99,-99,-99,-99,-99,-99,-99,-99,-99,-99,-99,-99,-99,-99,-99,-99,3,-99,-99,-99,4,3,4,4
E12000007,London,E09000007,Camden,E09000007,Camden,E02000182,Swiss Cottage,-99,-99,-99,-99,-99,-99,-99,-99,4,7,4,-99,-99,-99,-99,-99,-99,-99,-99,-99,-99,-99,-99,-99,-99,-99,-99,-99,-99,-99,6,5,3,-99,-99,-99,-99
E12000007,London,E09000007,Camden,E09000007,Camden,E02000183,Primrose Hill,-99,-99,-99,-99,-99,-99,-99,-99,4,5,-99,4,-99,-99,-99,-99,-99,-99,-99,-99,-99,-99,-99,-99,-99,-99,-99,-99,-99,-99,-99,-99,-99,-99,3,-99,-99
E12000007,London,E09000007,Camden,E09000007,Camden,E02000184,Camden Street & Elm Village,-99,-99,-99,-99,-99,-99,-99,3,4,3,3,-99,-99,-99,-99,-99,-99,-99,-99,-99,-99,-99,-99,-99,-99,-99,-99,-99,-99,-99,-99,3,5,4,-99,9,9
E12000007,London,E09000007,Camden,E09000007,Camden,E02000185,Kilburn East,-99,-99,-99,-99,-99,-99,-99,6,10,10,6,6,3,-99,-99,-99,-99,-99,-99,-99,-99,-99,-99,-99,-99,-99,-99,-99,-99,3,-99,-99,7,-99,3,10,10
E12000007,London,E09000007,Camden,E09000007,Camden,E02000186,Camden Town & Mornington Crescent,-99,-99,-99,-99,-99,-99,-99,3,-99,-99,-99,3,3,-99,-99,-99,-99,-99,-99,-99,-99,-99,-99,-99,-99,-99,-99,-99,-99,-99,-99,-99,3,3,-99,4,4
E12000007,London,E09000007,Camden,E09000007,Camden,E02000187,Somers Town,-99,-99,-99,-99,-99,-99,-99,5,6,-99,-99,6,-99,-99,-99,-99,3,-99,-99,-99,-99,-99,-99,-99,-99,-99,-99,-99,-99,-99,-99,-99,-99,4,8,4,4
E12000007,London,E09000007,Camden,E09000007,Camden,E02000188,Euston,-99,-99,-99,-99,-99,-99,-99,3,5,4,5,4,3,-99,-99,-99,-99,-99,-99,-99,-99,-99,-99,-99,-99,-99,-99,-99,-99,-99,-99,-99,-99,3,4,3,3
E12000007,London,E09000007,Camden,E09000007,Camden,E02000189,Gray's Inn Road,-99,-99,-99,-99,-99,-99,-99,-99,-99,-99,4,-99,-99,-99,-99,-99,-99,-99,-99,-99,-99,-99,-99,-99,-99,-99,-99,-99,-99,-99,-99,-99,-99,-99,-99,4,4
E12000007,London,E09000007,Camden,E09000007,Camden,E02000190,Bloomsbury East,-99,-99,-99,-99,-99,-99,-99,-99,-99,11,3,-99,-99,-99,-99,-99,-99,-99,-99,-99,-99,-99,-99,-99,-99,-99,-99,-99,-99,-99,-99,-99,-99,-99,4,6,6
E12000007,London,E09000007,Camden,E09000007,Camden,E02000191,Fitzrovia East & Bloomsbury West,-99,-99,-99,-99,-99,-99,-99,-99,3,3,8,3,-99,3,-99,-99,-99,-99,-99,-99,-99,-99,-99,-99,-99,-99,-99,-99,-99,-99,-99,-99,-99,-99,-99,8,8
E12000007,London,E09000007,Camden,E09000007,Camden,E02000192,Hatton Garden & Theobalds Road,-99,-99,-99,-99,-99,-99,-99,-99,7,6,3,-99,-99,3,-99,-99,-99,-99,-99,-99,-99,-99,-99,-99,-99,-99,-99,-99,-99,-99,-99,-99,-99,3,6,-99,-99
E12000007,London,E09000007,Camden,E09000007,Camden,E02000193,"Holborn, St Giles & Bloomsbury South",-99,-99,-99,-99,-99,-99,3,-99,-99,-99,-99,-99,-99,-99,3,-99,-99,-99,-99,-99,-99,-99,-99,-99,-99,-99,-99,-99,-99,-99,-99,-99,3,4,-99,4,4
E12000007,London,E09000008,Croydon,E09000008,Croydon,E02000194,Crystal Palace Triangle,-99,-99,-99,-99,-99,-99,-99,-99,4,10,7,5,-99,4,-99,-99,-99,-99,-99,-99,-99,-99,-99,-99,-99,-99,-99,-99,-99,-99,-99,-99,-99,-99,5,12,12
E12000007,London,E09000008,Croydon,E09000008,Croydon,E02000195,Upper Norwood,-99,-99,-99,-99,-99,-99,-99,4,9,11,5,3,-99,5,-99,-99,-99,-99,-99,-99,-99,-99,-99,-99,-99,-99,-99,-99,-99,-99,-99,6,-99,-99,-99,10,10
E12000007,London,E09000008,Croydon,E09000008,Croydon,E02000196,Norbury East,-99,-99,-99,-99,-99,-99,-99,3,7,14,7,10,-99,-99,-99,-99,-99,-99,-99,-99,-99,-99,-99,-99,-99,-99,-99,-99,-99,-99,-99,-99,3,3,-99,10,10
E12000007,London,E09000008,Croydon,E09000008,Croydon,E02000197,Norbury West,-99,-99,-99,-99,-99,-99,-99,6,11,5,5,3,5,3,-99,-99,-99,-99,-99,-99,-99,-99,-99,-99,-99,-99,-99,-99,-99,-99,-99,3,5,-99,6,12,12
E12000007,London,E09000008,Croydon,E09000008,Croydon,E02000198,Thornton Heath North West,-99,-99,-99,-99,-99,-99,5,-99,6,11,8,8,-99,-99,-99,-99,-99,-99,-99,-99,-99,-99,-99,-99,-99,-99,-99,-99,-99,-99,-99,-99,-99,-99,3,-99,-99
E12000007,London,E09000008,Croydon,E09000008,Croydon,E02000199,Thornton Heath North East,-99,-99,-99,-99,-99,-99,-99,-99,16,14,6,7,4,3,-99,-99,-99,-99,-99,-99,-99,-99,-99,-99,-99,-99,-99,-99,-99,-99,-99,-99,4,-99,4,8,8
E12000007,London,E09000008,Croydon,E09000008,Croydon,E02000200,South Norwood Hill,-99,-99,-99,-99,-99,-99,-99,4,5,6,5,-99,8,8,-99,-99,-99,-99,-99,-99,-99,-99,-99,-99,-99,-99,-99,-99,-99,-99,-99,-99,-99,-99,-99,5,5
E12000007,London,E09000008,Croydon,E09000008,Croydon,E02000201,South Norwood Central,-99,-99,-99,-99,-99,-99,-99,3,3,10,6,3,3,-99,-99,-99,-99,-99,-99,-99,-99,-99,-99,-99,-99,-99,-99,-99,-99,-99,-99,-99,3,-99,-99,5,5
E12000007,London,E09000008,Croydon,E09000008,Croydon,E02000202,Thornton Heath West,-99,-99,-99,-99,-99,-99,-99,4,4,10,5,4,-99,-99,-99,-99,-99,3,3,-99,-99,-99,-99,-99,-99,-99,-99,-99,-99,-99,-99,-99,-99,-99,-99,5,5
E12000007,London,E09000008,Croydon,E09000008,Croydon,E02000203,Thornton Heath Central,-99,-99,-99,-99,-99,-99,-99,4,11,11,11,6,6,7,-99,4,-99,-99,-99,-99,-99,-99,-99,-99,-99,-99,-99,-99,-99,-99,3,-99,-99,-99,-99,4,4
E12000007,London,E09000008,Croydon,E09000008,Croydon,E02000204,West Thornton North,-99,-99,-99,-99,-99,-99,-99,9,10,8,10,7,3,4,-99,-99,-99,-99,-99,-99,3,-99,-99,-99,-99,-99,-99,-99,-99,-99,-99,-99,-99,-99,3,-99,-99
E12000007,London,E09000008,Croydon,E09000008,Croydon,E02000206,Selhurst North,-99,-99,-99,-99,-99,-99,-99,-99,8,8,9,5,4,-99,-99,-99,-99,-99,-99,-99,-99,-99,-99,-99,-99,-99,-99,-99,-99,-99,-99,3,-99,6,7,8,8
E12000007,London,E09000008,Croydon,E09000008,Croydon,E02000207,Woodside & Ashburton,-99,-99,-99,-99,-99,-99,-99,3,4,4,6,7,4,3,-99,-99,-99,-99,-99,-99,-99,-99,-99,-99,-99,-99,-99,-99,5,-99,-99,-99,-99,-99,-99,3,3
E12000007,London,E09000008,Croydon,E09000008,Croydon,E02000208,University Hospital & Queen's Road,-99,-99,-99,-99,-99,-99,-99,4,8,23,11,8,4,5,-99,-99,-99,-99,-99,-99,-99,-99,-99,-99,-99,-99,-99,-99,-99,-99,-99,-99,-99,-99,6,11,11
E12000007,London,E09000008,Croydon,E09000008,Croydon,E02000209,West Thornton South & Ampere Way,-99,-99,-99,-99,-99,-99,-99,4,4,11,4,4,7,7,-99,-99,-99,-99,-99,3,-99,3,-99,-99,-99,-99,-99,-99,-99,-99,-99,6,-99,-99,-99,7,7
E12000007,London,E09000008,Croydon,E09000008,Croydon,E02000210,Addiscombe North,-99,-99,-99,-99,-99,-99,-99,-99,-99,-99,3,7,5,4,-99,-99,-99,-99,-99,-99,-99,-99,-99,-99,-99,-99,-99,-99,-99,-99,-99,-99,-99,-99,-99,3,3
E12000007,London,E09000008,Croydon,E09000008,Croydon,E02000211,Monks Orchard,-99,-99,-99,-99,-99,-99,-99,3,7,8,4,3,-99,-99,-99,-99,-99,-99,-99,-99,-99,-99,-99,-99,-99,-99,-99,-99,-99,-99,-99,-99,-99,-99,-99,8,8
E12000007,London,E09000008,Croydon,E09000008,Croydon,E02000212,Broad Green & Waddon Marsh,-99,-99,-99,-99,-99,-99,-99,-99,9,14,9,5,3,7,3,-99,-99,-99,-99,-99,-99,-99,-99,-99,-99,-99,-99,-99,-99,-99,-99,-99,-99,-99,-99,-99,-99
E12000007,London,E09000008,Croydon,E09000008,Croydon,E02000213,Selhurst South & West Croydon,-99,-99,-99,-99,-99,-99,3,7,5,17,10,25,18,4,4,-99,-99,-99,-99,-99,-99,-99,-99,-99,-99,-99,-99,-99,-99,-99,3,-99,3,4,9,14,14
E12000007,London,E09000008,Croydon,E09000008,Croydon,E02000214,Addiscombe East,-99,-99,-99,-99,-99,-99,-99,-99,4,7,5,3,-99,-99,-99,-99,-99,-99,-99,-99,-99,-99,-99,4,-99,-99,-99,-99,-99,-99,-99,-99,-99,-99,6,-99,-99
E12000007,London,E09000008,Croydon,E09000008,Croydon,E02000215,Addiscombe West,-99,-99,-99,-99,-99,-99,-99,8,10,11,9,8,3,7,3,-99,-99,-99,-99,-99,-99,-99,-99,-99,-99,-99,-99,-99,-99,4,3,3,-99,4,3,7,7
E12000007,London,E09000008,Croydon,E09000008,Croydon,E02000216,Park Hill & Lloyd Park,-99,-99,-99,-99,-99,-99,-99,-99,3,4,6,5,6,3,-99,-99,-99,-99,-99,-99,-99,-99,-99,-99,-99,-99,-99,-99,-99,-99,-99,-99,-99,-99,3,-99,-99
E12000007,London,E09000008,Croydon,E09000008,Croydon,E02000217,Croydon Minster & Waddon North,-99,-99,-99,-99,-99,-99,-99,3,5,11,8,5,3,3,-99,-99,-99,-99,-99,-99,-99,-99,-99,-99,-99,-99,-99,-99,-99,-99,-99,3,-99,-99,3,6,6
E12000007,London,E09000008,Croydon,E09000008,Croydon,E02000218,Shirley East,-99,-99,-99,-99,-99,-99,-99,-99,3,5,3,-99,-99,-99,-99,-99,-99,-99,-99,-99,-99,-99,-99,-99,-99,-99,-99,-99,-99,-99,-99,-99,-99,-99,3,7,7
E12000007,London,E09000008,Croydon,E09000008,Croydon,E02000219,Shirley West,-99,-99,-99,-99,-99,-99,4,4,-99,9,7,-99,-99,-99,-99,-99,-99,-99,-99,-99,-99,-99,-99,-99,-99,-99,-99,-99,-99,-99,-99,-99,-99,-99,-99,3,3
E12000007,London,E09000008,Croydon,E09000008,Croydon,E02000220,Central Croydon,-99,-99,-99,-99,-99,-99,-99,3,4,13,9,-99,5,18,6,6,6,-99,-99,-99,-99,-99,-99,-99,-99,-99,-99,-99,-99,-99,-99,-99,4,3,8,5,5
E12000007,London,E09000008,Croydon,E09000008,Croydon,E02000221,Waddon South,-99,-99,-99,-99,-99,-99,-99,4,11,13,14,4,5,4,-99,4,-99,-99,-99,-99,-99,-99,-99,-99,-99,-99,-99,-99,-99,-99,-99,-99,4,-99,-99,-99,-99
E12000007,London,E09000008,Croydon,E09000008,Croydon,E02000222,Croham,-99,-99,-99,-99,-99,-99,-99,-99,7,6,3,6,3,5,-99,-99,-99,-99,-99,-99,-99,-99,-99,-99,-99,-99,-99,-99,-99,-99,-99,4,-99,-99,-99,6,6
E12000007,London,E09000008,Croydon,E09000008,Croydon,E02000223,New Addington North,-99,-99,-99,-99,-99,-99,-99,-99,3,6,-99,6,6,-99,-99,-99,-99,-99,-99,-99,-99,-99,-99,-99,-99,-99,-99,-99,-99,-99,-99,-99,-99,3,-99,-99,-99
E12000007,London,E09000008,Croydon,E09000008,Croydon,E02000224,Purley North,-99,-99,-99,-99,-99,-99,-99,-99,-99,3,-99,6,3,-99,-99,-99,-99,-99,-99,-99,-99,-99,-99,-99,-99,-99,-99,-99,-99,-99,-99,5,3,3,3,7,7
E12000007,London,E09000008,Croydon,E09000008,Croydon,E02000225,New Addington Central,-99,-99,-99,-99,-99,-99,-99,3,-99,8,5,9,4,-99,-99,-99,-99,-99,-99,-99,-99,-99,-99,-99,-99,-99,-99,-99,-99,3,-99,-99,-99,-99,5,8,8
E12000007,London,E09000008,Croydon,E09000008,Croydon,E02000226,Selsdon,-99,-99,-99,-99,-99,-99,-99,4,3,3,5,3,-99,-99,-99,-99,-99,-99,-99,-99,-99,-99,-99,-99,-99,-99,-99,-99,-99,-99,-99,-99,-99,3,-99,-99,-99
E12000007,London,E09000008,Croydon,E09000008,Croydon,E02000227,Forestdale,-99,-99,-99,-99,-99,-99,-99,6,5,13,9,5,-99,-99,-99,-99,-99,-99,-99,-99,-99,-99,-99,-99,-99,-99,-99,-99,-99,-99,-99,-99,-99,-99,-99,3,3
E12000007,London,E09000008,Croydon,E09000008,Croydon,E02000228,Sanderstead,-99,-99,-99,-99,-99,-99,-99,-99,6,11,6,-99,-99,-99,-99,-99,-99,-99,-99,-99,-99,-99,-99,-99,-99,-99,-99,-99,-99,-99,3,-99,-99,-99,3,-99,-99
E12000007,London,E09000008,Croydon,E09000008,Croydon,E02000229,New Addington South,-99,-99,-99,-99,-99,-99,-99,-99,4,7,5,4,3,-99,-99,-99,-99,-99,-99,-99,-99,-99,-99,-99,-99,-99,-99,-99,-99,-99,-99,-99,-99,3,-99,6,6
E12000007,London,E09000008,Croydon,E09000008,Croydon,E02000230,Purley Central,-99,-99,-99,-99,-99,-99,-99,6,6,6,6,4,10,5,3,-99,-99,-99,-99,-99,-99,-99,-99,-99,-99,-99,-99,-99,-99,-99,-99,-99,-99,-99,-99,3,3
E12000007,London,E09000008,Croydon,E09000008,Croydon,E02000231,Woodcote,-99,-99,-99,-99,-99,-99,-99,-99,4,8,9,4,4,4,8,-99,6,-99,-99,-99,-99,-99,-99,-99,-99,-99,-99,-99,-99,-99,-99,-99,-99,3,5,10,10
E12000007,London,E09000008,Croydon,E09000008,Croydon,E02000232,Selsdon Park & Hamsey Green,-99,-99,-99,-99,-99,-99,-99,-99,4,-99,3,5,3,3,-99,-99,-99,-99,-99,-99,-99,-99,-99,-99,-99,-99,-99,-99,-99,-99,-99,-99,-99,-99,-99,6,6
E12000007,London,E09000008,Croydon,E09000008,Croydon,E02000233,Kenley North,-99,-99,-99,-99,-99,-99,-99,-99,-99,4,-99,4,4,-99,-99,-99,-99,-99,-99,-99,-99,-99,-99,-99,-99,-99,-99,-99,-99,-99,-99,5,-99,-99,-99,6,6
E12000007,London,E09000008,Croydon,E09000008,Croydon,E02000234,Coulsdon,-99,-99,-99,-99,-99,-99,-99,-99,-99,-99,7,11,9,8,-99,3,-99,-99,-99,-99,-99,-99,-99,-99,-99,-99,-99,-99,-99,-99,-99,3,-99,-99,5,5,5
E12000007,London,E09000008,Croydon,E09000008,Croydon,E02000235,Kenley South,-99,-99,-99,-99,-99,-99,-99,-99,-99,5,-99,4,-99,4,-99,-99,4,-99,5,-99,-99,-99,-99,-99,-99,-99,-99,-99,-99,-99,-99,-99,-99,-99,-99,-99,-99
E12000007,London,E09000008,Croydon,E09000008,Croydon,E02000236,Woodmansterne,-99,-99,-99,-99,-99,-99,-99,-99,4,7,7,-99,-99,4,-99,-99,-99,-99,-99,-99,-99,-99,-99,-99,-99,-99,-99,-99,-99,-99,-99,-99,-99,-99,-99,4,4
E12000007,London,E09000008,Croydon,E09000008,Croydon,E02000237,Old Coulsdon,-99,-99,-99,-99,-99,-99,-99,-99,-99,9,-99,4,6,-99,-99,-99,-99,-99,-99,-99,-99,-99,-99,-99,-99,-99,-99,-99,-99,-99,-99,-99,-99,-99,-99,4,4
E12000007,London,E09000009,Ealing,E09000009,Ealing,E02000238,Whitton Avenue West,-99,-99,-99,-99,-99,-99,-99,-99,5,7,3,3,3,3,-99,-99,-99,-99,-99,-99,-99,-99,-99,-99,-99,-99,-99,-99,-99,-99,-99,-99,-99,7,8,14,14
E12000007,London,E09000009,Ealing,E09000009,Ealing,E02000239,Horsenden,-99,-99,-99,-99,-99,-99,-99,3,-99,-99,9,-99,-99,4,-99,-99,3,-99,-99,-99,-99,-99,4,-99,-99,-99,-99,-99,-99,-99,-99,4,4,-99,8,3,3
E12000007,London,E09000009,Ealing,E09000009,Ealing,E02000240,Northolt West,-99,-99,-99,-99,-99,-99,-99,3,3,8,5,7,5,4,-99,-99,-99,-99,3,-99,-99,3,-99,-99,-99,-99,-99,-99,-99,-99,-99,-99,-99,-99,6,7,7
E12000007,London,E09000009,Ealing,E09000009,Ealing,E02000241,Northolt East,-99,-99,-99,-99,-99,-99,-99,3,-99,4,4,5,4,-99,-99,-99,-99,-99,-99,-99,-99,-99,-99,-99,-99,-99,-99,-99,-99,-99,-99,-99,-99,-99,-99,-99,-99
E12000007,London,E09000009,Ealing,E09000009,Ealing,E02000242,Bilton Road,-99,-99,-99,-99,-99,-99,-99,5,6,8,5,-99,4,-99,-99,-99,-99,-99,-99,-99,-99,-99,-99,-99,-99,-99,-99,-99,-99,3,-99,-99,4,-99,6,11,11
E12000007,London,E09000009,Ealing,E09000009,Ealing,E02000243,Greenford North,-99,-99,-99,-99,-99,-99,-99,4,3,-99,4,3,6,-99,-99,-99,-99,-99,3,-99,-99,-99,-99,-99,-99,3,-99,-99,-99,-99,-99,3,-99,-99,10,4,4
E12000007,London,E09000009,Ealing,E09000009,Ealing,E02000244,Perivale,-99,-99,-99,-99,-99,-99,-99,-99,5,4,5,-99,-99,-99,4,-99,-99,-99,-99,-99,-99,-99,-99,-99,-99,-99,-99,-99,-99,-99,-99,3,4,-99,5,4,4
E12000007,London,E09000009,Ealing,E09000009,Ealing,E02000245,Northolt South,-99,-99,-99,-99,-99,-99,-99,3,5,4,5,5,4,3,3,3,-99,-99,-99,-99,-99,-99,-99,-99,-99,-99,-99,-99,-99,-99,-99,-99,-99,-99,4,-99,-99
E12000007,London,E09000009,Ealing,E09000009,Ealing,E02000246,Kingshill Avenue,-99,-99,-99,-99,-99,-99,-99,4,5,5,9,3,-99,12,-99,-99,-99,-99,-99,-99,-99,-99,-99,-99,-99,-99,-99,-99,3,-99,-99,-99,3,-99,7,10,10
E12000007,London,E09000009,Ealing,E09000009,Ealing,E02000247,Greenford West,-99,-99,-99,-99,-99,-99,-99,4,6,4,9,10,8,6,5,17,3,-99,-99,-99,-99,-99,-99,-99,-99,-99,-99,-99,4,-99,-99,-99,4,-99,-99,12,12
E12000007,London,E09000009,Ealing,E09000009,Ealing,E02000248,Hanger Hill East,-99,-99,-99,-99,-99,-99,-99,-99,5,5,3,3,-99,-99,-99,-99,-99,-99,-99,-99,-99,-99,-99,-99,-99,-99,-99,-99,-99,-99,-99,-99,-99,-99,-99,5,5
E12000007,London,E09000009,Ealing,E09000009,Ealing,E02000249,Greenford South,-99,-99,-99,-99,-99,-99,3,-99,5,8,8,16,3,11,7,3,5,-99,-99,-99,-99,-99,-99,-99,-99,-99,-99,6,-99,-99,-99,-99,-99,-99,3,5,5
E12000007,London,E09000009,Ealing,E09000009,Ealing,E02000250,Pitshanger,-99,-99,-99,-99,-99,-99,-99,4,6,-99,-99,13,-99,-99,-99,-99,-99,-99,-99,-99,-99,-99,-99,-99,-99,-99,-99,-99,-99,-99,-99,-99,-99,-99,-99,8,8
E12000007,London,E09000009,Ealing,E09000009,Ealing,E02000251,Greenford Ravenor Park,-99,-99,-99,-99,-99,-99,-99,3,6,3,4,-99,7,-99,-99,4,-99,-99,4,-99,-99,-99,-99,-99,-99,-99,-99,-99,-99,-99,-99,-99,3,4,-99,4,4
E12000007,London,E09000009,Ealing,E09000009,Ealing,E02000252,North Acton,-99,-99,-99,-99,-99,-99,-99,-99,3,4,7,3,6,-99,-99,-99,3,-99,-99,-99,-99,-99,-99,-99,-99,-99,-99,-99,-99,-99,-99,-99,-99,4,5,10,10
E12000007,London,E09000009,Ealing,E09000009,Ealing,E02000253,Cuckoo Park,-99,-99,-99,-99,-99,-99,-99,-99,11,7,6,8,-99,-99,-99,-99,-99,-99,-99,-99,-99,-99,-99,-99,-99,-99,-99,-99,4,-99,-99,4,3,-99,10,6,6
E12000007,London,E09000009,Ealing,E09000009,Ealing,E02000254,Southall North,-99,-99,-99,-99,-99,-99,-99,6,9,8,4,6,-99,3,-99,6,-99,-99,-99,-99,-99,-99,-99,-99,-99,6,-99,-99,-99,-99,-99,-99,-99,5,-99,17,17
E12000007,London,E09000009,Ealing,E09000009,Ealing,E02000255,Drayton Green & Cleveland,-99,-99,-99,-99,-99,-99,3,-99,5,3,7,5,8,-99,3,-99,-99,-99,-99,-99,-99,-99,-99,-99,-99,-99,-99,-99,-99,3,-99,3,4,-99,5,15,15
E12000007,London,E09000009,Ealing,E09000009,Ealing,E02000256,Ealing Broadway West,-99,-99,-99,-99,-99,-99,-99,-99,5,4,3,-99,-99,3,-99,-99,-99,-99,-99,-99,-99,-99,-99,-99,-99,-99,-99,-99,-99,-99,5,3,-99,-99,5,8,8
E12000007,London,E09000009,Ealing,E09000009,Ealing,E02000257,Ealing Broadway East,-99,-99,-99,-99,-99,-99,-99,-99,8,3,6,9,-99,-99,-99,-99,-99,-99,-99,-99,-99,-99,-99,-99,-99,-99,-99,-99,-99,7,-99,3,5,5,-99,13,13
E12000007,London,E09000009,Ealing,E09000009,Ealing,E02000258,Acton Noel Road & Lunton Road,-99,-99,-99,-99,-99,-99,-99,-99,3,4,3,6,-99,-99,4,-99,-99,-99,-99,-99,-99,-99,-99,-99,-99,-99,-99,-99,-99,-99,-99,-99,-99,-99,-99,5,5
E12000007,London,E09000009,Ealing,E09000009,Ealing,E02000259,Brent Valley,-99,-99,-99,-99,-99,-99,-99,3,-99,3,7,3,4,5,-99,-99,-99,-99,-99,-99,-99,-99,-99,-99,-99,-99,-99,-99,-99,-99,-99,-99,-99,-99,3,5,5
E12000007,London,E09000009,Ealing,E09000009,Ealing,E02000260,Southall Park,-99,-99,-99,-99,-99,-99,-99,5,6,15,8,5,6,5,-99,-99,4,-99,-99,-99,-99,-99,-99,-99,-99,-99,-99,-99,-99,4,-99,-99,5,-99,4,11,11
E12000007,London,E09000009,Ealing,E09000009,Ealing,E02000261,East Acton,-99,-99,-99,-99,-99,-99,-99,3,8,9,12,6,10,5,-99,-99,-99,-99,-99,-99,-99,-99,-99,-99,-99,-99,-99,-99,-99,-99,-99,-99,6,-99,5,7,7
E12000007,London,E09000009,Ealing,E09000009,Ealing,E02000262,Acton Central,-99,-99,-99,-99,-99,-99,-99,-99,9,3,9,8,8,3,6,-99,-99,-99,-99,-99,-99,-99,-99,-99,-99,-99,-99,-99,-99,3,-99,-99,4,3,7,6,6
E12000007,London,E09000009,Ealing,E09000009,Ealing,E02000263,Southall West,-99,-99,-99,-99,-99,-99,-99,6,8,12,19,-99,9,8,3,-99,-99,4,-99,-99,-99,-99,-99,-99,-99,-99,-99,-99,3,-99,-99,7,9,-99,5,19,19
E12000007,London,E09000009,Ealing,E09000009,Ealing,E02000264,Ealing Common & Twyford Ave,-99,-99,-99,-99,-99,-99,-99,3,6,5,5,-99,-99,-99,-99,-99,-99,-99,-99,-99,-99,-99,-99,-99,-99,-99,-99,-99,3,3,-99,-99,-99,3,-99,6,6
E12000007,London,E09000009,Ealing,E09000009,Ealing,E02000265,West Ealing,-99,-99,-99,-99,-99,-99,-99,-99,5,6,3,-99,3,3,-99,5,-99,-99,3,-99,-99,-99,-99,-99,-99,-99,-99,-99,-99,3,5,-99,4,9,5,8,8
E12000007,London,E09000009,Ealing,E09000009,Ealing,E02000266,Norwood Green North & Windmill Park,-99,-99,-99,-99,-99,-99,-99,7,14,13,15,12,6,5,5,6,-99,-99,-99,-99,-99,-99,-99,-99,-99,-99,5,4,3,9,5,6,4,3,4,15,15
E12000007,London,E09000009,Ealing,E09000009,Ealing,E02000267,Hanwell,-99,-99,-99,-99,-99,-99,-99,-99,5,-99,5,5,-99,-99,-99,-99,-99,-99,-99,-99,-99,-99,-99,-99,-99,-99,-99,-99,-99,-99,-99,-99,-99,-99,5,3,3
E12000007,London,E09000009,Ealing,E09000009,Ealing,E02000268,St Mary's,-99,-99,-99,-99,-99,-99,-99,-99,-99,-99,3,-99,-99,-99,-99,-99,-99,-99,-99,-99,-99,-99,-99,-99,-99,-99,-99,-99,-99,-99,-99,-99,3,4,-99,11,11
E12000007,London,E09000009,Ealing,E09000009,Ealing,E02000269,Northfields,-99,-99,-99,-99,-99,-99,-99,3,-99,3,4,4,-99,-99,-99,9,-99,-99,-99,-99,-99,-99,-99,-99,-99,-99,-99,-99,-99,-99,-99,3,8,-99,7,9,9
E12000007,London,E09000009,Ealing,E09000009,Ealing,E02000270,South Acton,-99,-99,-99,-99,-99,-99,-99,-99,7,11,5,4,-99,5,-99,-99,-99,-99,-99,-99,-99,-99,-99,-99,-99,-99,-99,-99,-99,-99,-99,-99,-99,-99,5,-99,-99
E12000007,London,E09000009,Ealing,E09000009,Ealing,E02000271,Bedford Park,-99,-99,-99,-99,-99,-99,-99,-99,-99,3,4,-99,-99,-99,-99,-99,-99,-99,-99,-99,-99,-99,-99,-99,-99,-99,-99,-99,-99,-99,-99,-99,3,-99,3,4,4
E12000007,London,E09000009,Ealing,E09000009,Ealing,E02000272,Elthorne Park,-99,-99,-99,-99,-99,-99,-99,-99,3,-99,-99,-99,-99,4,-99,-99,-99,-99,-99,-99,-99,-99,-99,-99,-99,-99,-99,3,-99,-99,-99,-99,-99,-99,5,12,12
E12000007,London,E09000009,Ealing,E09000009,Ealing,E02000274,Southall Green,-99,-99,-99,-99,-99,-99,-99,5,8,10,11,10,6,5,4,-99,-99,-99,-99,-99,-99,-99,-99,-99,-99,-99,-99,-99,6,12,5,3,4,17,24,15,15
E12000007,London,E09000009,Ealing,E09000009,Ealing,E02000275,Norwood Green South,-99,-99,-99,-99,-99,-99,-99,-99,6,4,12,9,4,4,3,-99,-99,-99,-99,-99,-99,-99,-99,-99,-99,-99,-99,4,-99,-99,-99,3,-99,4,3,14,14
E12000007,London,E09000009,Ealing,E09000009,Ealing,E02000276,South Ealing,-99,-99,-99,-99,-99,-99,-99,3,-99,3,-99,-99,-99,-99,-99,-99,-99,-99,-99,-99,-99,-99,-99,-99,-99,-99,-99,-99,-99,-99,-99,-99,-99,4,3,3,3
E12000007,London,E09000010,Enfield,E09000010,Enfield,E02000277,Bullsmoor & Freezywater,-99,-99,-99,-99,-99,-99,-99,-99,-99,-99,3,-99,-99,4,-99,3,-99,-99,-99,-99,-99,-99,-99,-99,-99,-99,-99,-99,-99,-99,-99,-99,3,-99,-99,-99,-99
E12000007,London,E09000010,Enfield,E09000010,Enfield,E02000278,Turkey Street,-99,-99,-99,-99,-99,-99,-99,-99,4,3,3,7,-99,3,-99,-99,-99,-99,-99,-99,-99,-99,-99,-99,-99,-99,-99,-99,-99,5,-99,3,3,3,7,12,12
E12000007,London,E09000010,Enfield,E09000010,Enfield,E02000279,Enfield Lock,-99,-99,-99,-99,-99,-99,-99,4,3,5,4,-99,-99,-99,-99,-99,-99,-99,-99,-99,-99,-99,-99,-99,-99,-99,-99,-99,-99,-99,-99,9,5,4,7,-99,-99
E12000007,London,E09000010,Enfield,E09000010,Enfield,E02000280,Chase & Crews Hill,-99,-99,-99,-99,-99,-99,-99,-99,4,7,-99,5,5,-99,-99,-99,-99,-99,-99,-99,-99,-99,-99,-99,-99,-99,-99,-99,-99,-99,3,-99,-99,-99,-99,3,3
E12000007,London,E09000010,Enfield,E09000010,Enfield,E02000281,Carterhatch & Forty Hall,-99,-99,-99,-99,-99,-99,-99,3,4,3,5,3,7,4,-99,8,-99,-99,-99,-99,-99,-99,-99,-99,-99,-99,-99,-99,-99,-99,-99,3,-99,-99,4,6,6
E12000007,London,E09000010,Enfield,E09000010,Enfield,E02000282,Enfield Wash,-99,-99,-99,-99,-99,-99,-99,-99,-99,6,13,3,3,-99,-99,-99,-99,-99,-99,-99,-99,-99,-99,-99,-99,-99,-99,-99,-99,-99,-99,-99,5,5,6,8,8
E12000007,London,E09000010,Enfield,E09000010,Enfield,E02000283,Brimsdown Avenue,-99,-99,-99,-99,-99,-99,-99,-99,-99,-99,3,-99,-99,-99,-99,-99,-99,-99,-99,-99,-99,-99,-99,-99,-99,-99,-99,-99,-99,-99,-99,-99,3,-99,6,6,6
E12000007,London,E09000010,Enfield,E09000010,Enfield,E02000284,Chase Side,-99,-99,-99,-99,-99,-99,-99,3,3,6,5,-99,-99,-99,-99,-99,-99,-99,-99,-99,-99,-99,-99,-99,-99,-99,-99,-99,-99,-99,-99,-99,-99,-99,6,6,6
E12000007,London,E09000010,Enfield,E09000010,Enfield,E02000285,Enfield Town North,-99,-99,-99,-99,-99,-99,-99,-99,-99,4,4,-99,-99,-99,-99,-99,-99,-99,-99,-99,-99,-99,-99,-99,-99,-99,-99,-99,-99,-99,-99,-99,-99,-99,-99,3,3
E12000007,London,E09000010,Enfield,E09000010,Enfield,E02000286,Chase Farm & The Ridgeway,-99,-99,-99,-99,-99,-99,-99,3,4,7,8,16,-99,5,-99,-99,-99,-99,-99,-99,-99,-99,-99,-99,-99,-99,-99,-99,-99,-99,-99,-99,3,-99,-99,6,6
E12000007,London,E09000010,Enfield,E09000010,Enfield,E02000287,Cockfosters & Hadley Wood,-99,-99,-99,-99,-99,-99,-99,-99,-99,7,4,-99,-99,-99,-99,-99,-99,-99,-99,-99,-99,-99,-99,-99,-99,-99,-99,-99,-99,6,-99,-99,-99,-99,4,14,14
E12000007,London,E09000010,Enfield,E09000010,Enfield,E02000288,Southbury East,-99,-99,-99,-99,-99,-99,-99,-99,4,5,4,5,7,-99,-99,-99,-99,-99,-99,-99,-99,-99,-99,-99,-99,-99,-99,-99,-99,-99,-99,-99,-99,-99,-99,7,7
E12000007,London,E09000010,Enfield,E09000010,Enfield,E02000289,World's End,-99,-99,-99,-99,-99,-99,-99,-99,3,3,3,4,-99,-99,3,-99,-99,-99,-99,-99,-99,-99,-99,-99,-99,-99,-99,-99,-99,-99,-99,-99,-99,-99,5,7,7
E12000007,London,E09000010,Enfield,E09000010,Enfield,E02000290,Brimsdown & Ponders End,-99,-99,-99,-99,-99,-99,-99,-99,-99,-99,7,-99,-99,-99,-99,-99,-99,-99,-99,-99,-99,-99,-99,-99,-99,-99,-99,-99,-99,-99,-99,-99,-99,-99,-99,3,3
E12000007,London,E09000010,Enfield,E09000010,Enfield,E02000291,Enfield Town South & Bush Hill Park,-99,-99,-99,-99,-99,-99,-99,4,3,4,3,14,25,-99,-99,-99,-99,-99,-99,-99,-99,-99,-99,-99,-99,-99,-99,-99,-99,-99,3,-99,6,3,-99,8,8
E12000007,London,E09000010,Enfield,E09000010,Enfield,E02000292,Southbury West,-99,-99,-99,-99,-99,-99,-99,-99,5,4,4,3,7,-99,-99,-99,-99,-99,-99,-99,-99,-99,-99,-99,-99,-99,-99,-99,-99,-99,-99,6,-99,7,11,5,5
E12000007,London,E09000010,Enfield,E09000010,Enfield,E02000293,Grange Park,-99,-99,-99,-99,-99,-99,-99,-99,4,3,3,-99,-99,-99,-99,-99,-99,-99,-99,-99,-99,-99,-99,-99,-99,-99,-99,-99,-99,-99,-99,-99,-99,4,9,7,7
E12000007,London,E09000010,Enfield,E09000010,Enfield,E02000294,Ponders End South,-99,-99,-99,-99,-99,-99,-99,-99,6,-99,6,3,24,8,-99,-99,-99,-99,-99,-99,-99,-99,-99,-99,-99,-99,-99,-99,-99,-99,-99,-99,5,-99,6,13,13
E12000007,London,E09000010,Enfield,E09000010,Enfield,E02000295,Oakwood Park & Highlands,-99,-99,-99,-99,-99,-99,-99,3,-99,4,-99,-99,-99,3,-99,-99,-99,-99,-99,-99,-99,-99,-99,-99,-99,-99,-99,-99,-99,-99,-99,-99,-99,-99,-99,4,4
E12000007,London,E09000010,Enfield,E09000010,Enfield,E02000296,Southgate,-99,-99,-99,-99,-99,-99,-99,3,8,8,8,23,-99,3,3,-99,4,-99,-99,-99,-99,-99,-99,-99,-99,-99,-99,-99,-99,-99,3,-99,-99,-99,4,5,5
E12000007,London,E09000010,Enfield,E09000010,Enfield,E02000297,Bury Street West & Village Road,-99,-99,-99,-99,-99,-99,-99,3,5,7,-99,-99,-99,-99,-99,-99,-99,-99,-99,-99,-99,-99,-99,-99,-99,-99,3,4,-99,-99,-99,-99,3,9,3,7,7
E12000007,London,E09000010,Enfield,E09000010,Enfield,E02000298,Winchmore Hill,-99,-99,-99,-99,-99,-99,-99,3,-99,4,5,6,6,-99,-99,-99,-99,-99,-99,-99,-99,-99,-99,-99,-99,-99,-99,-99,-99,-99,-99,-99,4,-99,-99,7,7
E12000007,London,E09000010,Enfield,E09000010,Enfield,E02000299,Lower Edmonton North,-99,-99,-99,-99,-99,-99,-99,4,-99,-99,10,3,6,5,-99,-99,-99,-99,-99,-99,-99,-99,-99,-99,-99,-99,-99,-99,-99,-99,3,-99,-99,4,6,4,4
E12000007,London,E09000010,Enfield,E09000010,Enfield,E02000300,Haslebury North,-99,-99,-99,-99,-99,-99,-99,4,7,6,11,3,5,-99,-99,-99,-99,-99,-99,-99,-99,-99,-99,-99,-99,-99,-99,-99,-99,3,-99,5,4,-99,3,4,4
E12000007,London,E09000010,Enfield,E09000010,Enfield,E02000301,Lower Edmonton South,-99,-99,-99,-99,-99,-99,-99,-99,3,-99,5,3,3,5,-99,-99,-99,-99,-99,-99,-99,-99,-99,-99,-99,-99,-99,-99,-99,-99,4,-99,3,-99,4,6,6
E12000007,London,E09000010,Enfield,E09000010,Enfield,E02000302,Palmers Green East,-99,-99,-99,-99,-99,-99,-99,-99,4,-99,7,-99,-99,-99,-99,-99,-99,-99,-99,-99,-99,-99,-99,-99,-99,-99,-99,-99,-99,-99,-99,-99,-99,5,3,8,8
E12000007,London,E09000010,Enfield,E09000010,Enfield,E02000303,Haslebury South,-99,-99,-99,-99,-99,-99,-99,-99,3,7,6,8,7,-99,-99,-99,-99,-99,-99,-99,-99,-99,-99,-99,-99,-99,-99,-99,-99,-99,-99,-99,-99,5,-99,4,4
E12000007,London,E09000010,Enfield,E09000010,Enfield,E02000304,Southgate Green,-99,-99,-99,-99,-99,-99,3,-99,3,3,6,5,13,3,3,-99,-99,-99,-99,-99,-99,-99,-99,-99,-99,-99,-99,-99,-99,-99,-99,-99,5,-99,3,10,10
E12000007,London,E09000010,Enfield,E09000010,Enfield,E02000305,Palmers Green West,-99,-99,-99,-99,-99,-99,-99,-99,3,4,-99,12,6,-99,-99,-99,-99,-99,-99,-99,-99,-99,-99,-99,-99,-99,-99,-99,4,3,-99,-99,-99,-99,3,7,7
E12000007,London,E09000010,Enfield,E09000010,Enfield,E02000306,Edmonton Green,-99,-99,-99,-99,-99,-99,-99,5,3,8,8,3,4,-99,-99,-99,-99,-99,-99,-99,-99,-99,-99,-99,-99,-99,-99,-99,-99,-99,-99,4,-99,5,4,4,4
E12000007,London,E09000010,Enfield,E09000010,Enfield,E02000307,Tatem Park,-99,-99,-99,-99,-99,-99,-99,3,3,4,6,-99,6,-99,-99,-99,-99,-99,-99,-99,-99,-99,-99,-99,3,-99,4,-99,3,-99,-99,-99,3,7,3,7,7
E12000007,London,E09000010,Enfield,E09000010,Enfield,E02000308,New Southgate & Arnos Grove,-99,-99,-99,-99,-99,-99,-99,-99,3,6,-99,-99,3,-99,-99,-99,-99,-99,-99,-99,-99,-99,-99,-99,-99,-99,-99,-99,-99,-99,-99,8,4,-99,7,-99,-99
E12000007,London,E09000010,Enfield,E09000010,Enfield,E02000309,Upper Edmonton East & Meridian Water,-99,-99,-99,-99,-99,-99,-99,5,7,10,8,4,4,4,-99,-99,3,-99,-99,-99,-99,-99,-99,-99,-99,-99,-99,-99,-99,3,-99,4,3,-99,-99,7,7
E12000007,London,E09000010,Enfield,E09000010,Enfield,E02000311,Bowes,-99,-99,-99,-99,-99,-99,-99,-99,3,5,9,5,-99,-99,-99,-99,-99,-99,-99,-99,-99,-99,-99,-99,-99,-99,-99,-99,-99,3,-99,-99,-99,3,-99,10,10
E12000007,London,E09000010,Enfield,E09000010,Enfield,E02000312,Broomfield Park,-99,-99,-99,-99,-99,-99,-99,5,5,6,6,-99,8,3,-99,-99,-99,-99,-99,-99,-99,-99,-99,-99,-99,-99,-99,-99,-99,-99,-99,7,6,-99,4,10,10
E12000007,London,E09000011,Greenwich,E09000011,Greenwich,E02000313,Thamesmead Birchmere Park,-99,-99,-99,-99,-99,-99,-99,-99,-99,5,4,-99,3,-99,-99,-99,-99,-99,-99,-99,-99,-99,-99,-99,-99,-99,-99,-99,-99,-99,-99,-99,-99,-99,-99,6,6
E12000007,London,E09000011,Greenwich,E09000011,Greenwich,E02000314,West Thamesmead,-99,-99,-99,-99,-99,-99,-99,8,12,14,14,9,4,-99,5,-99,5,-99,-99,-99,-99,3,-99,-99,-99,-99,-99,-99,-99,-99,-99,-99,5,3,6,11,11
E12000007,London,E09000011,Greenwich,E09000011,Greenwich,E02000315,Abbey Wood North,-99,-99,-99,-99,-99,-99,-99,3,-99,7,7,7,5,-99,-99,-99,3,-99,-99,-99,-99,-99,-99,-99,-99,-99,-99,-99,-99,-99,-99,-99,-99,-99,3,9,9
E12000007,London,E09000011,Greenwich,E09000011,Greenwich,E02000316,"Woolwich Dockyard, Arsenal & Charlton Riverside",-99,-99,-99,-99,-99,-99,-99,5,4,-99,6,-99,-99,-99,-99,-99,-99,-99,-99,-99,-99,-99,-99,-99,-99,-99,-99,-99,-99,-99,-99,4,-99,-99,7,5,5
E12000007,London,E09000011,Greenwich,E09000011,Greenwich,E02000317,Woolwich West,-99,-99,-99,-99,-99,-99,-99,4,5,8,-99,3,-99,-99,-99,3,-99,-99,-99,-99,-99,-99,-99,-99,-99,-99,-99,-99,-99,-99,-99,-99,-99,-99,3,-99,-99
E12000007,London,E09000011,Greenwich,E09000011,Greenwich,E02000318,Plumstead High Street,-99,-99,-99,-99,-99,-99,-99,-99,-99,6,7,3,-99,3,-99,-99,-99,-99,-99,3,-99,-99,-99,-99,-99,-99,-99,-99,-99,-99,3,-99,-99,-99,3,-99,-99
E12000007,London,E09000011,Greenwich,E09000011,Greenwich,E02000319,Plumstead Common & Riverside,-99,-99,-99,-99,-99,-99,-99,6,-99,4,6,-99,4,5,-99,3,-99,-99,-99,-99,-99,-99,-99,-99,-99,-99,-99,-99,-99,-99,-99,-99,-99,-99,-99,3,3
E12000007,London,E09000011,Greenwich,E09000011,Greenwich,E02000320,Abbey Wood South,-99,-99,-99,-99,-99,-99,-99,-99,6,8,-99,-99,-99,-99,4,-99,-99,-99,-99,-99,-99,-99,-99,-99,-99,-99,-99,-99,-99,-99,-99,-99,-99,3,-99,6,6
E12000007,London,E09000011,Greenwich,E09000011,Greenwich,E02000321,Woolwich Glyndon,-99,-99,-99,-99,-99,-99,-99,-99,3,7,5,-99,3,-99,-99,-99,-99,-99,-99,-99,-99,-99,-99,-99,-99,-99,-99,-99,-99,-99,-99,3,5,-99,-99,4,4
E12000007,London,E09000011,Greenwich,E09000011,Greenwich,E02000323,Woolwich South,-99,-99,-99,-99,-99,-99,-99,5,5,9,8,4,7,5,-99,4,-99,-99,-99,-99,-99,-99,-99,-99,-99,-99,-99,-99,-99,-99,-99,-99,-99,-99,10,6,6
E12000007,London,E09000011,Greenwich,E09000011,Greenwich,E02000324,Charlton Village,-99,-99,-99,-99,-99,-99,-99,-99,-99,6,10,-99,3,3,-99,-99,-99,3,-99,-99,-99,-99,-99,-99,-99,-99,-99,-99,-99,-99,3,-99,4,-99,-99,-99,-99
E12000007,London,E09000011,Greenwich,E09000011,Greenwich,E02000326,Charlton Slopes,-99,-99,-99,-99,-99,-99,-99,3,-99,5,-99,3,-99,3,-99,-99,-99,-99,-99,-99,-99,-99,-99,-99,-99,-99,-99,-99,-99,-99,-99,-99,-99,-99,-99,4,4
E12000007,London,E09000011,Greenwich,E09000011,Greenwich,E02000327,Woolwich Common,-99,-99,-99,-99,-99,-99,-99,-99,-99,7,9,5,4,3,4,-99,-99,-99,-99,-99,-99,-99,-99,-99,-99,-99,-99,-99,-99,-99,-99,-99,-99,-99,-99,-99,-99
E12000007,London,E09000011,Greenwich,E09000011,Greenwich,E02000328,Westcombe Park & Maze Hill,-99,-99,-99,-99,-99,-99,-99,-99,4,5,6,13,-99,-99,-99,-99,-99,-99,-99,-99,-99,-99,-99,-99,-99,-99,-99,-99,-99,-99,-99,-99,-99,3,-99,5,5
E12000007,London,E09000011,Greenwich,E09000011,Greenwich,E02000329,Plumstead South,-99,-99,-99,-99,-99,-99,-99,4,-99,-99,-99,-99,4,-99,-99,-99,-99,-99,-99,-99,-99,-99,-99,-99,-99,-99,-99,-99,-99,-99,-99,-99,-99,-99,-99,-99,-99
E12000007,London,E09000011,Greenwich,E09000011,Greenwich,E02000331,Hornfair Park,-99,-99,-99,-99,-99,-99,-99,-99,5,8,5,4,6,4,-99,-99,-99,-99,-99,-99,-99,-99,-99,-99,-99,-99,-99,-99,-99,-99,-99,-99,3,-99,5,8,8
E12000007,London,E09000011,Greenwich,E09000011,Greenwich,E02000332,Shooters Hill,-99,-99,-99,-99,-99,-99,-99,-99,-99,5,-99,4,-99,-99,3,-99,-99,-99,-99,-99,-99,-99,-99,-99,-99,-99,-99,-99,-99,-99,-99,-99,-99,-99,10,-99,-99
E12000007,London,E09000011,Greenwich,E09000011,Greenwich,E02000333,Blackheath Standard & Village,-99,-99,-99,-99,-99,-99,-99,-99,4,3,-99,-99,-99,-99,-99,-99,-99,-99,-99,-99,-99,-99,-99,-99,-99,-99,-99,-99,-99,-99,-99,-99,6,-99,-99,5,5
E12000007,London,E09000011,Greenwich,E09000011,Greenwich,E02000334,Kidbrooke North,-99,-99,-99,-99,-99,-99,3,-99,5,5,3,3,-99,-99,-99,-99,-99,-99,-99,-99,-99,-99,-99,-99,-99,-99,-99,-99,-99,-99,-99,-99,-99,-99,-99,3,3
E12000007,London,E09000011,Greenwich,E09000011,Greenwich,E02000335,Eltham North,-99,-99,-99,-99,-99,-99,-99,-99,-99,-99,4,-99,-99,3,-99,-99,-99,-99,-99,-99,-99,-99,-99,-99,-99,3,-99,-99,-99,-99,-99,-99,-99,-99,-99,-99,-99
E12000007,London,E09000011,Greenwich,E09000011,Greenwich,E02000337,Eltham West,-99,-99,-99,-99,-99,-99,-99,-99,5,7,-99,-99,-99,4,4,-99,-99,-99,-99,-99,-99,-99,-99,-99,-99,4,-99,-99,-99,-99,-99,-99,-99,-99,3,4,4
E12000007,London,E09000011,Greenwich,E09000011,Greenwich,E02000339,Eltham Park,-99,-99,-99,-99,-99,-99,-99,-99,3,4,7,-99,3,-99,-99,-99,-99,-99,-99,-99,-99,-99,-99,-99,-99,-99,-99,-99,-99,-99,-99,-99,-99,-99,-99,3,3
E12000007,London,E09000011,Greenwich,E09000011,Greenwich,E02000340,Eltham South,-99,-99,-99,-99,-99,-99,-99,-99,-99,4,-99,-99,5,4,-99,-99,-99,-99,-99,-99,-99,-99,-99,-99,-99,-99,-99,-99,-99,-99,-99,-99,-99,-99,-99,-99,-99
E12000007,London,E09000011,Greenwich,E09000011,Greenwich,E02000341,Middlepark & Horn Park,-99,-99,-99,-99,-99,-99,-99,-99,4,5,3,3,-99,3,3,-99,-99,-99,-99,-99,-99,-99,-99,-99,-99,-99,-99,-99,-99,-99,-99,4,-99,-99,-99,-99,-99
E12000007,London,E09000011,Greenwich,E09000011,Greenwich,E02000342,Avery Hill,-99,-99,-99,-99,-99,-99,-99,-99,-99,5,-99,-99,-99,-99,-99,-99,-99,-99,-99,-99,-99,-99,-99,-99,-99,-99,-99,-99,-99,-99,-99,-99,-99,-99,-99,5,5
E12000007,London,E09000011,Greenwich,E09000011,Greenwich,E02000343,Mottingham East,-99,-99,-99,-99,-99,-99,-99,-99,3,4,7,-99,-99,-99,-99,3,-99,-99,-99,-99,-99,-99,-99,-99,-99,-99,-99,-99,-99,-99,-99,-99,-99,-99,-99,-99,-99
E12000007,London,E09000011,Greenwich,E09000011,Greenwich,E02000344,New Eltham,-99,-99,-99,-99,-99,-99,-99,4,-99,4,-99,5,3,-99,-99,-99,-99,-99,-99,-99,-99,-99,-99,-99,-99,-99,-99,-99,-99,-99,-99,-99,3,-99,-99,5,5
E12000007,London,E09000012,Hackney,E09000012,Hackney,E02000345,Stamford Hill North,-99,-99,-99,-99,-99,-99,-99,-99,11,6,7,-99,3,-99,-99,-99,-99,-99,-99,-99,-99,-99,7,5,6,13,8,11,5,12,-99,-99,-99,3,17,33,33
E12000007,London,E09000012,Hackney,E09000012,Hackney,E02000346,Woodberry Down & Manor House,-99,-99,-99,-99,-99,-99,-99,-99,5,6,3,-99,-99,5,-99,-99,-99,-99,-99,-99,-99,-99,-99,-99,-99,-99,-99,-99,-99,-99,-99,-99,-99,3,-99,-99,-99
E12000007,London,E09000012,Hackney,E09000012,Hackney,E02000347,Stamford Hill West,-99,-99,-99,-99,-99,-99,-99,-99,5,11,4,5,4,-99,-99,-99,-99,-99,-99,-99,-99,-99,3,-99,9,10,10,-99,-99,10,6,-99,-99,5,9,14,14
E12000007,London,E09000012,Hackney,E09000012,Hackney,E02000348,Stamford Hill South,-99,-99,-99,-99,-99,-99,-99,-99,4,11,8,3,-99,-99,-99,-99,-99,-99,-99,-99,-99,-99,-99,-99,6,4,4,6,6,7,4,-99,12,-99,10,10,10
E12000007,London,E09000012,Hackney,E09000012,Hackney,E02000350,Stoke Newington East & Cazenove,-99,-99,-99,-99,-99,-99,-99,3,5,11,4,-99,-99,3,-99,-99,6,-99,-99,-99,-99,-99,-99,-99,7,6,4,4,3,6,-99,-99,4,-99,10,12,12
E12000007,London,E09000012,Hackney,E09000012,Hackney,E02000351,Brownswood,-99,-99,-99,-99,-99,-99,-99,-99,-99,4,-99,-99,-99,-99,-99,-99,-99,-99,-99,-99,-99,-99,-99,-99,-99,-99,-99,4,-99,-99,-99,-99,3,-99,5,-99,-99
E12000007,London,E09000012,Hackney,E09000012,Hackney,E02000352,Clissold North,-99,-99,-99,-99,-99,-99,-99,4,5,5,3,3,-99,4,-99,-99,-99,-99,-99,-99,-99,-99,-99,-99,-99,3,4,3,5,3,-99,-99,-99,-99,4,9,9
E12000007,London,E09000012,Hackney,E09000012,Hackney,E02000353,Stoke Newington North,-99,-99,-99,-99,-99,-99,3,-99,-99,-99,-99,-99,-99,-99,-99,-99,-99,-99,-99,-99,-99,-99,-99,-99,-99,-99,-99,-99,-99,-99,-99,-99,-99,-99,5,8,8
E12000007,London,E09000012,Hackney,E09000012,Hackney,E02000354,Hackney Downs,-99,-99,-99,-99,-99,-99,-99,-99,5,3,5,-99,-99,-99,3,-99,-99,-99,-99,-99,-99,-99,-99,-99,6,-99,4,-99,-99,-99,-99,-99,3,-99,7,8,8
E12000007,London,E09000012,Hackney,E09000012,Hackney,E02000355,Lower Clapton,-99,-99,-99,-99,-99,-99,-99,3,4,7,4,-99,-99,4,-99,-99,-99,-99,-99,-99,-99,-99,-99,-99,-99,-99,-99,-99,-99,-99,-99,-99,-99,-99,5,10,10
E12000007,London,E09000012,Hackney,E09000012,Hackney,E02000356,Clissold South,-99,-99,-99,-99,-99,-99,-99,3,3,3,-99,-99,-99,-99,-99,-99,-99,-99,-99,-99,-99,-99,-99,-99,-99,-99,-99,-99,-99,-99,3,-99,5,5,8,5,5
E12000007,London,E09000012,Hackney,E09000012,Hackney,E02000357,Hackney Marshes,-99,-99,-99,-99,-99,-99,-99,-99,4,6,7,-99,3,-99,-99,-99,-99,-99,-99,-99,-99,-99,-99,-99,-99,-99,-99,-99,-99,-99,-99,-99,-99,-99,-99,4,4
E12000007,London,E09000012,Hackney,E09000012,Hackney,E02000358,Stoke Newington South,-99,-99,-99,-99,-99,-99,-99,-99,6,10,4,3,-99,-99,-99,-99,-99,-99,-99,-99,-99,-99,-99,-99,-99,-99,-99,-99,-99,-99,5,6,-99,5,8,11,11
E12000007,London,E09000012,Hackney,E09000012,Hackney,E02000359,Homerton North,-99,-99,-99,-99,-99,-99,-99,-99,5,6,4,-99,-99,4,-99,-99,-99,-99,-99,-99,-99,-99,-99,-99,-99,-99,-99,-99,-99,-99,-99,-99,3,4,6,3,3
E12000007,London,E09000012,Hackney,E09000012,Hackney,E02000360,Amhurst Road & Pembury Estate,-99,-99,-99,-99,-99,-99,-99,3,-99,12,8,-99,-99,-99,-99,-99,-99,-99,-99,-99,-99,-99,-99,-99,-99,-99,-99,-99,-99,4,-99,3,-99,-99,6,6,6
E12000007,London,E09000012,Hackney,E09000012,Hackney,E02000361,Hackney Central,-99,-99,-99,-99,-99,-99,-99,-99,7,-99,-99,-99,-99,-99,-99,-99,-99,-99,-99,-99,-99,-99,-99,-99,-99,-99,-99,-99,-99,4,4,-99,-99,4,-99,6,6
E12000007,London,E09000012,Hackney,E09000012,Hackney,E02000362,Hackney Wick,-99,-99,-99,-99,-99,-99,-99,3,4,5,3,-99,-99,-99,4,-99,-99,-99,-99,-99,-99,-99,-99,-99,-99,-99,-99,-99,-99,-99,-99,-99,3,-99,-99,-99,-99
E12000007,London,E09000012,Hackney,E09000012,Hackney,E02000363,Homerton South,-99,-99,-99,-99,-99,-99,-99,-99,4,11,4,4,4,4,-99,-99,-99,3,-99,-99,-99,-99,-99,-99,-99,-99,-99,-99,-99,-99,4,3,-99,6,5,15,15
E12000007,London,E09000012,Hackney,E09000012,Hackney,E02000364,Dalston East,-99,-99,-99,-99,-99,-99,-99,4,-99,12,5,-99,3,-99,-99,-99,-99,-99,-99,-99,-99,-99,-99,-99,-99,-99,-99,-99,4,-99,-99,3,-99,5,4,10,10
E12000007,London,E09000012,Hackney,E09000012,Hackney,E02000365,Dalston Kingsland & De Beauvoir,-99,-99,-99,-99,-99,-99,3,-99,5,4,6,-99,4,-99,3,-99,-99,-99,-99,-99,-99,-99,-99,-99,-99,-99,-99,-99,-99,-99,-99,5,5,-99,3,14,14
E12000007,London,E09000012,Hackney,E09000012,Hackney,E02000366,South Hackney,-99,-99,-99,-99,-99,-99,-99,-99,6,7,4,-99,-99,-99,-99,-99,-99,-99,-99,-99,-99,-99,3,-99,-99,-99,-99,-99,-99,-99,3,-99,5,-99,3,4,4
E12000007,London,E09000012,Hackney,E09000012,Hackney,E02000367,London Fields & Mare Street,-99,-99,-99,-99,-99,-99,4,-99,6,6,6,-99,-99,3,-99,-99,-99,-99,-99,-99,-99,-99,-99,-99,-99,-99,-99,3,-99,-99,-99,3,5,5,5,12,12
E12000007,London,E09000012,Hackney,E09000012,Hackney,E02000368,Haggerston East,-99,-99,-99,-99,-99,-99,-99,3,4,6,5,4,-99,-99,-99,-99,-99,-99,-99,-99,-99,-99,-99,-99,-99,-99,-99,-99,-99,-99,-99,3,4,-99,-99,8,8
E12000007,London,E09000012,Hackney,E09000012,Hackney,E02000369,Haggerston West & Kingsland Basin,-99,-99,-99,-99,-99,-99,-99,5,7,11,10,4,-99,-99,-99,-99,-99,-99,-99,-99,-99,-99,-99,-99,-99,-99,-99,-99,-99,5,3,-99,5,-99,-99,10,10
E12000007,London,E09000012,Hackney,E09000012,Hackney,E02000370,Hoxton & Wenlock,-99,-99,-99,-99,-99,-99,-99,-99,6,6,7,-99,5,3,-99,-99,-99,-99,-99,-99,-99,-99,-99,-99,-99,-99,-99,-99,-99,4,-99,-99,-99,-99,3,8,8
E12000007,London,E09000012,Hackney,E09000012,Hackney,E02000371,Shoreditch,-99,-99,-99,-99,-99,-99,-99,3,4,9,6,4,-99,-99,-99,-99,-99,-99,-99,-99,-99,-99,-99,-99,-99,-99,-99,-99,-99,3,7,-99,-99,5,11,13,13
E12000007,London,E09000013,Hammersmith and Fulham,E09000013,Hammersmith and Fulham,E02000372,Old Oak & Wormwood,-99,-99,-99,-99,-99,-99,-99,9,6,18,11,11,-99,-99,-99,4,-99,-99,-99,-99,-99,-99,-99,-99,-99,-99,-99,-99,-99,-99,-99,-99,-99,-99,3,6,6
E12000007,London,E09000013,Hammersmith and Fulham,E09000013,Hammersmith and Fulham,E02000373,White City,-99,-99,-99,-99,-99,-99,-99,3,-99,3,-99,3,-99,-99,-99,-99,-99,-99,-99,-99,-99,-99,-99,-99,-99,-99,-99,-99,-99,-99,-99,-99,-99,-99,-99,-99,-99
E12000007,London,E09000013,Hammersmith and Fulham,E09000013,Hammersmith and Fulham,E02000374,Wormholt Road,-99,-99,-99,-99,-99,-99,-99,6,4,3,4,7,6,4,-99,-99,-99,-99,-99,-99,-99,-99,-99,-99,-99,-99,-99,-99,-99,-99,-99,-99,4,3,3,-99,-99
E12000007,London,E09000013,Hammersmith and Fulham,E09000013,Hammersmith and Fulham,E02000375,Shepherd's Bush North,-99,-99,-99,-99,-99,-99,-99,-99,3,-99,3,-99,-99,3,-99,-99,-99,-99,-99,-99,-99,-99,-99,-99,-99,-99,-99,-99,-99,-99,-99,-99,3,-99,-99,5,5
E12000007,London,E09000013,Hammersmith and Fulham,E09000013,Hammersmith and Fulham,E02000376,Shepherd's Bush West,-99,-99,-99,-99,-99,-99,-99,-99,5,4,3,6,-99,-99,-99,-99,-99,-99,-99,-99,-99,-99,-99,-99,-99,-99,-99,-99,-99,-99,4,-99,-99,-99,3,4,4
E12000007,London,E09000013,Hammersmith and Fulham,E09000013,Hammersmith and Fulham,E02000377,Askew,-99,-99,-99,-99,-99,-99,-99,-99,6,5,4,-99,-99,-99,-99,-99,-99,-99,-99,-99,-99,-99,-99,-99,-99,-99,-99,3,-99,3,-99,3,-99,-99,6,4,4
E12000007,London,E09000013,Hammersmith and Fulham,E09000013,Hammersmith and Fulham,E02000378,Shepherd's Bush South,-99,-99,-99,-99,-99,-99,-99,3,3,-99,4,3,-99,-99,-99,-99,-99,-99,-99,-99,-99,-99,-99,-99,-99,-99,-99,-99,-99,-99,-99,-99,-99,4,-99,5,5
E12000007,London,E09000013,Hammersmith and Fulham,E09000013,Hammersmith and Fulham,E02000379,Ravenscourt Park North,-99,-99,-99,-99,-99,-99,-99,-99,3,5,7,24,12,3,-99,3,-99,-99,-99,-99,-99,-99,-99,-99,-99,3,-99,-99,-99,-99,-99,-99,4,-99,3,4,4
E12000007,London,E09000013,Hammersmith and Fulham,E09000013,Hammersmith and Fulham,E02000380,Brackenbury,-99,-99,-99,-99,-99,-99,-99,-99,-99,-99,3,-99,-99,-99,-99,-99,-99,-99,-99,-99,-99,-99,-99,-99,-99,-99,-99,-99,-99,4,-99,-99,-99,-99,-99,3,3
E12000007,London,E09000013,Hammersmith and Fulham,E09000013,Hammersmith and Fulham,E02000381,Brook Green,-99,-99,-99,-99,-99,-99,-99,-99,-99,5,4,-99,-99,-99,-99,-99,-99,-99,-99,-99,-99,-99,-99,-99,-99,-99,-99,-99,-99,-99,-99,-99,6,-99,6,5,5
E12000007,London,E09000013,Hammersmith and Fulham,E09000013,Hammersmith and Fulham,E02000382,Ravenscourt Park South,-99,-99,-99,-99,-99,-99,-99,-99,-99,-99,-99,-99,-99,-99,-99,-99,-99,-99,-99,-99,-99,-99,-99,-99,-99,-99,-99,-99,-99,-99,-99,3,-99,-99,-99,9,9
E12000007,London,E09000013,Hammersmith and Fulham,E09000013,Hammersmith and Fulham,E02000383,West Kensington,-99,-99,-99,-99,-99,-99,-99,-99,4,9,3,6,36,-99,-99,-99,-99,-99,-99,-99,-99,-99,-99,-99,-99,-99,-99,-99,-99,-99,-99,-99,3,-99,3,7,7
E12000007,London,E09000013,Hammersmith and Fulham,E09000013,Hammersmith and Fulham,E02000384,Hammersmith Broadway,-99,-99,-99,-99,-99,-99,-99,3,8,7,5,16,11,3,3,-99,-99,-99,-99,-99,-99,-99,-99,-99,-99,-99,-99,-99,3,-99,6,9,5,4,-99,3,3
E12000007,London,E09000013,Hammersmith and Fulham,E09000013,Hammersmith and Fulham,E02000385,Barons Court,-99,-99,-99,-99,-99,-99,-99,-99,4,-99,6,-99,-99,-99,-99,-99,-99,-99,-99,-99,-99,-99,-99,-99,-99,-99,-99,-99,-99,-99,-99,-99,-99,-99,-99,3,3
E12000007,London,E09000013,Hammersmith and Fulham,E09000013,Hammersmith and Fulham,E02000386,North End,-99,-99,-99,-99,-99,-99,-99,-99,6,4,5,-99,6,-99,-99,-99,-99,-99,-99,-99,-99,-99,-99,-99,-99,-99,-99,-99,4,3,-99,-99,-99,-99,8,6,6
E12000007,London,E09000013,Hammersmith and Fulham,E09000013,Hammersmith and Fulham,E02000387,Lillie Road & Greyhound Road,-99,-99,-99,-99,-99,-99,-99,5,4,7,6,7,6,-99,-99,-99,-99,3,-99,-99,-99,-99,-99,-99,-99,-99,-99,-99,-99,-99,-99,3,-99,4,6,7,7
E12000007,London,E09000013,Hammersmith and Fulham,E09000013,Hammersmith and Fulham,E02000388,Fulham Broadway,-99,-99,-99,-99,-99,-99,-99,3,4,9,3,3,19,-99,-99,-99,-99,-99,-99,-99,-99,-99,3,-99,-99,-99,-99,-99,3,-99,3,-99,-99,6,5,6,6
E12000007,London,E09000013,Hammersmith and Fulham,E09000013,Hammersmith and Fulham,E02000389,Fulham Reach,-99,-99,-99,-99,-99,-99,4,3,3,5,6,-99,3,-99,-99,-99,-99,-99,-99,-99,-99,-99,-99,-99,-99,-99,-99,-99,-99,3,-99,-99,-99,-99,4,7,7
E12000007,London,E09000013,Hammersmith and Fulham,E09000013,Hammersmith and Fulham,E02000390,Fulham Aintree,-99,-99,-99,-99,-99,-99,-99,3,-99,3,-99,-99,-99,-99,-99,-99,-99,-99,-99,-99,-99,-99,-99,-99,-99,-99,-99,-99,-99,-99,-99,3,-99,-99,8,4,4
E12000007,London,E09000013,Hammersmith and Fulham,E09000013,Hammersmith and Fulham,E02000391,Parsons Green East & Eel Brook Common,-99,-99,-99,-99,-99,-99,-99,-99,4,5,4,3,3,-99,-99,-99,-99,-99,-99,-99,-99,-99,-99,-99,-99,-99,-99,-99,-99,-99,-99,3,-99,-99,-99,6,6
E12000007,London,E09000013,Hammersmith and Fulham,E09000013,Hammersmith and Fulham,E02000392,Parsons Green West,-99,-99,-99,-99,-99,-99,-99,-99,4,5,4,3,-99,-99,-99,-99,-99,-99,-99,-99,-99,-99,-99,-99,-99,-99,-99,-99,3,-99,4,5,6,3,3,12,12
E12000007,London,E09000013,Hammersmith and Fulham,E09000013,Hammersmith and Fulham,E02000393,Munster,-99,-99,-99,-99,-99,-99,-99,-99,-99,6,-99,-99,-99,-99,-99,-99,-99,-99,-99,-99,-99,-99,-99,-99,-99,-99,-99,-99,-99,-99,4,3,-99,-99,3,6,6
E12000007,London,E09000013,Hammersmith and Fulham,E09000013,Hammersmith and Fulham,E02000394,Sands End & Chelsea Harbour,-99,-99,-99,-99,-99,-99,-99,-99,10,5,-99,-99,-99,-99,-99,-99,-99,-99,-99,-99,-99,4,-99,-99,-99,-99,-99,3,-99,7,-99,-99,3,-99,4,8,8
E12000007,London,E09000013,Hammersmith and Fulham,E09000013,Hammersmith and Fulham,E02000395,Fulham Palace & Hurlingham Park,-99,-99,-99,-99,-99,-99,-99,-99,-99,3,-99,-99,-99,-99,-99,-99,-99,-99,-99,-99,-99,-99,-99,-99,-99,-99,-99,-99,-99,-99,-99,-99,3,-99,-99,8,8
E12000007,London,E09000013,Hammersmith and Fulham,E09000013,Hammersmith and Fulham,E02000396,South Park,-99,-99,-99,-99,-99,-99,-99,-99,6,3,-99,-99,-99,-99,-99,-99,-99,-99,-99,-99,-99,-99,-99,-99,-99,-99,-99,-99,-99,-99,-99,-99,-99,-99,-99,4,4
E12000007,London,E09000014,Haringey,E09000014,Haringey,E02000397,Bowes Park,-99,-99,-99,-99,-99,-99,-99,-99,4,4,-99,-99,-99,-99,-99,-99,-99,-99,-99,-99,-99,-99,-99,-99,-99,-99,-99,-99,-99,-99,-99,-99,6,-99,8,5,5
E12000007,London,E09000014,Haringey,E09000014,Haringey,E02000398,Northumberland Park,-99,-99,-99,-99,-99,-99,-99,4,3,7,5,-99,-99,-99,3,-99,-99,-99,-99,-99,-99,-99,-99,-99,-99,-99,-99,-99,-99,-99,-99,4,12,-99,-99,3,3
E12000007,London,E09000014,Haringey,E09000014,Haringey,E02000400,Bounds Green,-99,-99,-99,-99,-99,-99,-99,3,-99,4,-99,5,3,-99,-99,-99,-99,-99,-99,-99,-99,-99,-99,-99,-99,-99,-99,-99,-99,-99,-99,-99,-99,3,4,5,5
E12000007,London,E09000014,Haringey,E09000014,Haringey,E02000401,Roundway,-99,-99,-99,-99,-99,-99,-99,-99,3,-99,-99,-99,-99,4,-99,-99,-99,-99,-99,-99,-99,-99,-99,-99,-99,-99,-99,-99,-99,-99,-99,-99,-99,5,-99,-99,-99
E12000007,London,E09000014,Haringey,E09000014,Haringey,E02000402,Tottenham Bruce Castle Park,-99,-99,-99,-99,-99,-99,-99,-99,-99,8,-99,3,-99,-99,-99,-99,-99,-99,-99,-99,-99,-99,-99,-99,-99,-99,-99,-99,-99,-99,-99,-99,-99,3,-99,3,3
E12000007,London,E09000014,Haringey,E09000014,Haringey,E02000403,Wood Green North,-99,-99,-99,-99,-99,-99,-99,-99,-99,6,5,4,-99,-99,-99,-99,-99,-99,-99,-99,-99,-99,-99,-99,-99,-99,-99,-99,-99,-99,-99,3,-99,-99,4,4,4
E12000007,London,E09000014,Haringey,E09000014,Haringey,E02000404,Scotch Estate,-99,-99,-99,-99,-99,-99,-99,4,-99,8,3,-99,-99,-99,-99,-99,-99,-99,-99,-99,-99,-99,-99,-99,-99,-99,-99,-99,-99,-99,-99,8,4,-99,-99,3,3
E12000007,London,E09000014,Haringey,E09000014,Haringey,E02000405,Alexandra Park,-99,-99,-99,-99,-99,-99,-99,-99,-99,3,-99,3,-99,-99,-99,-99,-99,-99,-99,-99,-99,-99,-99,-99,-99,-99,-99,-99,-99,3,-99,-99,-99,7,-99,5,5
E12000007,London,E09000014,Haringey,E09000014,Haringey,E02000406,Noel Park,-99,-99,-99,-99,-99,-99,-99,-99,4,-99,3,-99,5,-99,-99,-99,-99,-99,-99,-99,-99,-99,-99,-99,-99,-99,-99,-99,-99,-99,-99,-99,4,-99,-99,8,8
E12000007,London,E09000014,Haringey,E09000014,Haringey,E02000407,Bruce Grove North,-99,-99,-99,-99,-99,-99,-99,-99,6,3,-99,3,-99,3,-99,-99,-99,-99,-99,-99,-99,-99,-99,-99,-99,-99,-99,-99,-99,-99,-99,-99,-99,-99,4,3,3
E12000007,London,E09000014,Haringey,E09000014,Haringey,E02000408,Tottenham North West,-99,-99,-99,-99,-99,-99,-99,-99,5,4,8,-99,6,-99,-99,-99,-99,-99,-99,-99,-99,-99,-99,-99,-99,-99,-99,-99,-99,-99,-99,3,-99,-99,-99,-99,-99
E12000007,London,E09000014,Haringey,E09000014,Haringey,E02000409,Lordship Lane & Broadwater Farm,-99,-99,-99,-99,-99,-99,-99,-99,3,4,3,-99,-99,3,-99,3,-99,-99,-99,-99,-99,-99,-99,-99,-99,-99,-99,-99,-99,-99,-99,-99,-99,-99,-99,7,7
E12000007,London,E09000014,Haringey,E09000014,Haringey,E02000410,Muswell Hill North,-99,-99,-99,-99,-99,-99,-99,-99,-99,-99,3,-99,5,-99,-99,-99,-99,-99,-99,-99,-99,-99,-99,-99,-99,-99,-99,-99,-99,-99,-99,-99,-99,-99,3,11,11
E12000007,London,E09000014,Haringey,E09000014,Haringey,E02000411,Tottenham Lea Valley,-99,-99,-99,-99,-99,-99,-99,-99,6,4,5,-99,-99,-99,-99,3,-99,-99,-99,3,3,-99,-99,-99,-99,-99,4,-99,-99,-99,-99,-99,5,-99,9,4,4
E12000007,London,E09000014,Haringey,E09000014,Haringey,E02000412,Wood Green South,-99,-99,-99,-99,-99,-99,-99,3,5,-99,-99,-99,-99,-99,-99,-99,-99,-99,-99,-99,-99,-99,-99,-99,-99,-99,-99,-99,3,-99,-99,-99,-99,-99,-99,3,3
E12000007,London,E09000014,Haringey,E09000014,Haringey,E02000413,Fortis Green & Coldfall,-99,-99,-99,-99,-99,-99,-99,-99,-99,-99,3,5,-99,-99,-99,-99,-99,-99,-99,-99,-99,-99,-99,-99,-99,-99,-99,-99,-99,3,-99,-99,-99,-99,-99,6,6
E12000007,London,E09000014,Haringey,E09000014,Haringey,E02000414,Bruce Grove South,-99,-99,-99,-99,-99,-99,-99,-99,7,7,7,3,-99,-99,-99,3,-99,-99,-99,-99,-99,-99,-99,-99,-99,-99,-99,3,-99,-99,-99,-99,5,6,-99,4,4
E12000007,London,E09000014,Haringey,E09000014,Haringey,E02000415,Downhills Park,-99,-99,-99,-99,-99,-99,-99,-99,-99,-99,3,3,-99,-99,-99,-99,-99,-99,-99,-99,-99,-99,-99,-99,-99,-99,-99,-99,-99,-99,-99,-99,-99,3,-99,7,7
E12000007,London,E09000014,Haringey,E09000014,Haringey,E02000416,Hornsey East,-99,-99,-99,-99,-99,-99,-99,-99,5,-99,-99,-99,-99,-99,-99,-99,-99,-99,-99,-99,-99,-99,-99,-99,-99,-99,-99,-99,-99,-99,-99,-99,-99,6,-99,6,6
E12000007,London,E09000014,Haringey,E09000014,Haringey,E02000417,Muswell Hill South,-99,-99,-99,-99,-99,-99,-99,-99,-99,6,3,-99,-99,-99,-99,-99,-99,3,-99,-99,-99,-99,-99,-99,-99,-99,-99,-99,-99,-99,-99,-99,-99,-99,3,6,6
E12000007,London,E09000014,Haringey,E09000014,Haringey,E02000418,Hornsey West,-99,-99,-99,-99,-99,-99,-99,3,-99,-99,-99,-99,-99,-99,-99,-99,-99,-99,-99,-99,-99,-99,-99,-99,-99,-99,-99,-99,-99,-99,-99,-99,4,4,4,6,6
E12000007,London,E09000014,Haringey,E09000014,Haringey,E02000419,Harringay Ladder North,-99,-99,-99,-99,-99,-99,-99,-99,3,-99,6,-99,3,5,8,-99,-99,-99,-99,-99,-99,-99,-99,-99,-99,-99,-99,-99,-99,-99,6,-99,-99,-99,4,7,7
E12000007,London,E09000014,Haringey,E09000014,Haringey,E02000420,Tottenham Green West,-99,-99,-99,-99,-99,-99,3,5,3,7,6,-99,-99,-99,-99,-99,-99,-99,-99,-99,-99,-99,-99,-99,-99,-99,-99,-99,-99,-99,-99,3,-99,-99,5,7,7
E12000007,London,E09000014,Haringey,E09000014,Haringey,E02000421,Tottenham Green East,-99,-99,-99,-99,-99,-99,-99,-99,6,8,4,9,5,9,-99,-99,-99,-99,-99,-99,-99,-99,-99,-99,3,-99,-99,-99,-99,-99,-99,4,-99,-99,9,9,9
E12000007,London,E09000014,Haringey,E09000014,Haringey,E02000422,West Green & St Ann's,-99,-99,-99,-99,-99,-99,-99,4,4,10,-99,-99,4,-99,-99,-99,-99,-99,-99,-99,-99,-99,-99,-99,-99,-99,-99,-99,-99,-99,-99,-99,-99,-99,4,8,8
E12000007,London,E09000014,Haringey,E09000014,Haringey,E02000423,Harringay East,-99,-99,-99,-99,-99,-99,-99,-99,3,-99,3,-99,3,-99,-99,-99,-99,-99,-99,-99,-99,-99,-99,-99,-99,-99,-99,-99,-99,-99,-99,3,-99,4,3,8,8
E12000007,London,E09000014,Haringey,E09000014,Haringey,E02000424,Hornsey Vale,-99,-99,-99,-99,-99,-99,-99,-99,-99,-99,-99,5,-99,-99,-99,-99,-99,-99,-99,-99,-99,-99,-99,-99,-99,-99,-99,-99,-99,-99,-99,-99,-99,4,-99,12,12
E12000007,London,E09000014,Haringey,E09000014,Haringey,E02000425,South Tottenham,-99,-99,-99,-99,-99,-99,-99,-99,3,7,9,5,-99,-99,-99,-99,-99,-99,-99,-99,-99,-99,-99,6,4,6,3,-99,-99,18,3,-99,-99,4,9,17,17
E12000007,London,E09000014,Haringey,E09000014,Haringey,E02000426,Highgate Wood,-99,-99,-99,-99,-99,-99,-99,-99,4,4,-99,-99,-99,-99,-99,-99,-99,-99,-99,-99,-99,-99,-99,-99,-99,-99,-99,-99,-99,-99,-99,-99,4,-99,-99,3,3
E12000007,London,E09000014,Haringey,E09000014,Haringey,E02000427,Harringay Ladder South,-99,-99,-99,-99,-99,-99,-99,-99,-99,3,-99,-99,-99,-99,-99,-99,-99,-99,-99,-99,-99,-99,-99,-99,-99,-99,-99,-99,-99,-99,-99,-99,-99,-99,-99,3,3
E12000007,London,E09000014,Haringey,E09000014,Haringey,E02000428,Harringay Warehouse District & Vartry,-99,-99,-99,-99,-99,-99,-99,3,-99,5,5,-99,3,-99,-99,-99,-99,-99,-99,-99,-99,-99,-99,-99,-99,-99,-99,-99,-99,-99,3,4,3,-99,5,21,21
E12000007,London,E09000014,Haringey,E09000014,Haringey,E02000429,Crouch End West,-99,-99,-99,-99,-99,-99,-99,-99,3,-99,3,-99,5,-99,3,-99,-99,-99,-99,-99,-99,-99,-99,-99,-99,-99,-99,-99,-99,-99,-99,-99,-99,-99,-99,4,4
E12000007,London,E09000014,Haringey,E09000014,Haringey,E02000430,Crouch End East,-99,-99,-99,-99,-99,-99,3,-99,-99,-99,-99,-99,-99,-99,-99,-99,-99,-99,-99,-99,-99,-99,-99,-99,-99,-99,-99,-99,-99,-99,-99,-99,-99,-99,-99,6,6
E12000007,London,E09000014,Haringey,E09000014,Haringey,E02000431,Highgate East,-99,-99,-99,-99,-99,-99,-99,-99,-99,3,-99,-99,-99,-99,-99,-99,-99,-99,-99,-99,-99,-99,-99,-99,-99,-99,-99,-99,-99,-99,-99,-99,-99,-99,-99,4,4
E12000007,London,E09000014,Haringey,E09000014,Haringey,E02000432,Stroud Green,-99,-99,-99,-99,-99,-99,-99,-99,-99,-99,3,-99,-99,-99,-99,-99,-99,-99,-99,-99,-99,-99,-99,-99,-99,-99,-99,-99,-99,-99,-99,3,-99,-99,-99,8,8
E12000007,London,E09000015,Harrow,E09000015,Harrow,E02000433,Stanmore Park,-99,-99,-99,-99,-99,-99,3,12,9,7,5,6,3,-99,-99,-99,-99,-99,-99,-99,-99,-99,-99,-99,-99,-99,-99,-99,-99,-99,3,6,8,3,6,5,5
E12000007,London,E09000015,Harrow,E09000015,Harrow,E02000434,Canons Park,-99,-99,-99,-99,-99,-99,-99,4,8,12,13,-99,4,4,3,-99,-99,-99,-99,-99,-99,-99,-99,-99,-99,-99,-99,-99,-99,-99,-99,-99,3,-99,4,8,8
E12000007,London,E09000015,Harrow,E09000015,Harrow,E02000435,Stanmore Uxbridge Road,-99,-99,-99,-99,-99,-99,3,8,11,8,6,9,7,4,4,-99,-99,-99,-99,-99,-99,-99,-99,-99,-99,-99,-99,-99,-99,3,-99,3,5,-99,-99,9,9
E12000007,London,E09000015,Harrow,E09000015,Harrow,E02000436,Hatch End North,-99,-99,-99,-99,-99,-99,-99,3,-99,4,-99,4,3,-99,-99,-99,-99,3,-99,-99,-99,-99,-99,-99,-99,-99,-99,-99,6,-99,-99,-99,-99,5,-99,5,5
E12000007,London,E09000015,Harrow,E09000015,Harrow,E02000437,Harrow Weald,-99,-99,-99,-99,-99,-99,-99,9,11,12,16,12,6,12,3,-99,-99,-99,-99,-99,-99,-99,-99,-99,-99,-99,-99,-99,-99,-99,-99,-99,3,-99,7,3,3
E12000007,London,E09000015,Harrow,E09000015,Harrow,E02000438,Hatch End South,-99,-99,-99,-99,-99,-99,-99,5,12,4,5,6,4,25,3,-99,-99,-99,-99,-99,-99,-99,-99,-99,-99,-99,-99,-99,-99,-99,4,-99,-99,4,3,6,6
E12000007,London,E09000015,Harrow,E09000015,Harrow,E02000439,Edgware West,-99,-99,-99,-99,-99,-99,-99,-99,5,9,4,4,-99,-99,3,-99,3,-99,-99,-99,-99,-99,-99,-99,-99,-99,3,-99,-99,-99,8,6,3,-99,-99,9,9
E12000007,London,E09000015,Harrow,E09000015,Harrow,E02000440,Belmont,-99,-99,-99,-99,-99,-99,-99,3,10,-99,4,6,3,-99,-99,-99,-99,-99,3,3,-99,-99,-99,-99,-99,-99,-99,-99,-99,-99,-99,-99,-99,-99,-99,5,5
E12000007,London,E09000015,Harrow,E09000015,Harrow,E02000441,Pinner Green,-99,-99,-99,-99,-99,-99,-99,8,-99,4,4,3,-99,-99,-99,-99,-99,-99,-99,-99,-99,-99,-99,-99,-99,3,-99,-99,-99,-99,-99,-99,-99,3,-99,-99,-99
E12000007,London,E09000015,Harrow,E09000015,Harrow,E02000442,Queensbury East,-99,-99,-99,-99,-99,-99,-99,-99,9,5,-99,4,9,-99,5,-99,-99,-99,-99,-99,-99,-99,-99,-99,-99,-99,-99,-99,-99,-99,-99,-99,3,3,-99,-99,-99
E12000007,London,E09000015,Harrow,E09000015,Harrow,E02000443,Wealdstone North,-99,-99,-99,-99,-99,-99,-99,-99,9,10,4,4,9,7,4,9,-99,-99,-99,-99,-99,-99,-99,-99,-99,-99,-99,-99,-99,-99,-99,-99,6,3,7,9,9
E12000007,London,E09000015,Harrow,E09000015,Harrow,E02000444,Queensbury West,-99,-99,-99,-99,-99,-99,-99,-99,4,-99,10,-99,4,-99,-99,-99,-99,-99,-99,-99,-99,-99,-99,-99,-99,-99,-99,-99,-99,-99,-99,-99,-99,-99,5,7,7
E12000007,London,E09000015,Harrow,E09000015,Harrow,E02000445,Wealdstone South,-99,-99,-99,-99,-99,-99,-99,5,9,12,9,12,20,6,10,-99,3,-99,-99,-99,-99,-99,-99,-99,-99,-99,-99,4,3,-99,-99,-99,-99,-99,-99,7,7
E12000007,London,E09000015,Harrow,E09000015,Harrow,E02000447,Headstone Lane,-99,-99,-99,-99,-99,-99,3,-99,6,6,-99,3,6,-99,3,-99,-99,-99,-99,-99,-99,-99,-99,-99,-99,-99,-99,-99,-99,-99,-99,3,-99,-99,5,10,10
E12000007,London,E09000015,Harrow,E09000015,Harrow,E02000448,Pinner Central,-99,-99,-99,-99,-99,-99,-99,-99,10,3,-99,-99,-99,-99,-99,-99,-99,-99,-99,-99,-99,-99,-99,-99,-99,-99,-99,-99,-99,3,-99,-99,-99,-99,3,5,5
E12000007,London,E09000015,Harrow,E09000015,Harrow,E02000449,Kenton East,-99,-99,-99,-99,-99,-99,-99,5,7,13,6,-99,-99,-99,-99,4,-99,-99,-99,-99,-99,-99,-99,-99,-99,-99,-99,-99,-99,-99,-99,-99,6,4,3,4,4
E12000007,London,E09000015,Harrow,E09000015,Harrow,E02000451,North Harrow,-99,-99,-99,-99,-99,-99,-99,3,6,-99,-99,-99,3,-99,-99,-99,-99,3,-99,-99,-99,-99,-99,-99,-99,-99,-99,-99,-99,-99,-99,-99,-99,-99,4,5,5
E12000007,London,E09000015,Harrow,E09000015,Harrow,E02000452,Greenhill North,-99,-99,-99,-99,-99,-99,3,-99,4,7,7,6,4,4,6,-99,-99,-99,-99,-99,-99,-99,-99,-99,-99,-99,6,-99,-99,3,-99,-99,3,-99,-99,9,9
E12000007,London,E09000015,Harrow,E09000015,Harrow,E02000453,Pinner Road,-99,-99,-99,-99,-99,-99,-99,-99,-99,6,-99,4,-99,4,-99,-99,-99,-99,-99,-99,-99,-99,-99,-99,-99,-99,-99,-99,-99,-99,5,-99,-99,4,6,5,5
E12000007,London,E09000015,Harrow,E09000015,Harrow,E02000454,Pinner South,-99,-99,-99,-99,-99,-99,-99,-99,5,-99,4,3,3,-99,-99,-99,-99,-99,-99,-99,-99,-99,-99,-99,-99,-99,-99,-99,-99,-99,3,-99,-99,-99,6,3,3
E12000007,London,E09000015,Harrow,E09000015,Harrow,E02000455,Greenhill South,-99,-99,-99,-99,-99,-99,3,3,12,11,13,12,10,3,-99,-99,-99,-99,-99,-99,-99,-99,-99,-99,-99,-99,-99,-99,-99,-99,3,4,-99,5,4,6,6
E12000007,London,E09000015,Harrow,E09000015,Harrow,E02000456,West Harrow,-99,-99,-99,-99,-99,-99,-99,-99,5,-99,6,4,5,6,5,-99,-99,-99,-99,-99,-99,-99,-99,-99,-99,-99,-99,-99,-99,-99,-99,3,-99,-99,-99,7,7
E12000007,London,E09000015,Harrow,E09000015,Harrow,E02000457,Rayners Lane North,-99,-99,-99,-99,-99,-99,-99,3,7,-99,5,-99,-99,5,-99,-99,-99,-99,-99,3,-99,-99,-99,-99,-99,-99,-99,-99,-99,-99,-99,-99,-99,3,3,8,8
E12000007,London,E09000015,Harrow,E09000015,Harrow,E02000459,South Harrow,-99,-99,-99,-99,-99,-99,-99,4,-99,6,3,4,4,-99,-99,-99,-99,-99,-99,-99,-99,-99,-99,-99,-99,-99,-99,-99,-99,-99,-99,-99,3,-99,-99,10,10
E12000007,London,E09000015,Harrow,E09000015,Harrow,E02000460,Newton Farm,-99,-99,-99,-99,-99,-99,-99,3,3,6,8,-99,-99,-99,-99,-99,-99,-99,-99,-99,-99,-99,-99,-99,-99,-99,-99,-99,-99,-99,-99,-99,-99,-99,6,4,4
E12000007,London,E09000015,Harrow,E09000015,Harrow,E02000461,Harrow-on-the-Hill,-99,-99,-99,-99,-99,-99,-99,-99,4,3,-99,4,-99,-99,5,-99,-99,-99,-99,-99,-99,-99,-99,-99,-99,-99,-99,-99,3,3,-99,3,-99,5,-99,8,8
E12000007,London,E09000015,Harrow,E09000015,Harrow,E02000462,Alexandra Park,-99,-99,-99,-99,-99,-99,3,-99,-99,-99,10,8,5,3,-99,-99,-99,-99,-99,-99,-99,-99,-99,-99,-99,-99,-99,-99,-99,-99,-99,3,3,4,-99,10,10
E12000007,London,E09000015,Harrow,E09000015,Harrow,E02000463,Earlsmead,-99,-99,-99,-99,-99,-99,-99,-99,3,4,-99,7,5,3,-99,-99,-99,-99,-99,-99,-99,-99,-99,-99,-99,-99,4,-99,-99,-99,-99,5,-99,4,4,4,4
E12000007,London,E09000016,Havering,E09000016,Havering,E02000464,Dagnam Park & Noak Hill,-99,-99,-99,-99,-99,-99,-99,3,4,7,-99,3,5,4,-99,4,-99,-99,-99,-99,-99,-99,-99,-99,-99,-99,-99,-99,-99,-99,-99,-99,-99,-99,3,3,3
E12000007,London,E09000016,Havering,E09000016,Havering,E02000465,Petersfield Avenue & Duck Wood,-99,-99,-99,-99,-99,-99,-99,-99,4,4,9,8,6,4,3,3,3,-99,-99,-99,-99,-99,-99,-99,-99,-99,-99,-99,-99,-99,-99,-99,-99,3,6,10,10
E12000007,London,E09000016,Havering,E09000016,Havering,E02000466,Havering-atte-Bower & Chase Cross,-99,-99,-99,-99,-99,-99,-99,-99,-99,12,15,4,-99,5,-99,-99,-99,-99,-99,-99,-99,-99,-99,-99,-99,-99,-99,-99,-99,-99,3,-99,-99,-99,-99,4,4
E12000007,London,E09000016,Havering,E09000016,Havering,E02000467,Harold Hill East,-99,-99,-99,-99,-99,-99,-99,-99,-99,8,10,6,9,4,-99,4,-99,-99,-99,-99,-99,-99,-99,-99,-99,-99,-99,-99,-99,4,-99,4,-99,3,-99,7,7
E12000007,London,E09000016,Havering,E09000016,Havering,E02000468,Collier Row & Park Farm,-99,-99,-99,-99,-99,-99,-99,3,3,7,4,-99,3,4,-99,-99,-99,-99,-99,-99,-99,-99,-99,-99,-99,-99,-99,-99,-99,-99,-99,5,-99,-99,-99,4,4
E12000007,London,E09000016,Havering,E09000016,Havering,E02000469,Harold Hill West,-99,-99,-99,-99,-99,-99,-99,-99,-99,-99,10,5,-99,3,3,-99,-99,-99,-99,-99,-99,-99,-99,-99,-99,-99,-99,-99,-99,-99,-99,-99,-99,3,-99,-99,-99
E12000007,London,E09000016,Havering,E09000016,Havering,E02000470,Harold Park & Harold Wood,-99,-99,-99,-99,-99,-99,-99,3,3,6,7,4,4,-99,-99,-99,-99,-99,-99,-99,-99,-99,-99,-99,-99,-99,-99,-99,-99,-99,-99,-99,4,-99,-99,9,9
E12000007,London,E09000016,Havering,E09000016,Havering,E02000471,Rise Park,-99,-99,-99,-99,-99,-99,-99,-99,-99,-99,4,6,-99,-99,-99,-99,-99,-99,-99,-99,-99,-99,-99,-99,-99,-99,-99,-99,-99,-99,-99,-99,3,-99,4,-99,-99
E12000007,London,E09000016,Havering,E09000016,Havering,E02000472,Romford North,-99,-99,-99,-99,-99,-99,-99,-99,-99,9,7,4,-99,-99,-99,-99,-99,-99,-99,-99,-99,-99,-99,-99,-99,-99,-99,-99,-99,-99,-99,3,-99,3,3,5,5
E12000007,London,E09000016,Havering,E09000016,Havering,E02000473,Ardleigh Green,-99,-99,-99,-99,-99,-99,-99,3,3,5,4,3,3,-99,-99,-99,-99,-99,-99,-99,-99,-99,-99,-99,-99,3,-99,-99,-99,-99,-99,-99,3,3,9,7,7
E12000007,London,E09000016,Havering,E09000016,Havering,E02000474,Romford North West,-99,-99,-99,-99,-99,-99,-99,-99,-99,6,5,-99,5,-99,4,-99,-99,-99,-99,-99,-99,-99,-99,-99,-99,6,-99,-99,-99,-99,-99,5,4,5,4,5,5
E12000007,London,E09000016,Havering,E09000016,Havering,E02000475,Gidea Park,-99,-99,-99,-99,-99,-99,-99,3,5,6,7,3,6,3,-99,-99,4,-99,-99,-99,-99,-99,-99,-99,-99,-99,-99,-99,4,-99,-99,6,9,-99,7,7,7
E12000007,London,E09000016,Havering,E09000016,Havering,E02000476,Central Romford,-99,-99,-99,-99,-99,-99,-99,-99,4,7,-99,4,-99,3,-99,-99,-99,-99,-99,-99,-99,-99,-99,-99,-99,-99,4,-99,-99,-99,-99,8,-99,4,10,7,7
E12000007,London,E09000016,Havering,E09000016,Havering,E02000477,Romford East,-99,-99,-99,-99,-99,-99,-99,-99,-99,3,9,-99,3,-99,-99,-99,-99,-99,-99,-99,-99,-99,-99,-99,-99,-99,-99,-99,-99,-99,5,-99,-99,10,-99,-99,-99
E12000007,London,E09000016,Havering,E09000016,Havering,E02000478,Emerson Park,-99,-99,-99,-99,-99,-99,-99,-99,5,5,-99,4,-99,-99,-99,-99,-99,-99,-99,-99,-99,-99,-99,-99,-99,-99,-99,-99,-99,-99,-99,4,4,-99,14,7,7
E12000007,London,E09000016,Havering,E09000016,Havering,E02000479,Romford South,-99,-99,-99,-99,-99,-99,-99,3,3,8,10,5,-99,-99,3,-99,-99,-99,-99,-99,-99,-99,-99,-99,-99,-99,-99,-99,-99,-99,-99,3,-99,-99,3,7,7
E12000007,London,E09000016,Havering,E09000016,Havering,E02000480,Rush Green,-99,-99,-99,-99,-99,-99,-99,4,-99,15,12,3,7,7,4,-99,-99,3,-99,-99,-99,-99,-99,-99,-99,-99,-99,3,3,4,-99,5,-99,6,5,7,7
E12000007,London,E09000016,Havering,E09000016,Havering,E02000481,Cranham East,-99,-99,-99,-99,-99,-99,-99,3,-99,10,3,3,-99,13,-99,-99,-99,-99,-99,-99,-99,-99,-99,-99,-99,-99,4,-99,-99,5,-99,-99,5,3,-99,6,6
E12000007,London,E09000016,Havering,E09000016,Havering,E02000482,Upminster North & Cranham West,-99,-99,-99,-99,-99,-99,-99,-99,-99,8,3,-99,-99,-99,-99,-99,-99,-99,-99,-99,-99,-99,-99,-99,-99,-99,-99,-99,-99,-99,-99,4,-99,-99,3,-99,-99
E12000007,London,E09000016,Havering,E09000016,Havering,E02000483,Hornchurch,-99,-99,-99,-99,-99,-99,-99,-99,7,6,3,6,-99,-99,-99,-99,-99,-99,-99,-99,-99,-99,-99,-99,-99,-99,-99,-99,-99,-99,4,4,8,-99,4,5,5
E12000007,London,E09000016,Havering,E09000016,Havering,E02000484,Hylands,-99,-99,-99,-99,-99,-99,-99,-99,-99,11,6,3,-99,-99,-99,-99,-99,-99,-99,-99,-99,-99,-99,-99,5,-99,-99,-99,-99,-99,4,7,5,3,-99,3,3
E12000007,London,E09000016,Havering,E09000016,Havering,E02000485,Upminster Bridge,-99,-99,-99,-99,-99,-99,-99,-99,-99,3,8,-99,-99,4,-99,-99,-99,-99,-99,-99,-99,-99,-99,-99,-99,-99,-99,-99,-99,3,-99,-99,-99,-99,-99,6,6
E12000007,London,E09000016,Havering,E09000016,Havering,E02000486,Elm Park East,-99,-99,-99,-99,-99,-99,-99,-99,3,3,7,3,-99,-99,-99,-99,3,-99,-99,-99,-99,-99,-99,-99,-99,-99,-99,-99,-99,-99,-99,7,-99,-99,10,5,5
E12000007,London,E09000016,Havering,E09000016,Havering,E02000487,Upminster South & Corbets Tey,-99,-99,-99,-99,-99,-99,-99,3,-99,4,-99,-99,-99,-99,3,-99,-99,-99,-99,-99,-99,-99,-99,-99,-99,-99,-99,-99,-99,-99,4,-99,-99,-99,5,-99,-99
E12000007,London,E09000016,Havering,E09000016,Havering,E02000488,Hacton,-99,-99,-99,-99,-99,-99,-99,-99,4,7,4,8,-99,-99,-99,-99,-99,-99,-99,-99,-99,-99,-99,-99,-99,-99,-99,-99,-99,-99,3,-99,3,-99,7,3,3
E12000007,London,E09000016,Havering,E09000016,Havering,E02000489,Elm Park West,-99,-99,-99,-99,-99,-99,-99,-99,-99,6,9,4,-99,-99,-99,-99,-99,-99,-99,-99,-99,-99,-99,-99,-99,-99,-99,-99,-99,-99,-99,-99,-99,7,9,6,6
E12000007,London,E09000016,Havering,E09000016,Havering,E02000490,South Hornchurch,-99,-99,-99,-99,-99,-99,-99,-99,-99,4,13,-99,6,4,-99,-99,-99,-99,-99,-99,-99,-99,-99,-99,-99,-99,-99,-99,-99,-99,-99,3,-99,5,7,-99,-99
E12000007,London,E09000016,Havering,E09000016,Havering,E02000491,Hornchurch Marshes,-99,-99,-99,-99,-99,-99,-99,-99,6,7,9,6,3,-99,4,-99,-99,-99,-99,-99,-99,-99,-99,-99,-99,-99,3,-99,-99,-99,-99,-99,-99,4,16,3,3
E12000007,London,E09000016,Havering,E09000016,Havering,E02000492,Rainham East & Wennington,-99,-99,-99,-99,-99,-99,-99,-99,-99,-99,5,4,3,-99,-99,-99,-99,-99,-99,-99,-99,-99,-99,-99,-99,-99,-99,-99,-99,-99,-99,-99,5,-99,6,6,6
E12000007,London,E09000016,Havering,E09000016,Havering,E02000493,Rainham West,-99,-99,-99,-99,-99,-99,-99,3,-99,4,5,3,-99,-99,-99,-99,-99,-99,-99,-99,-99,-99,-99,-99,-99,-99,-99,-99,-99,-99,-99,3,3,3,4,5,5
E12000007,London,E09000017,Hillingdon,E09000017,Hillingdon,E02000494,Ducks Hill,-99,-99,-99,-99,-99,-99,-99,3,-99,-99,-99,-99,-99,5,-99,-99,-99,4,-99,-99,-99,-99,-99,-99,-99,-99,-99,-99,-99,-99,-99,-99,-99,6,6,5,5
E12000007,London,E09000017,Hillingdon,E09000017,Hillingdon,E02000495,Northwood,-99,-99,-99,-99,-99,-99,-99,-99,7,4,3,4,6,3,-99,-99,-99,-99,-99,-99,-99,-99,-99,-99,-99,-99,-99,-99,-99,-99,-99,4,-99,6,-99,13,13
E12000007,London,E09000017,Hillingdon,E09000017,Hillingdon,E02000496,Harefield,-99,-99,-99,-99,-99,-99,-99,-99,7,11,12,5,7,4,-99,-99,-99,-99,-99,-99,-99,-99,3,-99,-99,-99,-99,-99,-99,-99,-99,-99,-99,-99,-99,4,4
E12000007,London,E09000017,Hillingdon,E09000017,Hillingdon,E02000497,Northwood Hills,-99,-99,-99,-99,-99,-99,-99,3,6,9,4,5,3,3,8,4,4,-99,-99,-99,-99,-99,-99,-99,-99,-99,-99,-99,-99,-99,-99,-99,5,-99,-99,7,7
E12000007,London,E09000017,Hillingdon,E09000017,Hillingdon,E02000498,West Ruislip North,-99,-99,-99,-99,-99,-99,-99,-99,4,5,-99,3,-99,-99,-99,-99,-99,-99,-99,-99,-99,-99,-99,-99,-99,-99,-99,-99,-99,-99,-99,3,-99,-99,5,7,7
E12000007,London,E09000017,Hillingdon,E09000017,Hillingdon,E02000499,Eastcote,-99,-99,-99,-99,-99,-99,-99,3,5,-99,-99,-99,-99,-99,-99,-99,-99,-99,-99,-99,-99,-99,-99,-99,-99,-99,-99,-99,-99,-99,-99,-99,-99,-99,-99,7,7
E12000007,London,E09000017,Hillingdon,E09000017,Hillingdon,E02000500,Ruislip,-99,-99,-99,-99,-99,-99,-99,3,5,4,5,3,-99,-99,-99,-99,-99,-99,-99,-99,-99,-99,-99,-99,-99,-99,-99,-99,-99,-99,-99,-99,3,-99,4,4,4
E12000007,London,E09000017,Hillingdon,E09000017,Hillingdon,E02000501,Ruislip Manor,-99,-99,-99,-99,-99,-99,-99,-99,4,-99,4,5,-99,-99,-99,-99,-99,-99,-99,-99,-99,-99,-99,-99,-99,-99,-99,-99,-99,-99,-99,3,-99,4,4,-99,-99
E12000007,London,E09000017,Hillingdon,E09000017,Hillingdon,E02000502,West Ruislip South,-99,-99,-99,-99,-99,-99,-99,6,6,6,5,5,-99,-99,-99,4,3,-99,-99,-99,-99,-99,-99,-99,-99,-99,-99,3,-99,-99,-99,4,-99,4,3,-99,-99
E12000007,London,E09000017,Hillingdon,E09000017,Hillingdon,E02000503,Ruislip Gardens,-99,-99,-99,-99,-99,-99,-99,-99,3,5,4,6,-99,5,-99,-99,-99,-99,-99,-99,-99,-99,-99,-99,-99,-99,-99,-99,-99,-99,-99,-99,3,-99,9,6,6
E12000007,London,E09000017,Hillingdon,E09000017,Hillingdon,E02000504,Ickenham,-99,-99,-99,-99,-99,-99,-99,-99,-99,-99,3,-99,-99,-99,-99,-99,-99,-99,-99,-99,-99,-99,-99,-99,-99,-99,-99,-99,-99,-99,-99,-99,-99,3,-99,9,9
E12000007,London,E09000017,Hillingdon,E09000017,Hillingdon,E02000506,Uxbridge Common & Swakeleys,-99,-99,-99,-99,-99,-99,-99,-99,3,6,-99,5,4,-99,-99,-99,-99,-99,-99,-99,-99,-99,-99,-99,-99,-99,-99,-99,-99,3,-99,-99,-99,-99,6,12,12
E12000007,London,E09000017,Hillingdon,E09000017,Hillingdon,E02000507,Hillingdon North East,-99,-99,-99,-99,-99,-99,-99,-99,-99,3,9,9,-99,7,4,-99,-99,-99,-99,-99,-99,-99,-99,-99,-99,-99,-99,-99,-99,-99,-99,-99,-99,-99,-99,-99,-99
E12000007,London,E09000017,Hillingdon,E09000017,Hillingdon,E02000508,Uxbridge Central & Brunel,-99,-99,-99,-99,-99,-99,-99,-99,-99,4,3,3,4,4,-99,-99,-99,-99,-99,-99,-99,-99,-99,-99,-99,-99,-99,-99,-99,-99,-99,3,6,-99,5,8,8
E12000007,London,E09000017,Hillingdon,E09000017,Hillingdon,E02000509,Uxbridge West,-99,-99,-99,-99,-99,-99,-99,-99,-99,7,4,5,4,-99,-99,-99,-99,-99,-99,-99,-99,-99,-99,-99,-99,-99,-99,3,3,-99,4,-99,-99,-99,4,4,4
E12000007,London,E09000017,Hillingdon,E09000017,Hillingdon,E02000510,Hillingdon South,-99,-99,-99,-99,-99,-99,-99,-99,4,11,3,4,5,-99,-99,-99,-99,-99,-99,-99,-99,-99,7,-99,-99,-99,-99,-99,-99,-99,-99,7,-99,5,7,6,6
E12000007,London,E09000017,Hillingdon,E09000017,Hillingdon,E02000511,Charville,-99,-99,-99,-99,-99,-99,-99,-99,4,4,7,5,4,4,-99,-99,3,-99,-99,-99,-99,-99,-99,-99,-99,-99,-99,-99,3,3,-99,-99,-99,-99,10,11,11
E12000007,London,E09000017,Hillingdon,E09000017,Hillingdon,E02000512,Hillingdon Heath,-99,-99,-99,-99,-99,-99,-99,6,5,5,-99,7,-99,-99,-99,-99,-99,-99,-99,-99,-99,-99,-99,-99,-99,-99,-99,-99,-99,-99,-99,-99,-99,-99,12,4,4
E12000007,London,E09000017,Hillingdon,E09000017,Hillingdon,E02000513,Yeading North,-99,-99,-99,-99,-99,-99,-99,5,3,6,6,3,-99,-99,-99,-99,-99,-99,-99,-99,-99,-99,-99,-99,-99,-99,-99,-99,3,-99,10,-99,-99,-99,3,11,11
E12000007,London,E09000017,Hillingdon,E09000017,Hillingdon,E02000514,Yeading West,-99,-99,-99,-99,-99,-99,-99,4,9,7,7,11,8,-99,-99,-99,-99,-99,-99,-99,-99,-99,-99,-99,-99,-99,-99,-99,-99,9,-99,-99,-99,10,16,14,14
E12000007,London,E09000017,Hillingdon,E09000017,Hillingdon,E02000515,Yiewsley West,-99,-99,-99,-99,-99,-99,-99,-99,4,4,4,7,7,-99,-99,-99,-99,-99,-99,-99,-99,-99,-99,5,-99,-99,-99,-99,-99,5,3,4,3,-99,4,7,7
E12000007,London,E09000017,Hillingdon,E09000017,Hillingdon,E02000516,Yeading Brookside,-99,-99,-99,-99,-99,-99,-99,6,-99,10,3,5,-99,8,4,-99,-99,-99,-99,-99,-99,-99,-99,-99,-99,-99,-99,4,4,3,-99,-99,-99,3,5,13,13
E12000007,London,E09000017,Hillingdon,E09000017,Hillingdon,E02000517,Hayes End,-99,-99,-99,-99,-99,-99,-99,-99,5,6,10,5,6,5,4,5,-99,-99,-99,-99,-99,-99,-99,-99,-99,-99,-99,4,-99,-99,-99,6,-99,6,3,7,7
E12000007,London,E09000017,Hillingdon,E09000017,Hillingdon,E02000518,Yiewsley East,-99,-99,-99,-99,-99,-99,-99,-99,5,8,4,6,6,-99,-99,-99,-99,-99,-99,-99,-99,-99,-99,-99,-99,-99,-99,-99,-99,-99,-99,4,3,11,4,6,6
E12000007,London,E09000017,Hillingdon,E09000017,Hillingdon,E02000519,Hayes Town North,-99,-99,-99,-99,-99,-99,-99,-99,-99,5,3,4,7,3,-99,-99,-99,-99,-99,-99,-99,-99,-99,-99,-99,-99,-99,-99,-99,-99,-99,4,7,7,5,10,10
E12000007,London,E09000017,Hillingdon,E09000017,Hillingdon,E02000520,Hayes Town & Lake Farm,-99,-99,-99,-99,-99,-99,-99,4,10,10,6,8,4,-99,-99,-99,-99,-99,-99,-99,-99,-99,-99,-99,-99,-99,-99,-99,-99,-99,-99,4,-99,5,11,-99,-99
E12000007,London,E09000017,Hillingdon,E09000017,Hillingdon,E02000521,West Drayton East,-99,-99,-99,-99,-99,-99,-99,-99,4,3,5,4,7,3,-99,-99,-99,3,-99,-99,-99,-99,-99,-99,-99,-99,-99,-99,4,3,-99,4,-99,8,15,10,10
E12000007,London,E09000017,Hillingdon,E09000017,Hillingdon,E02000522,West Drayton West,-99,-99,-99,-99,-99,-99,-99,3,-99,5,8,6,-99,-99,-99,3,-99,-99,-99,-99,-99,-99,-99,-99,-99,-99,-99,-99,4,-99,-99,-99,-99,6,-99,-99,-99
E12000007,London,E09000017,Hillingdon,E09000017,Hillingdon,E02000523,Hayes South,-99,-99,-99,-99,-99,-99,-99,-99,-99,4,5,6,6,-99,-99,-99,4,-99,-99,3,-99,-99,-99,-99,-99,-99,-99,-99,-99,-99,-99,-99,-99,4,8,8,8
E12000007,London,E09000017,Hillingdon,E09000017,Hillingdon,E02000524,"Heathrow, Hardmonsworth & Sipson",-99,-99,-99,-99,-99,-99,-99,-99,-99,-99,4,4,3,-99,-99,-99,-99,-99,-99,-99,-99,-99,-99,-99,-99,-99,-99,-99,-99,-99,3,3,-99,-99,5,8,8
E12000007,London,E09000017,Hillingdon,E09000017,Hillingdon,E02000525,Harlington & Cranford Cross,-99,-99,-99,-99,-99,-99,-99,-99,-99,4,6,-99,-99,5,4,-99,-99,-99,-99,-99,-99,-99,-99,-99,-99,-99,-99,-99,-99,-99,-99,3,-99,-99,9,3,3
E12000007,London,E09000018,Hounslow,E09000018,Hounslow,E02000526,Chiswick North East,-99,-99,-99,-99,-99,-99,-99,-99,-99,-99,-99,3,3,3,-99,-99,-99,-99,-99,-99,-99,-99,-99,-99,-99,-99,-99,-99,-99,-99,4,-99,-99,-99,5,7,7
E12000007,London,E09000018,Hounslow,E09000018,Hounslow,E02000528,Brentford East,-99,-99,-99,-99,-99,-99,-99,-99,9,6,4,5,-99,-99,4,-99,-99,-99,-99,-99,-99,-99,-99,3,-99,-99,-99,-99,-99,-99,-99,5,-99,4,-99,3,3
E12000007,London,E09000018,Hounslow,E09000018,Hounslow,E02000529,Heston North,-99,-99,-99,-99,-99,-99,-99,-99,7,6,3,6,7,3,-99,-99,-99,-99,-99,-99,-99,-99,-99,-99,-99,7,6,5,3,-99,-99,-99,9,5,9,10,10
E12000007,London,E09000018,Hounslow,E09000018,Hounslow,E02000530,North Hyde & North Cranford,-99,-99,-99,-99,-99,-99,-99,3,-99,6,7,-99,-99,-99,-99,-99,-99,-99,-99,-99,-99,-99,-99,-99,-99,-99,-99,3,4,-99,-99,-99,3,-99,5,14,14
E12000007,London,E09000018,Hounslow,E09000018,Hounslow,E02000531,Brentford Central,-99,-99,-99,-99,-99,-99,-99,5,5,9,-99,4,4,-99,-99,-99,-99,-99,3,-99,-99,-99,-99,-99,-99,-99,-99,-99,3,-99,-99,-99,-99,-99,-99,5,5
E12000007,London,E09000018,Hounslow,E09000018,Hounslow,E02000532,Chiswick South East,-99,-99,-99,-99,-99,-99,-99,-99,-99,-99,3,-99,-99,3,-99,-99,-99,-99,-99,-99,-99,-99,3,-99,-99,-99,-99,-99,-99,-99,-99,5,-99,-99,-99,10,10
E12000007,London,E09000018,Hounslow,E09000018,Hounslow,E02000533,Chiswick South West,-99,-99,-99,-99,-99,-99,-99,-99,-99,4,8,-99,-99,-99,-99,-99,-99,-99,-99,-99,-99,-99,-99,-99,-99,-99,-99,-99,-99,-99,-99,6,5,-99,-99,6,6
E12000007,London,E09000018,Hounslow,E09000018,Hounslow,E02000534,Brentford West & Osterley Park,-99,-99,-99,-99,-99,-99,-99,-99,4,4,-99,3,6,-99,-99,-99,-99,-99,-99,-99,-99,3,-99,-99,-99,-99,-99,-99,-99,-99,-99,-99,7,5,3,5,5
E12000007,London,E09000018,Hounslow,E09000018,Hounslow,E02000535,Heston West,-99,-99,-99,-99,-99,-99,-99,6,4,7,8,4,3,6,4,-99,-99,-99,-99,-99,-99,-99,-99,4,-99,-99,-99,-99,-99,4,-99,-99,-99,7,21,18,18
E12000007,London,E09000018,Hounslow,E09000018,Hounslow,E02000536,Heston Central & Lampton West,-99,-99,-99,-99,-99,-99,-99,-99,3,8,6,6,5,4,9,-99,-99,-99,3,-99,3,5,-99,-99,-99,-99,6,-99,3,-99,-99,4,-99,-99,3,19,19
E12000007,London,E09000018,Hounslow,E09000018,Hounslow,E02000537,Osterley & Lampton East,-99,-99,-99,-99,-99,-99,-99,-99,-99,6,7,6,7,4,-99,-99,-99,-99,-99,-99,-99,-99,-99,-99,-99,-99,-99,-99,-99,-99,-99,5,8,-99,4,9,9
E12000007,London,E09000018,Hounslow,E09000018,Hounslow,E02000538,Cranford,-99,-99,-99,-99,-99,-99,-99,-99,4,8,4,3,3,3,-99,-99,-99,-99,-99,3,-99,-99,-99,-99,-99,-99,3,5,8,-99,5,5,5,4,15,11,11
E12000007,London,E09000018,Hounslow,E09000018,Hounslow,E02000539,Syon Green,-99,-99,-99,-99,-99,-99,6,11,3,6,7,3,-99,6,3,5,-99,-99,-99,-99,-99,-99,-99,-99,-99,-99,-99,-99,-99,-99,-99,4,3,-99,6,10,10
E12000007,London,E09000018,Hounslow,E09000018,Hounslow,E02000540,Spring Grove,-99,-99,-99,-99,-99,-99,3,-99,11,9,11,5,10,5,-99,-99,-99,-99,-99,-99,-99,-99,-99,-99,-99,-99,-99,4,3,3,-99,-99,-99,-99,4,7,7
E12000007,London,E09000018,Hounslow,E09000018,Hounslow,E02000541,Hounslow Meadows,-99,-99,-99,-99,-99,-99,-99,-99,-99,6,-99,9,5,7,3,-99,-99,-99,-99,-99,-99,-99,-99,-99,-99,-99,4,-99,-99,-99,-99,4,9,5,6,3,3
E12000007,London,E09000018,Hounslow,E09000018,Hounslow,E02000542,Hounslow West,-99,-99,-99,-99,-99,-99,-99,4,7,11,3,5,5,3,-99,-99,4,-99,-99,-99,3,-99,-99,-99,-99,-99,-99,-99,4,-99,3,10,4,4,-99,8,8
E12000007,London,E09000018,Hounslow,E09000018,Hounslow,E02000543,Hounslow High Street,-99,-99,-99,-99,-99,-99,-99,5,-99,11,3,3,8,-99,-99,-99,-99,-99,-99,-99,-99,-99,-99,-99,-99,3,-99,-99,-99,-99,-99,6,3,4,7,15,15
E12000007,London,E09000018,Hounslow,E09000018,Hounslow,E02000544,Hounslow East,-99,-99,-99,-99,-99,-99,-99,-99,6,3,3,3,4,3,-99,-99,-99,-99,3,-99,-99,-99,-99,-99,-99,-99,-99,-99,-99,-99,-99,-99,9,-99,7,7,7
E12000007,London,E09000018,Hounslow,E09000018,Hounslow,E02000545,Isleworth & Ivybridge,-99,-99,-99,-99,-99,-99,-99,-99,-99,6,8,6,-99,3,3,-99,-99,-99,-99,-99,-99,-99,-99,-99,-99,-99,-99,-99,-99,-99,-99,-99,6,-99,5,9,9
E12000007,London,E09000018,Hounslow,E09000018,Hounslow,E02000546,Hounslow Heath,-99,-99,-99,-99,-99,-99,-99,-99,3,4,5,8,5,3,5,-99,-99,-99,-99,-99,-99,-99,-99,-99,-99,-99,-99,-99,-99,4,-99,-99,4,8,6,5,5
E12000007,London,E09000018,Hounslow,E09000018,Hounslow,E02000547,North Feltham & Hatton,-99,-99,-99,-99,-99,-99,-99,4,6,9,10,5,6,4,-99,-99,-99,-99,-99,-99,-99,-99,-99,-99,-99,-99,-99,-99,-99,-99,5,6,3,4,8,6,6
E12000007,London,E09000018,Hounslow,E09000018,Hounslow,E02000548,Bedfont,-99,-99,-99,-99,-99,-99,-99,-99,6,6,-99,5,4,4,-99,-99,-99,-99,-99,-99,-99,-99,-99,-99,-99,-99,-99,-99,-99,-99,-99,3,-99,-99,-99,6,6
E12000007,London,E09000018,Hounslow,E09000018,Hounslow,E02000549,Feltham East,-99,-99,-99,-99,-99,-99,-99,6,4,10,7,-99,7,12,6,5,-99,-99,-99,-99,-99,-99,-99,-99,-99,-99,-99,-99,-99,-99,-99,4,6,7,5,-99,-99
E12000007,London,E09000018,Hounslow,E09000018,Hounslow,E02000550,Feltham Central,-99,-99,-99,-99,-99,-99,-99,-99,6,5,4,4,5,4,-99,5,-99,-99,-99,-99,-99,-99,-99,-99,-99,-99,-99,-99,-99,-99,-99,-99,-99,4,7,4,4
E12000007,London,E09000018,Hounslow,E09000018,Hounslow,E02000551,Hanworth North,-99,-99,-99,-99,-99,-99,-99,-99,4,3,-99,6,3,-99,-99,-99,-99,-99,-99,-99,-99,-99,-99,-99,-99,-99,-99,-99,-99,-99,-99,-99,-99,-99,8,-99,-99
E12000007,London,E09000018,Hounslow,E09000018,Hounslow,E02000552,Lower Feltham,-99,-99,-99,-99,-99,-99,-99,-99,-99,7,-99,5,-99,3,-99,-99,-99,-99,-99,-99,-99,-99,-99,-99,-99,-99,-99,-99,-99,-99,-99,-99,-99,-99,5,6,6
E12000007,London,E09000018,Hounslow,E09000018,Hounslow,E02000553,Hanworth South,-99,-99,-99,-99,-99,-99,-99,-99,3,3,4,4,3,-99,3,3,-99,-99,-99,-99,-99,-99,-99,-99,-99,-99,-99,-99,-99,-99,-99,-99,-99,-99,4,6,6
E12000007,London,E09000019,Islington,E09000019,Islington,E02000554,Highcroft & Holly Park,-99,-99,-99,-99,-99,-99,-99,-99,-99,3,3,4,3,-99,-99,-99,-99,-99,-99,-99,-99,-99,-99,-99,-99,-99,-99,-99,-99,-99,3,-99,-99,6,4,4,4
E12000007,London,E09000019,Islington,E09000019,Islington,E02000555,Archway East,-99,-99,-99,-99,-99,-99,-99,3,3,3,4,-99,-99,-99,-99,-99,-99,-99,-99,-99,-99,-99,-99,-99,-99,-99,-99,-99,-99,-99,-99,6,3,-99,4,4,4
E12000007,London,E09000019,Islington,E09000019,Islington,E02000556,Tollington,-99,-99,-99,-99,-99,-99,-99,-99,3,-99,3,-99,-99,-99,-99,4,-99,-99,-99,-99,-99,-99,-99,-99,-99,-99,-99,-99,-99,-99,-99,-99,-99,-99,3,7,7
E12000007,London,E09000019,Islington,E09000019,Islington,E02000557,Archway West,-99,-99,-99,-99,-99,-99,-99,-99,5,4,3,6,3,4,-99,-99,-99,-99,-99,-99,-99,-99,-99,-99,-99,-99,-99,-99,-99,-99,-99,5,-99,-99,-99,8,8
E12000007,London,E09000019,Islington,E09000019,Islington,E02000558,Finsbury Park West,-99,-99,-99,-99,-99,-99,3,-99,5,4,-99,-99,4,-99,3,-99,-99,-99,-99,-99,-99,-99,-99,-99,-99,-99,-99,-99,-99,-99,-99,-99,3,3,3,7,7
E12000007,London,E09000019,Islington,E09000019,Islington,E02000559,Gillespie Road,-99,-99,-99,-99,-99,-99,3,-99,-99,-99,-99,-99,-99,-99,-99,-99,-99,-99,-99,-99,-99,-99,3,-99,-99,-99,-99,-99,-99,-99,-99,-99,-99,3,3,4,4
E12000007,London,E09000019,Islington,E09000019,Islington,E02000560,Holloway Nag's Head,-99,-99,-99,-99,-99,-99,-99,-99,-99,-99,-99,-99,-99,-99,-99,-99,-99,-99,-99,-99,-99,-99,-99,-99,-99,-99,-99,-99,-99,-99,-99,-99,-99,-99,6,5,5
E12000007,London,E09000019,Islington,E09000019,Islington,E02000561,Tufnell Park East,-99,-99,-99,-99,-99,-99,-99,3,-99,3,3,-99,3,-99,-99,-99,-99,-99,-99,-99,-99,-99,-99,-99,-99,-99,-99,-99,-99,-99,-99,-99,-99,-99,-99,7,7
E12000007,London,E09000019,Islington,E09000019,Islington,E02000562,Highbury,-99,-99,-99,-99,-99,-99,-99,3,3,3,-99,-99,-99,-99,-99,3,-99,-99,-99,-99,-99,-99,-99,-99,-99,-99,-99,-99,-99,-99,-99,4,-99,-99,9,7,7
E12000007,London,E09000019,Islington,E09000019,Islington,E02000563,Hilldrop,-99,-99,-99,-99,-99,-99,-99,-99,3,3,-99,-99,-99,3,-99,-99,-99,-99,-99,-99,-99,-99,-99,-99,-99,-99,-99,-99,-99,-99,-99,-99,-99,-99,4,6,6
E12000007,London,E09000019,Islington,E09000019,Islington,E02000564,Lower Holloway,-99,-99,-99,-99,-99,-99,-99,5,5,6,4,-99,4,-99,-99,-99,-99,-99,-99,-99,-99,-99,-99,-99,-99,-99,-99,-99,3,-99,-99,3,5,4,3,-99,-99
E12000007,London,E09000019,Islington,E09000019,Islington,E02000565,Newington Green,-99,-99,-99,-99,-99,-99,-99,3,3,6,-99,4,-99,-99,-99,-99,-99,-99,-99,-99,-99,-99,-99,-99,-99,3,-99,-99,-99,-99,-99,-99,-99,-99,8,4,4
E12000007,London,E09000019,Islington,E09000019,Islington,E02000566,Highbury Fields,-99,-99,-99,-99,-99,-99,-99,-99,-99,4,3,-99,-99,-99,-99,-99,-99,-99,-99,-99,-99,-99,-99,-99,-99,-99,-99,-99,-99,-99,-99,4,4,-99,12,7,7
E12000007,London,E09000019,Islington,E09000019,Islington,E02000567,Canonbury East & Mildmay Park,-99,-99,-99,-99,-99,-99,-99,3,9,7,-99,3,4,-99,-99,-99,-99,-99,-99,-99,-99,-99,-99,-99,-99,-99,-99,-99,-99,-99,-99,6,-99,-99,-99,8,8
E12000007,London,E09000019,Islington,E09000019,Islington,E02000568,Caledonian Road,-99,-99,-99,-99,-99,-99,3,-99,10,9,3,-99,-99,-99,-99,-99,-99,3,-99,-99,-99,-99,-99,-99,-99,-99,-99,4,-99,-99,-99,6,-99,-99,3,9,9
E12000007,London,E09000019,Islington,E09000019,Islington,E02000569,Islington North & Canonbury West,-99,-99,-99,-99,-99,-99,-99,5,8,11,-99,-99,-99,3,-99,-99,-99,-99,-99,-99,-99,-99,-99,-99,-99,-99,-99,-99,-99,-99,4,-99,3,-99,8,9,9
E12000007,London,E09000019,Islington,E09000019,Islington,E02000570,Barnsbury East,-99,-99,-99,-99,-99,-99,-99,-99,-99,6,3,6,-99,-99,-99,-99,-99,-99,-99,-99,-99,-99,-99,-99,-99,-99,-99,-99,-99,-99,-99,-99,-99,-99,7,6,6
E12000007,London,E09000019,Islington,E09000019,Islington,E02000571,Islington East & Arlington,-99,-99,-99,-99,-99,-99,-99,7,4,3,4,5,-99,-99,-99,-99,-99,-99,-99,-99,-99,-99,-99,-99,-99,-99,-99,-99,-99,-99,-99,-99,4,8,-99,14,14
E12000007,London,E09000019,Islington,E09000019,Islington,E02000572,Barnsbury West,-99,-99,-99,-99,-99,-99,3,3,5,7,-99,-99,3,-99,-99,-99,-99,-99,-99,-99,-99,-99,-99,-99,-99,-99,-99,-99,-99,-99,-99,-99,-99,6,6,8,8
E12000007,London,E09000019,Islington,E09000019,Islington,E02000573,Angel,-99,-99,-99,-99,-99,-99,3,-99,-99,9,5,-99,-99,-99,5,-99,-99,-99,-99,-99,-99,-99,-99,-99,-99,-99,-99,-99,-99,-99,-99,4,-99,3,5,10,10
E12000007,London,E09000019,Islington,E09000019,Islington,E02000574,King's Cross & Pentonville,-99,-99,-99,-99,-99,-99,-99,-99,5,5,4,-99,-99,-99,-99,-99,-99,-99,-99,-99,-99,-99,-99,-99,-99,-99,-99,-99,-99,-99,-99,-99,-99,-99,-99,5,5
E12000007,London,E09000019,Islington,E09000019,Islington,E02000575,Clerkenwell,-99,-99,-99,-99,-99,-99,3,-99,5,5,6,-99,-99,-99,-99,-99,-99,-99,-99,-99,-99,-99,-99,-99,-99,-99,3,-99,-99,4,4,5,-99,4,4,34,34
E12000007,London,E09000019,Islington,E09000019,Islington,E02000576,Old Street & St Luke's,-99,-99,-99,-99,-99,-99,-99,-99,9,6,4,-99,-99,-99,-99,-99,-99,-99,-99,-99,-99,-99,-99,-99,-99,-99,-99,-99,-99,-99,-99,3,-99,5,-99,5,5
E12000007,London,E09000020,Kensington and Chelsea,E09000020,Kensington and Chelsea,E02000577,Golborne & Swinbrook,-99,-99,-99,-99,-99,-99,-99,-99,6,7,-99,-99,3,-99,-99,-99,-99,-99,-99,-99,-99,-99,-99,-99,-99,-99,-99,-99,-99,-99,-99,-99,-99,-99,-99,8,8
E12000007,London,E09000020,Kensington and Chelsea,E09000020,Kensington and Chelsea,E02000578,Ladbroke Grove,-99,-99,-99,-99,-99,-99,-99,-99,7,9,7,5,-99,-99,-99,-99,-99,-99,-99,-99,-99,-99,-99,-99,-99,-99,-99,-99,-99,-99,-99,-99,-99,-99,-99,-99,-99
E12000007,London,E09000020,Kensington and Chelsea,E09000020,Kensington and Chelsea,E02000579,North Kensington,-99,-99,-99,-99,-99,-99,3,3,5,4,5,-99,3,-99,-99,-99,-99,-99,-99,-99,-99,-99,-99,-99,-99,-99,-99,-99,-99,-99,-99,-99,-99,-99,3,6,6
E12000007,London,E09000020,Kensington and Chelsea,E09000020,Kensington and Chelsea,E02000580,Portobello,-99,-99,-99,-99,-99,-99,-99,4,5,6,4,-99,-99,-99,-99,-99,-99,-99,-99,-99,3,-99,-99,-99,-99,-99,-99,-99,-99,-99,4,-99,5,-99,-99,7,7
E12000007,London,E09000020,Kensington and Chelsea,E09000020,Kensington and Chelsea,E02000581,Notting Dale,-99,-99,-99,-99,-99,-99,-99,-99,3,4,9,-99,-99,3,-99,-99,-99,-99,-99,-99,-99,-99,-99,-99,-99,-99,-99,-99,-99,-99,-99,3,-99,-99,-99,4,4
E12000007,London,E09000020,Kensington and Chelsea,E09000020,Kensington and Chelsea,E02000582,Notting Hill Gate,-99,-99,-99,-99,-99,-99,3,3,3,4,6,-99,-99,-99,4,-99,-99,-99,-99,-99,-99,-99,-99,-99,-99,-99,-99,-99,-99,-99,3,-99,-99,-99,-99,4,4
E12000007,London,E09000020,Kensington and Chelsea,E09000020,Kensington and Chelsea,E02000583,Notting Hill West,-99,-99,-99,-99,-99,-99,-99,-99,-99,3,4,-99,-99,-99,-99,-99,-99,-99,-99,-99,-99,-99,-99,-99,-99,-99,-99,-99,-99,3,-99,-99,-99,-99,3,5,5
E12000007,London,E09000020,Kensington and Chelsea,E09000020,Kensington and Chelsea,E02000584,Notting Hill South,-99,-99,-99,-99,-99,-99,4,-99,-99,-99,-99,-99,-99,-99,-99,-99,-99,-99,-99,-99,-99,-99,-99,-99,-99,-99,-99,-99,-99,-99,-99,7,3,-99,3,4,4
E12000007,London,E09000020,Kensington and Chelsea,E09000020,Kensington and Chelsea,E02000585,Holland Park,-99,-99,-99,-99,-99,4,-99,-99,5,-99,3,-99,-99,-99,-99,-99,-99,-99,-99,-99,-99,-99,-99,-99,-99,-99,-99,-99,-99,-99,-99,-99,-99,-99,-99,7,7
E12000007,London,E09000020,Kensington and Chelsea,E09000020,Kensington and Chelsea,E02000586,Queen's Gate,-99,-99,-99,-99,-99,-99,3,-99,6,-99,-99,-99,4,-99,-99,-99,-99,-99,-99,-99,-99,-99,-99,-99,-99,-99,-99,-99,-99,-99,4,-99,4,4,3,4,4
E12000007,London,E09000020,Kensington and Chelsea,E09000020,Kensington and Chelsea,E02000587,Kensington Abingdon,-99,-99,-99,-99,-99,-99,-99,-99,3,4,-99,-99,-99,-99,-99,-99,-99,-99,-99,-99,-99,-99,-99,-99,-99,-99,-99,-99,-99,-99,3,-99,-99,-99,4,7,7
E12000007,London,E09000020,Kensington and Chelsea,E09000020,Kensington and Chelsea,E02000588,Hans Town,-99,-99,-99,-99,-99,-99,3,5,6,-99,-99,-99,-99,-99,-99,-99,-99,-99,-99,-99,-99,-99,-99,-99,-99,-99,-99,-99,4,3,3,6,-99,5,-99,7,7
E12000007,London,E09000020,Kensington and Chelsea,E09000020,Kensington and Chelsea,E02000589,Kensington Gardens,-99,-99,-99,-99,-99,-99,5,3,7,6,-99,-99,-99,-99,-99,-99,-99,-99,-99,-99,-99,-99,-99,-99,-99,-99,-99,-99,-99,-99,-99,-99,-99,-99,-99,-99,-99
E12000007,London,E09000020,Kensington and Chelsea,E09000020,Kensington and Chelsea,E02000590,Brompton,-99,-99,-99,-99,-99,-99,-99,-99,5,4,4,-99,-99,-99,-99,-99,-99,-99,-99,-99,-99,-99,-99,-99,-99,-99,-99,-99,-99,-99,4,-99,-99,3,-99,-99,-99
E12000007,London,E09000020,Kensington and Chelsea,E09000020,Kensington and Chelsea,E02000591,Earl's Court,-99,-99,-99,-99,-99,-99,-99,5,4,6,-99,-99,-99,-99,-99,-99,-99,-99,-99,-99,-99,-99,-99,-99,-99,-99,-99,-99,-99,-99,-99,-99,-99,3,-99,-99,-99
E12000007,London,E09000020,Kensington and Chelsea,E09000020,Kensington and Chelsea,E02000592,South Kensington,-99,-99,-99,-99,-99,-99,-99,3,-99,4,-99,-99,-99,-99,-99,-99,3,-99,-99,-99,-99,-99,-99,-99,-99,-99,-99,-99,-99,-99,4,-99,-99,-99,-99,9,9
E12000007,London,E09000020,Kensington and Chelsea,E09000020,Kensington and Chelsea,E02000593,West Brompton,-99,-99,-99,-99,-99,-99,-99,3,-99,4,-99,-99,-99,-99,-99,-99,-99,-99,-99,-99,-99,-99,-99,-99,-99,-99,-99,-99,-99,-99,-99,5,-99,-99,-99,10,10
E12000007,London,E09000020,Kensington and Chelsea,E09000020,Kensington and Chelsea,E02000594,Chelsea Manor & Royal Hospital,-99,-99,-99,-99,-99,-99,-99,-99,13,26,16,11,4,3,-99,-99,-99,-99,-99,-99,-99,-99,-99,-99,-99,-99,-99,-99,-99,-99,4,5,3,-99,-99,3,3
E12000007,London,E09000020,Kensington and Chelsea,E09000020,Kensington and Chelsea,E02000595,Chelsea Riverside East,-99,-99,-99,-99,-99,-99,3,-99,3,-99,7,-99,-99,-99,-99,-99,-99,-99,-99,-99,-99,-99,-99,-99,-99,-99,-99,-99,-99,-99,5,5,-99,-99,-99,7,7
E12000007,London,E09000020,Kensington and Chelsea,E09000020,Kensington and Chelsea,E02000596,Fulham Road,-99,-99,-99,-99,-99,-99,-99,-99,3,-99,4,6,13,-99,-99,-99,-99,-99,-99,-99,-99,-99,-99,-99,-99,-99,-99,-99,-99,-99,3,4,9,3,3,9,9
E12000007,London,E09000020,Kensington and Chelsea,E09000020,Kensington and Chelsea,E02000597,Chelsea Riverside West,-99,-99,-99,-99,-99,-99,-99,4,3,9,5,-99,-99,-99,-99,-99,-99,-99,-99,-99,-99,-99,-99,-99,-99,-99,-99,-99,-99,-99,3,3,-99,-99,-99,6,6
E12000007,London,E09000021,Kingston upon Thames,E09000021,Kingston upon Thames,E02000598,Tudor Drive,-99,-99,-99,-99,-99,-99,-99,-99,5,-99,-99,8,-99,-99,-99,-99,-99,-99,-99,-99,-99,-99,-99,-99,-99,-99,-99,-99,-99,-99,-99,-99,-99,4,-99,6,6
E12000007,London,E09000021,Kingston upon Thames,E09000021,Kingston upon Thames,E02000599,Kingston Vale & Coombe Hill,-99,-99,-99,-99,-99,-99,-99,5,4,8,13,7,4,12,-99,7,-99,3,-99,-99,-99,-99,-99,-99,-99,-99,-99,-99,-99,-99,-99,3,4,-99,5,8,8
E12000007,London,E09000021,Kingston upon Thames,E09000021,Kingston upon Thames,E02000600,Kingston Hill,-99,-99,-99,-99,-99,-99,-99,4,10,7,14,12,6,-99,5,7,6,-99,-99,-99,-99,-99,-99,-99,-99,-99,-99,-99,3,-99,-99,3,6,-99,4,7,7
E12000007,London,E09000021,Kingston upon Thames,E09000021,Kingston upon Thames,E02000601,Kingston North,-99,-99,-99,-99,-99,-99,-99,-99,7,5,-99,3,-99,6,-99,-99,-99,-99,-99,-99,-99,-99,-99,-99,-99,-99,-99,-99,-99,-99,4,-99,-99,-99,-99,-99,-99
E12000007,London,E09000021,Kingston upon Thames,E09000021,Kingston upon Thames,E02000602,Kingston East & Norbiton West,-99,-99,-99,-99,-99,-99,-99,-99,3,7,4,3,-99,4,-99,-99,-99,-99,-99,-99,-99,-99,-99,-99,-99,-99,-99,5,-99,-99,-99,-99,4,6,3,17,17
E12000007,London,E09000021,Kingston upon Thames,E09000021,Kingston upon Thames,E02000603,Norbiton East,-99,-99,-99,-99,-99,-99,-99,-99,8,11,7,6,9,-99,-99,-99,-99,-99,-99,-99,-99,-99,-99,-99,-99,-99,-99,-99,-99,-99,-99,-99,-99,-99,-99,4,4
E12000007,London,E09000021,Kingston upon Thames,E09000021,Kingston upon Thames,E02000604,New Malden East,-99,-99,-99,-99,-99,-99,-99,-99,3,3,4,3,4,4,-99,3,-99,-99,-99,-99,-99,-99,-99,-99,-99,-99,-99,-99,-99,-99,-99,-99,-99,-99,-99,13,13
E12000007,London,E09000021,Kingston upon Thames,E09000021,Kingston upon Thames,E02000605,New Malden West,-99,-99,-99,-99,-99,-99,-99,-99,6,8,10,3,6,3,-99,7,-99,-99,-99,-99,-99,-99,-99,-99,-99,-99,-99,-99,-99,-99,-99,3,-99,-99,-99,5,5
E12000007,London,E09000021,Kingston upon Thames,E09000021,Kingston upon Thames,E02000606,Kingston Riverside,-99,-99,-99,-99,-99,-99,-99,-99,4,4,4,4,-99,4,-99,-99,-99,-99,3,-99,-99,-99,-99,-99,-99,-99,-99,4,-99,-99,-99,-99,-99,3,4,7,7
E12000007,London,E09000021,Kingston upon Thames,E09000021,Kingston upon Thames,E02000607,Berrylands North,-99,-99,-99,-99,-99,-99,-99,-99,4,-99,-99,3,3,-99,-99,-99,-99,-99,-99,-99,-99,-99,-99,-99,-99,-99,-99,-99,-99,-99,-99,-99,-99,3,-99,4,4
E12000007,London,E09000021,Kingston upon Thames,E09000021,Kingston upon Thames,E02000608,Surbiton North,-99,-99,-99,-99,-99,-99,-99,-99,-99,-99,-99,4,-99,-99,-99,-99,-99,-99,-99,-99,-99,-99,-99,-99,-99,-99,-99,-99,-99,-99,-99,-99,4,-99,-99,4,4
E12000007,London,E09000021,Kingston upon Thames,E09000021,Kingston upon Thames,E02000609,Malden Manor,-99,-99,-99,-99,-99,-99,-99,-99,4,4,5,9,3,-99,-99,-99,-99,-99,-99,-99,-99,-99,-99,-99,-99,-99,-99,-99,-99,3,-99,-99,-99,-99,4,9,9
E12000007,London,E09000021,Kingston upon Thames,E09000021,Kingston upon Thames,E02000610,Surbiton South,-99,-99,-99,-99,-99,-99,-99,-99,5,9,3,8,-99,10,-99,5,-99,-99,-99,-99,-99,-99,-99,-99,-99,-99,-99,-99,-99,-99,-99,-99,-99,-99,3,4,4
E12000007,London,E09000021,Kingston upon Thames,E09000021,Kingston upon Thames,E02000611,Berrylands South,-99,-99,-99,-99,-99,-99,-99,-99,-99,-99,3,4,-99,3,-99,-99,-99,-99,-99,-99,-99,-99,-99,-99,-99,-99,-99,-99,3,-99,-99,5,-99,-99,4,4,4
E12000007,London,E09000021,Kingston upon Thames,E09000021,Kingston upon Thames,E02000612,Motspur Park,-99,-99,-99,-99,-99,-99,-99,-99,4,3,6,5,12,-99,5,-99,4,-99,-99,-99,-99,-99,-99,-99,-99,-99,-99,-99,5,-99,-99,-99,-99,-99,6,-99,-99
E12000007,London,E09000021,Kingston upon Thames,E09000021,Kingston upon Thames,E02000613,Southborough,-99,-99,-99,-99,-99,-99,-99,-99,-99,5,3,10,-99,-99,-99,-99,-99,-99,-99,-99,-99,-99,-99,-99,-99,-99,-99,-99,-99,-99,8,-99,-99,-99,3,8,8
E12000007,London,E09000021,Kingston upon Thames,E09000021,Kingston upon Thames,E02000614,Tolworth,-99,-99,-99,-99,-99,-99,-99,-99,5,7,9,7,6,4,-99,-99,-99,-99,-99,-99,-99,-99,-99,-99,-99,-99,-99,-99,-99,4,-99,-99,-99,-99,5,5,5
E12000007,London,E09000021,Kingston upon Thames,E09000021,Kingston upon Thames,E02000615,Hook,-99,-99,-99,-99,-99,-99,-99,-99,4,7,4,7,3,4,3,-99,-99,-99,-99,-99,-99,-99,-99,-99,-99,-99,-99,-99,-99,-99,-99,-99,-99,-99,-99,5,5
E12000007,London,E09000021,Kingston upon Thames,E09000021,Kingston upon Thames,E02000616,Chessington North,-99,-99,-99,-99,-99,-99,-99,-99,-99,-99,6,4,6,-99,3,-99,-99,-99,-99,-99,-99,-99,-99,-99,-99,-99,-99,-99,-99,-99,-99,-99,-99,-99,-99,5,5
E12000007,London,E09000021,Kingston upon Thames,E09000021,Kingston upon Thames,E02000617,Chessington South & Malden Rushett,-99,-99,-99,-99,-99,-99,-99,-99,-99,-99,7,10,-99,7,4,-99,-99,-99,-99,-99,-99,-99,-99,-99,-99,-99,-99,-99,-99,-99,-99,3,-99,-99,6,5,5
E12000007,London,E09000022,Lambeth,E09000022,Lambeth,E02000619,Lambeth Walk & North Kennington,-99,-99,-99,-99,-99,-99,-99,6,6,8,-99,5,4,-99,-99,-99,-99,-99,-99,-99,-99,-99,-99,-99,-99,-99,-99,-99,-99,-99,-99,-99,-99,4,7,4,4
E12000007,London,E09000022,Lambeth,E09000022,Lambeth,E02000620,Kennington West & Vauxhall North,-99,-99,-99,-99,-99,-99,-99,8,4,7,9,5,8,3,-99,-99,-99,-99,-99,-99,-99,-99,-99,-99,-99,-99,-99,-99,-99,-99,3,-99,-99,-99,-99,3,3
E12000007,London,E09000022,Lambeth,E09000022,Lambeth,E02000621,Vauxhall South,-99,-99,-99,-99,-99,-99,6,5,3,9,9,-99,4,4,-99,-99,-99,-99,-99,-99,-99,-99,-99,-99,-99,-99,-99,-99,-99,4,-99,-99,8,3,9,-99,-99
E12000007,London,E09000022,Lambeth,E09000022,Lambeth,E02000622,Oval,-99,-99,-99,-99,-99,-99,3,5,9,6,8,6,-99,-99,-99,-99,-99,-99,-99,-99,-99,-99,-99,-99,-99,-99,-99,-99,-99,-99,-99,4,-99,-99,5,4,4
E12000007,London,E09000022,Lambeth,E09000022,Lambeth,E02000623,Stockwell North,-99,-99,-99,-99,-99,-99,-99,7,8,7,6,-99,-99,-99,-99,-99,3,-99,-99,-99,-99,-99,-99,-99,-99,-99,4,-99,-99,-99,-99,-99,-99,-99,3,4,4
E12000007,London,E09000022,Lambeth,E09000022,Lambeth,E02000624,Stockwell East,-99,-99,-99,-99,-99,-99,4,7,11,11,-99,5,6,-99,-99,-99,-99,-99,-99,-99,-99,-99,-99,-99,-99,-99,-99,-99,-99,-99,-99,-99,-99,-99,3,9,9
E12000007,London,E09000022,Lambeth,E09000022,Lambeth,E02000625,Stockwell West,-99,-99,-99,-99,-99,-99,-99,3,3,3,4,9,3,-99,-99,-99,-99,-99,-99,-99,-99,-99,-99,-99,-99,-99,-99,-99,-99,-99,-99,-99,3,-99,3,10,10
E12000007,London,E09000022,Lambeth,E09000022,Lambeth,E02000626,Loughborough Road,-99,-99,-99,-99,-99,-99,3,7,5,7,7,-99,3,-99,-99,-99,-99,-99,-99,-99,-99,-99,-99,-99,-99,-99,-99,4,4,-99,-99,-99,-99,-99,-99,-99,-99
E12000007,London,E09000022,Lambeth,E09000022,Lambeth,E02000627,Stockwell South,-99,-99,-99,-99,-99,-99,-99,3,9,9,4,4,4,3,-99,-99,-99,-99,-99,-99,-99,-99,-99,-99,-99,-99,-99,-99,-99,3,7,4,-99,5,5,15,15
E12000007,London,E09000022,Lambeth,E09000022,Lambeth,E02000628,Brixton North,-99,-99,-99,-99,-99,-99,-99,6,6,13,6,4,5,-99,-99,-99,-99,-99,-99,-99,-99,-99,-99,-99,-99,-99,-99,-99,-99,-99,-99,4,-99,-99,5,8,8
E12000007,London,E09000022,Lambeth,E09000022,Lambeth,E02000629,Clapham North,-99,-99,-99,-99,-99,-99,-99,-99,3,5,7,5,-99,-99,-99,5,-99,-99,-99,-99,-99,-99,-99,-99,-99,-99,5,-99,-99,3,5,5,5,4,-99,9,9
E12000007,London,E09000022,Lambeth,E09000022,Lambeth,E02000630,Clapham Old Town,-99,-99,-99,-99,-99,-99,-99,-99,4,4,3,3,-99,-99,-99,-99,-99,-99,-99,-99,-99,-99,-99,-99,-99,-99,-99,-99,-99,-99,4,-99,3,4,7,5,5
E12000007,London,E09000022,Lambeth,E09000022,Lambeth,E02000631,Herne Hill East,-99,-99,-99,-99,-99,-99,-99,4,7,20,20,3,3,-99,-99,-99,-99,-99,-99,-99,-99,-99,-99,-99,-99,-99,-99,3,-99,-99,3,3,3,5,-99,8,8
E12000007,London,E09000022,Lambeth,E09000022,Lambeth,E02000632,Acre Lane,-99,-99,-99,-99,-99,-99,-99,-99,15,12,8,-99,3,-99,-99,-99,-99,-99,-99,-99,-99,-99,-99,-99,-99,-99,-99,-99,3,-99,3,7,3,3,5,8,8
E12000007,London,E09000022,Lambeth,E09000022,Lambeth,E02000633,Brixton Central,-99,-99,-99,-99,-99,-99,-99,-99,6,10,6,3,3,-99,-99,-99,-99,-99,-99,-99,-99,-99,-99,-99,-99,-99,-99,-99,-99,-99,-99,-99,-99,-99,4,8,8
E12000007,London,E09000022,Lambeth,E09000022,Lambeth,E02000634,Clapham Common North,-99,-99,-99,-99,-99,-99,-99,-99,5,6,19,3,3,3,-99,-99,5,-99,-99,-99,-99,-99,-99,-99,-99,-99,-99,-99,-99,-99,3,3,-99,4,-99,5,5
E12000007,London,E09000022,Lambeth,E09000022,Lambeth,E02000635,Poets' Corner & Brockwell Park,-99,-99,-99,-99,-99,-99,-99,3,10,6,6,-99,3,-99,-99,-99,-99,-99,-99,-99,-99,-99,-99,-99,-99,-99,-99,-99,-99,-99,3,4,-99,3,7,7,7
E12000007,London,E09000022,Lambeth,E09000022,Lambeth,E02000636,Clapham South,-99,-99,-99,-99,-99,-99,3,10,7,-99,5,4,6,-99,-99,-99,-99,-99,-99,-99,-99,-99,-99,-99,-99,-99,-99,-99,-99,3,-99,5,5,-99,3,9,9
E12000007,London,E09000022,Lambeth,E09000022,Lambeth,E02000637,Brixton Hill East,-99,-99,-99,-99,-99,-99,-99,-99,8,7,9,-99,-99,-99,-99,-99,-99,-99,-99,-99,-99,-99,-99,-99,-99,-99,-99,-99,-99,-99,3,-99,5,4,3,8,8
E12000007,London,E09000022,Lambeth,E09000022,Lambeth,E02000638,Brixton Hilll West,-99,-99,-99,-99,-99,-99,-99,6,7,8,5,5,-99,3,-99,-99,-99,-99,-99,-99,-99,-99,-99,-99,-99,-99,3,-99,-99,-99,-99,-99,-99,-99,-99,12,12
E12000007,London,E09000022,Lambeth,E09000022,Lambeth,E02000639,Clapham Park East & Streatham Hill North,-99,-99,-99,-99,-99,-99,-99,3,7,7,6,-99,-99,3,-99,-99,-99,-99,-99,-99,-99,-99,-99,-99,-99,-99,-99,-99,-99,-99,-99,3,-99,-99,6,10,10
E12000007,London,E09000022,Lambeth,E09000022,Lambeth,E02000640,Clapham Park West,-99,-99,-99,-99,-99,-99,-99,10,-99,5,8,-99,-99,-99,-99,-99,-99,-99,-99,-99,-99,-99,-99,-99,-99,-99,-99,-99,-99,-99,-99,-99,3,-99,8,6,6
E12000007,London,E09000022,Lambeth,E09000022,Lambeth,E02000641,Tulse Hill,-99,-99,-99,-99,-99,-99,4,4,9,7,9,5,-99,3,-99,3,-99,-99,-99,-99,-99,-99,-99,-99,-99,-99,-99,-99,-99,-99,-99,-99,-99,-99,-99,6,6
E12000007,London,E09000022,Lambeth,E09000022,Lambeth,E02000642,West Dulwich,-99,-99,-99,-99,-99,-99,-99,5,10,4,7,3,3,-99,-99,-99,-99,-99,-99,-99,-99,-99,-99,-99,-99,-99,-99,-99,-99,-99,-99,4,-99,4,5,4,4
E12000007,London,E09000022,Lambeth,E09000022,Lambeth,E02000643,Streatham Hill,-99,-99,-99,-99,-99,-99,-99,6,10,13,9,5,4,-99,-99,4,-99,-99,-99,-99,-99,-99,-99,-99,-99,-99,-99,-99,-99,-99,-99,3,-99,-99,-99,7,7
E12000007,London,E09000022,Lambeth,E09000022,Lambeth,E02000644,Leigham Vale & Royal Circus,-99,-99,-99,-99,-99,-99,-99,-99,5,4,3,-99,4,-99,-99,-99,-99,-99,-99,-99,-99,-99,-99,-99,-99,-99,-99,-99,-99,-99,-99,-99,-99,-99,7,-99,-99
E12000007,London,E09000022,Lambeth,E09000022,Lambeth,E02000645,West Norwood East,-99,-99,-99,-99,-99,-99,-99,4,6,6,3,-99,-99,-99,-99,-99,-99,-99,-99,-99,-99,-99,-99,-99,-99,-99,-99,-99,-99,-99,3,3,-99,-99,-99,10,10
E12000007,London,E09000022,Lambeth,E09000022,Lambeth,E02000646,Streatham Central,-99,-99,-99,-99,-99,-99,-99,3,5,6,-99,4,-99,-99,3,-99,-99,-99,-99,-99,-99,-99,-99,-99,-99,-99,-99,-99,-99,-99,-99,-99,-99,-99,-99,6,6
E12000007,London,E09000022,Lambeth,E09000022,Lambeth,E02000647,West Norwood West & Streatham East,-99,-99,-99,-99,-99,-99,-99,4,7,15,5,3,4,7,-99,-99,-99,-99,-99,-99,-99,-99,-99,-99,-99,-99,-99,-99,-99,-99,-99,-99,4,-99,5,6,6
E12000007,London,E09000022,Lambeth,E09000022,Lambeth,E02000648,West Norwood South,-99,-99,-99,-99,-99,-99,4,4,5,8,8,6,3,-99,3,-99,-99,-99,-99,-99,-99,-99,-99,-99,-99,-99,-99,-99,-99,-99,-99,-99,-99,-99,4,-99,-99
E12000007,London,E09000022,Lambeth,E09000022,Lambeth,E02000649,Streatham Green,-99,-99,-99,-99,-99,-99,4,11,8,8,9,-99,-99,-99,-99,-99,-99,-99,-99,-99,-99,-99,-99,-99,-99,-99,-99,-99,-99,3,3,9,-99,-99,3,5,5
E12000007,London,E09000022,Lambeth,E09000022,Lambeth,E02000650,Gipsy Hill,-99,-99,-99,-99,-99,-99,-99,5,5,8,7,3,3,-99,-99,-99,-99,-99,-99,-99,-99,-99,-99,-99,-99,-99,-99,-99,-99,-99,-99,3,-99,-99,4,7,7
E12000007,London,E09000022,Lambeth,E09000022,Lambeth,E02000651,Streatham Common,-99,-99,-99,-99,-99,-99,-99,-99,8,14,3,4,-99,-99,-99,-99,-99,-99,-99,-99,-99,-99,-99,-99,-99,-99,-99,-99,-99,-99,-99,-99,-99,-99,3,12,12
E12000007,London,E09000022,Lambeth,E09000022,Lambeth,E02000652,Streatham Vale,-99,-99,-99,-99,-99,-99,-99,3,3,4,4,4,-99,-99,-99,-99,-99,-99,-99,-99,-99,-99,-99,-99,-99,-99,-99,-99,-99,-99,-99,3,-99,3,3,4,4
E12000007,London,E09000023,Lewisham,E09000023,Lewisham,E02000653,Silwood & Pepys,-99,-99,-99,-99,-99,-99,-99,8,6,10,-99,6,4,5,-99,3,-99,-99,-99,-99,-99,-99,-99,-99,-99,-99,-99,-99,-99,-99,3,-99,-99,-99,-99,6,6
E12000007,London,E09000023,Lewisham,E09000023,Lewisham,E02000654,Deptford North,-99,-99,-99,-99,-99,-99,-99,-99,5,6,9,-99,3,-99,-99,-99,-99,-99,-99,-99,-99,-99,-99,-99,-99,4,-99,-99,-99,-99,-99,-99,-99,-99,7,7,7
E12000007,London,E09000023,Lewisham,E09000023,Lewisham,E02000655,New Cross Gate,-99,-99,-99,-99,-99,-99,-99,7,6,13,5,-99,4,-99,3,-99,-99,-99,-99,-99,-99,-99,-99,-99,-99,-99,-99,-99,-99,-99,-99,-99,6,4,-99,12,12
E12000007,London,E09000023,Lewisham,E09000023,Lewisham,E02000657,New Cross South,-99,-99,-99,-99,-99,-99,-99,-99,3,8,3,4,-99,-99,-99,-99,-99,-99,-99,-99,-99,-99,-99,-99,-99,3,-99,-99,-99,-99,-99,3,-99,5,6,9,9
E12000007,London,E09000023,Lewisham,E09000023,Lewisham,E02000658,Telegraph Hill,-99,-99,-99,-99,-99,-99,-99,-99,10,5,-99,4,9,-99,-99,-99,-99,-99,-99,-99,-99,-99,-99,-99,-99,-99,-99,-99,-99,-99,-99,-99,-99,-99,-99,7,7
E12000007,London,E09000023,Lewisham,E09000023,Lewisham,E02000659,Blackheath West,-99,-99,-99,-99,-99,-99,-99,-99,-99,10,4,3,-99,-99,-99,-99,-99,-99,-99,-99,-99,-99,-99,-99,-99,-99,-99,-99,-99,-99,-99,-99,-99,-99,-99,7,7
E12000007,London,E09000023,Lewisham,E09000023,Lewisham,E02000660,Brockley East & St Johns,-99,-99,-99,-99,-99,-99,-99,-99,-99,3,-99,3,-99,-99,-99,-99,-99,-99,-99,-99,-99,-99,-99,-99,-99,-99,-99,-99,-99,-99,-99,-99,4,-99,-99,5,5
E12000007,London,E09000023,Lewisham,E09000023,Lewisham,E02000661,Blackheath Village,-99,-99,-99,-99,-99,-99,-99,-99,-99,5,-99,3,-99,-99,-99,-99,-99,-99,-99,-99,-99,-99,-99,-99,-99,-99,-99,-99,-99,4,-99,3,-99,-99,-99,5,5
E12000007,London,E09000023,Lewisham,E09000023,Lewisham,E02000662,Brockley West,-99,-99,-99,-99,-99,-99,-99,4,5,6,3,-99,-99,-99,-99,-99,-99,-99,-99,-99,-99,-99,-99,-99,-99,-99,-99,-99,-99,3,-99,-99,-99,-99,5,8,8
E12000007,London,E09000023,Lewisham,E09000023,Lewisham,E02000663,Loampit & Hilly Fields,-99,-99,-99,-99,-99,-99,-99,-99,5,6,9,-99,-99,3,-99,-99,-99,-99,-99,-99,-99,-99,-99,-99,-99,-99,-99,6,3,-99,-99,-99,3,-99,-99,8,8
E12000007,London,E09000023,Lewisham,E09000023,Lewisham,E02000664,Lewisham Central & Park,-99,-99,-99,-99,-99,-99,-99,7,9,14,7,9,7,-99,-99,-99,-99,-99,-99,-99,-99,-99,-99,-99,-99,-99,-99,-99,-99,3,-99,7,6,10,3,5,5
E12000007,London,E09000023,Lewisham,E09000023,Lewisham,E02000665,Manor House,-99,-99,-99,-99,-99,-99,-99,-99,3,5,-99,-99,4,-99,-99,-99,3,-99,-99,-99,-99,-99,-99,-99,-99,-99,-99,-99,-99,-99,-99,-99,-99,-99,6,5,5
E12000007,London,E09000023,Lewisham,E09000023,Lewisham,E02000666,Ladywell,-99,-99,-99,-99,-99,-99,-99,4,4,5,7,16,3,3,-99,-99,-99,-99,-99,-99,-99,-99,-99,-99,-99,-99,-99,-99,-99,-99,-99,-99,-99,3,-99,4,4
E12000007,London,E09000023,Lewisham,E09000023,Lewisham,E02000667,Crofton Park,-99,-99,-99,-99,-99,-99,-99,-99,3,4,-99,-99,-99,-99,-99,-99,-99,-99,-99,-99,-99,-99,-99,-99,-99,-99,-99,-99,-99,-99,-99,-99,-99,-99,5,12,12
E12000007,London,E09000023,Lewisham,E09000023,Lewisham,E02000668,Lee,-99,-99,-99,-99,-99,-99,-99,-99,3,11,3,4,-99,-99,-99,-99,-99,-99,-99,-99,-99,-99,-99,-99,-99,-99,-99,-99,-99,-99,-99,-99,-99,-99,-99,3,3
E12000007,London,E09000023,Lewisham,E09000023,Lewisham,E02000669,Hither Green,-99,-99,-99,-99,-99,-99,-99,3,4,7,11,3,-99,-99,-99,-99,-99,-99,-99,-99,-99,-99,-99,-99,-99,-99,-99,-99,-99,-99,-99,-99,-99,-99,5,3,3
E12000007,London,E09000023,Lewisham,E09000023,Lewisham,E02000670,Catford East & Mountsfield Park,-99,-99,-99,-99,-99,-99,-99,4,3,4,5,3,6,-99,-99,-99,-99,-99,-99,-99,-99,-99,-99,-99,-99,-99,-99,3,-99,-99,-99,5,3,-99,-99,4,4
E12000007,London,E09000023,Lewisham,E09000023,Lewisham,E02000671,Honor Oak,-99,-99,-99,-99,-99,-99,-99,-99,7,5,-99,-99,4,3,-99,-99,-99,-99,-99,-99,-99,-99,-99,-99,-99,-99,-99,-99,-99,-99,-99,-99,-99,-99,5,9,9
E12000007,London,E09000023,Lewisham,E09000023,Lewisham,E02000672,Catford Bridge,-99,-99,-99,-99,-99,-99,3,5,4,6,4,-99,3,-99,-99,3,-99,-99,-99,-99,-99,-99,-99,-99,-99,-99,-99,-99,-99,3,-99,-99,-99,-99,4,12,12
E12000007,London,E09000023,Lewisham,E09000023,Lewisham,E02000673,Forest Hill West,-99,-99,-99,-99,-99,-99,-99,-99,3,8,5,3,-99,-99,-99,-99,-99,-99,-99,-99,-99,-99,-99,-99,3,-99,-99,-99,-99,-99,-99,-99,-99,-99,4,4,4
E12000007,London,E09000023,Lewisham,E09000023,Lewisham,E02000674,Corbett Estate,-99,-99,-99,-99,-99,-99,-99,-99,8,11,10,8,3,-99,-99,-99,-99,-99,-99,-99,-99,-99,-99,-99,-99,-99,-99,-99,-99,-99,-99,-99,6,-99,4,-99,-99
E12000007,London,E09000023,Lewisham,E09000023,Lewisham,E02000675,Grove Park & Lee South,-99,-99,-99,-99,-99,-99,-99,-99,4,6,4,4,6,-99,-99,-99,-99,-99,-99,-99,-99,-99,-99,-99,-99,-99,-99,-99,-99,-99,-99,6,3,-99,-99,4,4
E12000007,London,E09000023,Lewisham,E09000023,Lewisham,E02000676,Forest Hill East,-99,-99,-99,-99,-99,-99,-99,4,8,7,9,3,-99,-99,-99,-99,-99,-99,-99,-99,-99,-99,-99,-99,-99,-99,-99,-99,-99,-99,-99,-99,-99,5,5,-99,-99
E12000007,London,E09000023,Lewisham,E09000023,Lewisham,E02000677,Culverley Green,-99,-99,-99,-99,-99,-99,-99,3,5,13,4,3,4,6,-99,-99,-99,-99,-99,-99,-99,-99,-99,-99,-99,-99,-99,-99,-99,-99,4,-99,-99,3,-99,-99,-99
E12000007,London,E09000023,Lewisham,E09000023,Lewisham,E02000678,Further Green,-99,-99,-99,-99,-99,-99,-99,-99,5,8,4,3,-99,3,-99,-99,-99,-99,-99,-99,-99,-99,-99,3,-99,-99,-99,-99,-99,-99,-99,-99,-99,4,-99,3,3
E12000007,London,E09000023,Lewisham,E09000023,Lewisham,E02000679,Perry Vale,-99,-99,-99,-99,-99,-99,-99,-99,7,8,7,3,3,-99,-99,-99,-99,-99,-99,-99,-99,-99,-99,-99,-99,-99,-99,-99,-99,-99,-99,-99,-99,-99,4,7,7
E12000007,London,E09000023,Lewisham,E09000023,Lewisham,E02000680,Upper Sydenham,-99,-99,-99,-99,-99,-99,-99,-99,7,10,6,-99,3,3,-99,-99,-99,-99,-99,-99,-99,-99,-99,-99,-99,-99,-99,-99,-99,-99,-99,-99,-99,-99,-99,-99,-99
E12000007,London,E09000023,Lewisham,E09000023,Lewisham,E02000681,Bellingham & Perry Hill,-99,-99,-99,-99,-99,-99,-99,-99,9,4,6,-99,-99,3,5,-99,-99,-99,-99,-99,-99,-99,-99,-99,-99,-99,-99,-99,-99,-99,-99,-99,-99,-99,-99,5,5
E12000007,London,E09000023,Lewisham,E09000023,Lewisham,E02000682,Forster Park & Southend,-99,-99,-99,-99,-99,-99,3,-99,6,7,-99,3,-99,3,3,6,-99,-99,-99,-99,-99,-99,-99,-99,-99,-99,-99,-99,-99,-99,-99,-99,-99,5,3,3,3
E12000007,London,E09000023,Lewisham,E09000023,Lewisham,E02000683,Chinbrook,-99,-99,-99,-99,-99,-99,-99,-99,3,7,8,4,-99,-99,-99,-99,-99,-99,-99,-99,-99,-99,-99,-99,-99,-99,-99,-99,-99,-99,-99,-99,-99,-99,-99,3,3
E12000007,London,E09000023,Lewisham,E09000023,Lewisham,E02000685,Sydenham Wells,-99,-99,-99,-99,-99,-99,-99,-99,4,5,11,9,5,4,-99,-99,-99,-99,-99,-99,-99,-99,-99,-99,-99,-99,-99,-99,-99,-99,-99,-99,-99,-99,-99,6,6
E12000007,London,E09000023,Lewisham,E09000023,Lewisham,E02000686,Beckenham Hill,-99,-99,-99,-99,-99,-99,-99,-99,-99,8,3,5,4,-99,-99,-99,-99,-99,-99,-99,-99,-99,-99,-99,-99,-99,-99,-99,-99,3,-99,-99,-99,-99,5,4,4
E12000007,London,E09000023,Lewisham,E09000023,Lewisham,E02000687,Lower Sydenham,-99,-99,-99,-99,-99,-99,-99,3,-99,10,3,3,-99,8,-99,-99,-99,-99,-99,-99,-99,-99,-99,-99,-99,-99,-99,-99,-99,-99,-99,-99,-99,-99,4,-99,-99
E12000007,London,E09000024,Merton,E09000024,Merton,E02000689,Wimbledon Park & Durnsford Road,-99,-99,-99,-99,-99,-99,-99,3,-99,3,-99,-99,-99,-99,-99,-99,-99,-99,-99,-99,-99,-99,-99,-99,-99,-99,-99,-99,-99,-99,-99,3,-99,3,3,6,6
E12000007,London,E09000024,Merton,E09000024,Merton,E02000690,Wimbledon Common,-99,-99,-99,-99,-99,-99,-99,-99,4,6,-99,-99,3,5,-99,-99,-99,-99,-99,-99,-99,-99,-99,-99,-99,-99,-99,-99,3,-99,-99,-99,-99,-99,-99,8,8
E12000007,London,E09000024,Merton,E09000024,Merton,E02000691,Wimbledon Broadway North,-99,-99,-99,-99,-99,-99,-99,-99,4,3,3,3,-99,3,-99,-99,-99,-99,-99,-99,-99,-99,-99,-99,-99,-99,-99,-99,-99,-99,-99,3,3,-99,4,9,9
E12000007,London,E09000024,Merton,E09000024,Merton,E02000692,Wimbledon Hill,-99,-99,-99,-99,-99,-99,-99,3,3,8,5,-99,-99,-99,-99,5,-99,-99,-99,-99,-99,-99,-99,-99,-99,-99,-99,-99,3,-99,3,-99,3,-99,4,-99,-99
E12000007,London,E09000024,Merton,E09000024,Merton,E02000693,Colliers Wood,-99,-99,-99,-99,-99,-99,3,8,8,10,5,5,3,-99,-99,-99,-99,-99,-99,-99,-99,-99,-99,-99,-99,-99,3,-99,6,-99,-99,-99,4,-99,-99,3,3
E12000007,London,E09000024,Merton,E09000024,Merton,E02000694,South Wimbledon,-99,-99,-99,-99,-99,-99,-99,4,7,6,3,4,-99,-99,-99,-99,-99,-99,-99,-99,-99,-99,-99,-99,-99,-99,-99,-99,3,-99,-99,-99,4,-99,-99,3,3
E12000007,London,E09000024,Merton,E09000024,Merton,E02000695,Graveney,-99,-99,-99,-99,-99,-99,-99,-99,5,13,10,4,3,-99,-99,-99,4,-99,-99,-99,-99,-99,-99,-99,-99,-99,-99,-99,-99,-99,-99,-99,-99,-99,-99,-99,-99
E12000007,London,E09000024,Merton,E09000024,Merton,E02000696,Lavender Park,-99,-99,-99,-99,-99,-99,-99,-99,12,6,10,-99,-99,3,-99,-99,-99,-99,-99,-99,-99,-99,-99,-99,-99,-99,-99,-99,-99,-99,-99,-99,-99,-99,5,4,4
E12000007,London,E09000024,Merton,E09000024,Merton,E02000697,Wimbledon Broadway South,-99,-99,-99,-99,-99,-99,-99,-99,8,5,4,-99,3,-99,4,-99,-99,-99,-99,-99,-99,-99,-99,-99,-99,-99,-99,-99,-99,-99,-99,-99,-99,-99,5,3,3
E12000007,London,E09000024,Merton,E09000024,Merton,E02000698,Cottenham Park,-99,-99,-99,-99,-99,-99,-99,-99,-99,8,4,6,3,-99,-99,-99,4,-99,-99,-99,-99,-99,-99,-99,-99,-99,-99,-99,-99,-99,-99,3,-99,-99,-99,5,5
E12000007,London,E09000024,Merton,E09000024,Merton,E02000699,Wimbledon Chase,-99,-99,-99,-99,-99,-99,-99,-99,-99,4,7,4,-99,-99,-99,-99,-99,-99,-99,-99,-99,-99,-99,-99,-99,-99,-99,-99,-99,-99,-99,-99,-99,-99,3,4,4
E12000007,London,E09000024,Merton,E09000024,Merton,E02000700,Merton Church Road & Phipps Bridge,-99,-99,-99,-99,-99,-99,-99,3,4,9,-99,5,-99,6,-99,-99,-99,-99,-99,-99,-99,-99,-99,-99,-99,-99,-99,-99,-99,-99,-99,-99,-99,-99,-99,-99,-99
E12000007,London,E09000024,Merton,E09000024,Merton,E02000701,Mitcham East,-99,-99,-99,-99,-99,-99,-99,6,8,11,6,-99,-99,3,4,-99,-99,-99,-99,-99,-99,-99,-99,-99,-99,-99,-99,-99,-99,3,-99,-99,-99,-99,5,3,3
E12000007,London,E09000024,Merton,E09000024,Merton,E02000702,Lonesome,-99,-99,-99,-99,-99,-99,3,-99,4,9,9,5,3,4,-99,3,-99,-99,-99,-99,-99,4,-99,-99,-99,-99,-99,-99,-99,-99,-99,-99,-99,-99,3,3,3
E12000007,London,E09000024,Merton,E09000024,Merton,E02000703,Merton Park,-99,-99,-99,-99,-99,-99,-99,3,6,4,-99,3,-99,-99,3,-99,-99,-99,-99,-99,-99,-99,-99,-99,-99,-99,-99,-99,-99,-99,-99,3,-99,-99,-99,3,3
E12000007,London,E09000024,Merton,E09000024,Merton,E02000704,Raynes Park,-99,-99,-99,-99,-99,-99,-99,-99,5,6,5,8,6,3,-99,-99,-99,-99,-99,-99,-99,-99,-99,-99,-99,-99,-99,-99,-99,-99,-99,-99,-99,-99,-99,6,6
E12000007,London,E09000024,Merton,E09000024,Merton,E02000705,Rowan Road,-99,-99,-99,-99,-99,-99,3,4,6,8,7,5,-99,3,-99,3,-99,3,-99,-99,-99,-99,-99,-99,-99,-99,-99,-99,-99,-99,-99,-99,4,4,-99,4,4
E12000007,London,E09000024,Merton,E09000024,Merton,E02000706,Mitcham West,-99,-99,-99,-99,-99,-99,-99,5,4,7,11,5,4,3,-99,-99,6,-99,-99,-99,-99,-99,-99,-99,-99,-99,-99,-99,-99,-99,-99,-99,-99,-99,-99,-99,-99
E12000007,London,E09000024,Merton,E09000024,Merton,E02000707,Pollards Hill,-99,-99,-99,-99,-99,-99,-99,-99,5,9,-99,7,4,3,-99,-99,-99,-99,-99,-99,-99,-99,-99,-99,-99,-99,-99,-99,-99,-99,-99,-99,-99,-99,-99,-99,-99
E12000007,London,E09000024,Merton,E09000024,Merton,E02000708,West Barnes,-99,-99,-99,-99,-99,-99,-99,-99,4,4,5,-99,3,-99,-99,-99,-99,-99,-99,-99,-99,-99,-99,-99,-99,-99,-99,-99,-99,3,-99,-99,-99,-99,3,3,3
E12000007,London,E09000024,Merton,E09000024,Merton,E02000709,Cannon Hill,-99,-99,-99,-99,-99,-99,-99,-99,3,-99,-99,6,3,3,4,-99,4,-99,-99,-99,-99,-99,-99,-99,-99,-99,-99,-99,-99,-99,-99,-99,6,-99,4,-99,-99
E12000007,London,E09000024,Merton,E09000024,Merton,E02000710,Mitcham South,-99,-99,-99,-99,-99,-99,-99,7,8,11,7,6,12,6,-99,3,3,-99,-99,-99,-99,-99,-99,-99,-99,-99,-99,-99,-99,-99,-99,4,-99,-99,-99,4,4
E12000007,London,E09000024,Merton,E09000024,Merton,E02000711,Morden Central,-99,-99,-99,-99,-99,-99,-99,-99,6,5,8,-99,-99,6,6,-99,-99,-99,-99,-99,-99,-99,-99,-99,-99,-99,-99,3,-99,-99,-99,-99,-99,-99,3,6,6
E12000007,London,E09000024,Merton,E09000024,Merton,E02000712,St Helier North,-99,-99,-99,-99,-99,-99,3,-99,-99,4,11,5,4,3,-99,-99,-99,-99,-99,-99,-99,-99,-99,-99,-99,-99,-99,-99,-99,-99,-99,-99,-99,-99,-99,-99,-99
E12000007,London,E09000024,Merton,E09000024,Merton,E02000713,Lower Morden,-99,-99,-99,-99,-99,-99,-99,-99,6,5,6,10,6,3,3,4,-99,-99,-99,-99,-99,-99,-99,-99,-99,-99,-99,-99,-99,-99,-99,-99,-99,4,3,4,4
E12000007,London,E09000025,Newham,E09000025,Newham,E02000714,Forest Gate North,-99,-99,-99,-99,-99,-99,-99,3,4,8,6,-99,-99,-99,-99,-99,-99,-99,-99,-99,-99,-99,-99,-99,-99,-99,-99,-99,-99,-99,-99,-99,-99,4,3,4,4
E12000007,London,E09000025,Newham,E09000025,Newham,E02000715,Little Ilford West,-99,-99,-99,-99,-99,-99,-99,6,10,6,6,3,-99,-99,3,-99,-99,-99,-99,-99,-99,-99,-99,-99,-99,-99,-99,-99,-99,-99,-99,-99,-99,5,7,14,14
E12000007,London,E09000025,Newham,E09000025,Newham,E02000716,Manor Park North,-99,-99,-99,-99,-99,-99,-99,-99,6,6,6,3,-99,3,-99,-99,-99,-99,-99,-99,-99,-99,-99,-99,-99,-99,-99,3,-99,-99,-99,-99,8,11,12,6,6
E12000007,London,E09000025,Newham,E09000025,Newham,E02000717,Manor Park South,-99,-99,-99,-99,-99,-99,-99,-99,4,8,5,-99,3,-99,-99,-99,-99,-99,-99,-99,-99,-99,-99,-99,-99,-99,-99,-99,-99,-99,-99,-99,-99,5,7,8,8
E12000007,London,E09000025,Newham,E09000025,Newham,E02000718,Little Ilford East,-99,-99,-99,-99,-99,-99,-99,-99,4,5,4,-99,-99,-99,-99,-99,-99,-99,6,-99,-99,-99,3,-99,-99,-99,-99,-99,-99,-99,-99,-99,-99,4,-99,4,4
E12000007,London,E09000025,Newham,E09000025,Newham,E02000719,Forest Gate West,-99,-99,-99,-99,-99,-99,-99,-99,10,8,5,-99,3,-99,-99,-99,-99,-99,-99,-99,-99,-99,-99,-99,-99,-99,-99,-99,-99,-99,-99,-99,-99,-99,3,-99,-99
E12000007,London,E09000025,Newham,E09000025,Newham,E02000720,Forest Gate East,-99,-99,-99,-99,-99,-99,-99,-99,4,6,-99,-99,-99,-99,4,-99,-99,-99,-99,-99,-99,-99,-99,-99,-99,-99,-99,-99,-99,-99,-99,-99,3,8,5,7,7
E12000007,London,E09000025,Newham,E09000025,Newham,E02000721,Forest Gate South,-99,-99,-99,-99,-99,-99,-99,3,10,6,9,3,3,-99,-99,-99,-99,-99,-99,-99,-99,-99,-99,-99,-99,-99,-99,-99,3,-99,-99,7,3,-99,14,11,11
E12000007,London,E09000025,Newham,E09000025,Newham,E02000722,Stratford East,-99,-99,-99,-99,-99,-99,-99,4,4,11,4,-99,-99,-99,-99,-99,3,-99,-99,-99,-99,-99,-99,-99,-99,-99,-99,-99,-99,-99,-99,-99,-99,3,8,11,11
E12000007,London,E09000025,Newham,E09000025,Newham,E02000723,East Ham North,-99,-99,-99,-99,-99,-99,3,-99,12,11,8,6,3,6,-99,-99,-99,-99,-99,-99,-99,-99,-99,-99,-99,-99,-99,-99,4,-99,-99,8,8,4,9,8,8
E12000007,London,E09000025,Newham,E09000025,Newham,E02000724,Plashet East,-99,-99,-99,-99,-99,-99,-99,-99,8,11,9,6,3,7,6,-99,-99,-99,-99,-99,-99,-99,-99,-99,-99,5,-99,-99,-99,-99,-99,4,-99,-99,15,-99,-99
E12000007,London,E09000025,Newham,E09000025,Newham,E02000725,Stratford Central,-99,-99,-99,-99,-99,-99,-99,-99,5,9,8,-99,-99,3,-99,-99,-99,-99,-99,-99,-99,-99,-99,-99,-99,-99,-99,-99,-99,-99,-99,3,-99,4,6,11,11
E12000007,London,E09000025,Newham,E09000025,Newham,E02000726,Olympic Park & Mill Meads,-99,-99,-99,-99,-99,-99,-99,4,6,11,10,6,6,3,-99,-99,-99,5,-99,-99,-99,-99,-99,-99,-99,-99,-99,-99,6,-99,3,5,7,11,7,16,16
E12000007,London,E09000025,Newham,E09000025,Newham,E02000727,Plashet West,-99,-99,-99,-99,-99,-99,-99,-99,3,6,4,-99,-99,4,-99,3,-99,-99,-99,-99,-99,-99,-99,-99,-99,-99,-99,-99,-99,-99,-99,8,-99,-99,7,9,9
E12000007,London,E09000025,Newham,E09000025,Newham,E02000728,Wallend North,-99,-99,-99,-99,-99,-99,-99,3,4,5,4,4,-99,-99,4,-99,-99,-99,-99,4,-99,-99,-99,-99,-99,-99,-99,5,-99,-99,-99,4,-99,-99,3,3,3
E12000007,London,E09000025,Newham,E09000025,Newham,E02000729,West Ham Park,-99,-99,-99,-99,-99,-99,-99,-99,8,10,-99,-99,-99,-99,-99,-99,-99,-99,-99,-99,-99,-99,-99,-99,-99,-99,-99,-99,-99,-99,-99,-99,-99,-99,10,4,4
E12000007,London,E09000025,Newham,E09000025,Newham,E02000730,Upton Park,-99,-99,-99,-99,-99,-99,-99,-99,6,7,7,4,3,-99,-99,-99,-99,-99,-99,-99,-99,-99,3,-99,-99,-99,-99,-99,-99,-99,-99,-99,4,5,6,16,16
E12000007,London,E09000025,Newham,E09000025,Newham,E02000731,East Ham Central,-99,-99,-99,-99,-99,-99,-99,-99,5,10,7,5,3,-99,-99,-99,-99,-99,-99,-99,-99,-99,-99,-99,-99,-99,-99,-99,-99,-99,-99,3,9,-99,5,7,7
E12000007,London,E09000025,Newham,E09000025,Newham,E02000732,East Ham West,-99,-99,-99,-99,-99,-99,-99,-99,6,8,9,5,-99,3,-99,-99,-99,-99,-99,-99,-99,-99,-99,-99,-99,-99,-99,-99,-99,-99,-99,5,-99,-99,8,4,4
E12000007,London,E09000025,Newham,E09000025,Newham,E02000733,West Ham & Stratford Park,-99,-99,-99,-99,-99,-99,-99,3,-99,8,10,5,7,-99,8,-99,-99,-99,-99,-99,-99,-99,-99,-99,-99,-99,-99,-99,4,-99,-99,-99,-99,4,6,5,5
E12000007,London,E09000025,Newham,E09000025,Newham,E02000734,Plaistow North,-99,-99,-99,-99,-99,-99,-99,-99,3,3,7,4,3,-99,-99,-99,-99,-99,-99,-99,-99,-99,-99,-99,3,-99,-99,-99,-99,-99,-99,4,3,-99,3,-99,-99
E12000007,London,E09000025,Newham,E09000025,Newham,E02000735,Plaistow North East,-99,-99,-99,-99,-99,-99,-99,-99,5,4,4,3,-99,-99,-99,-99,-99,-99,-99,-99,-99,-99,-99,-99,-99,-99,-99,-99,-99,-99,4,-99,3,5,8,8,8
E12000007,London,E09000025,Newham,E09000025,Newham,E02000736,Wallend South,-99,-99,-99,-99,-99,-99,-99,-99,5,14,7,3,-99,-99,-99,3,-99,-99,4,-99,-99,-99,-99,-99,-99,-99,-99,-99,-99,-99,3,4,7,-99,4,13,13
E12000007,London,E09000025,Newham,E09000025,Newham,E02000737,East Ham South,-99,-99,-99,-99,-99,-99,-99,3,8,13,7,4,3,-99,-99,-99,-99,-99,-99,-99,-99,-99,-99,-99,-99,-99,-99,-99,3,-99,-99,6,4,7,5,8,8
E12000007,London,E09000025,Newham,E09000025,Newham,E02000738,East Ham South West,-99,-99,-99,-99,-99,-99,-99,-99,8,8,9,3,-99,4,3,-99,-99,-99,-99,-99,-99,-99,-99,-99,-99,-99,-99,-99,-99,-99,-99,-99,3,-99,11,9,9
E12000007,London,E09000025,Newham,E09000025,Newham,E02000739,Plaistow Park,-99,-99,-99,-99,-99,-99,-99,-99,4,5,8,-99,3,-99,-99,-99,-99,-99,-99,-99,-99,5,3,-99,-99,-99,-99,4,-99,-99,-99,5,-99,-99,6,-99,-99
E12000007,London,E09000025,Newham,E09000025,Newham,E02000740,Canning Town North,-99,-99,-99,-99,-99,-99,-99,3,-99,5,7,-99,-99,-99,-99,-99,-99,-99,-99,-99,-99,-99,-99,-99,-99,-99,-99,-99,-99,-99,-99,-99,-99,-99,-99,-99,-99
E12000007,London,E09000025,Newham,E09000025,Newham,E02000741,Plaistow South,-99,-99,-99,-99,-99,-99,-99,-99,4,7,10,-99,5,-99,3,-99,-99,-99,-99,-99,-99,-99,-99,-99,-99,-99,-99,-99,-99,-99,-99,4,-99,5,4,6,6
E12000007,London,E09000025,Newham,E09000025,Newham,E02000742,Lonsdale Avenue,-99,-99,-99,-99,-99,-99,-99,-99,3,13,6,-99,3,-99,3,-99,-99,-99,4,-99,-99,-99,-99,-99,-99,-99,-99,-99,-99,-99,-99,4,3,9,12,7,7
E12000007,London,E09000025,Newham,E09000025,Newham,E02000743,Canning Town Central,-99,-99,-99,-99,-99,-99,-99,-99,3,7,5,7,3,-99,-99,-99,4,-99,-99,-99,-99,-99,-99,3,4,-99,-99,-99,-99,-99,-99,5,3,-99,9,5,5
E12000007,London,E09000025,Newham,E09000025,Newham,E02000744,Canning Town East,-99,-99,-99,-99,-99,-99,-99,3,3,11,9,7,-99,-99,-99,-99,-99,-99,-99,-99,-99,-99,-99,-99,-99,-99,-99,-99,-99,-99,-99,-99,4,4,5,7,7
E12000007,London,E09000025,Newham,E09000025,Newham,E02000745,Beckton North,-99,-99,-99,-99,-99,-99,-99,-99,5,11,3,3,-99,-99,-99,-99,-99,-99,-99,-99,-99,-99,-99,-99,-99,-99,-99,-99,-99,-99,-99,-99,-99,3,3,3,3
E12000007,London,E09000025,Newham,E09000025,Newham,E02000746,Beckton,-99,-99,-99,-99,-99,-99,-99,-99,7,4,7,-99,3,-99,-99,-99,-99,-99,-99,-99,-99,-99,-99,-99,-99,-99,-99,-99,-99,-99,-99,-99,-99,-99,3,6,6
E12000007,London,E09000025,Newham,E09000025,Newham,E02000747,Canning Town South & Bow Creek,-99,-99,-99,-99,-99,-99,-99,4,6,9,7,3,5,-99,-99,-99,-99,-99,-99,-99,3,-99,-99,-99,-99,-99,-99,-99,3,-99,5,4,-99,3,4,-99,-99
E12000007,London,E09000025,Newham,E09000025,Newham,E02000748,Beckton Park,-99,-99,-99,-99,-99,-99,-99,-99,5,3,4,-99,-99,-99,-99,-99,-99,-99,-99,-99,-99,-99,-99,-99,-99,-99,-99,-99,-99,-99,-99,-99,-99,-99,-99,9,9
E12000007,London,E09000025,Newham,E09000025,Newham,E02000749,Custom House,-99,-99,-99,-99,-99,-99,-99,-99,6,6,4,-99,-99,-99,3,-99,-99,-99,-99,-99,-99,-99,-99,-99,-99,-99,-99,-99,-99,-99,-99,4,9,4,5,-99,-99
E12000007,London,E09000025,Newham,E09000025,Newham,E02000750,Royal Docks & North Woolwich,-99,-99,-99,-99,-99,-99,-99,-99,4,6,6,-99,3,-99,-99,-99,-99,-99,-99,-99,-99,-99,-99,-99,3,-99,-99,-99,-99,-99,3,-99,-99,3,8,7,7
E12000007,London,E09000026,Redbridge,E09000026,Redbridge,E02000751,Woodford Wells,-99,-99,-99,-99,-99,-99,-99,6,10,9,5,3,5,7,-99,-99,-99,-99,-99,-99,-99,-99,-99,-99,-99,-99,-99,-99,-99,-99,-99,3,-99,4,6,13,13
E12000007,London,E09000026,Redbridge,E09000026,Redbridge,E02000752,Hainault East,-99,-99,-99,-99,-99,-99,-99,-99,3,3,5,-99,-99,4,4,-99,-99,-99,-99,-99,-99,-99,-99,-99,-99,-99,-99,-99,-99,-99,-99,3,-99,-99,-99,12,12
E12000007,London,E09000026,Redbridge,E09000026,Redbridge,E02000753,Hainault West,-99,-99,-99,-99,-99,-99,-99,-99,-99,4,-99,4,4,-99,-99,-99,3,-99,-99,-99,-99,-99,-99,-99,-99,-99,-99,-99,-99,-99,-99,-99,-99,3,-99,9,9
E12000007,London,E09000026,Redbridge,E09000026,Redbridge,E02000754,Woodford Green,-99,-99,-99,-99,-99,-99,-99,-99,4,6,3,-99,-99,-99,-99,-99,-99,-99,-99,-99,-99,-99,-99,-99,-99,-99,-99,-99,-99,-99,-99,-99,-99,-99,3,-99,-99
E12000007,London,E09000026,Redbridge,E09000026,Redbridge,E02000755,Woodford Bridge,-99,-99,-99,-99,-99,-99,-99,-99,-99,3,-99,-99,-99,-99,-99,-99,-99,-99,-99,-99,-99,-99,-99,-99,-99,-99,-99,-99,-99,-99,-99,4,-99,-99,-99,5,5
E12000007,London,E09000026,Redbridge,E09000026,Redbridge,E02000756,Fairlop,-99,-99,-99,-99,-99,-99,-99,-99,5,9,8,4,-99,3,5,-99,-99,-99,-99,-99,-99,-99,-99,-99,-99,-99,-99,3,-99,-99,-99,6,-99,4,9,9,9
E12000007,London,E09000026,Redbridge,E09000026,Redbridge,E02000757,South Woodford High Road,-99,-99,-99,-99,-99,-99,-99,-99,5,7,-99,4,3,3,3,-99,-99,-99,-99,-99,-99,-99,-99,-99,3,-99,-99,-99,-99,-99,-99,6,-99,3,8,4,4
E12000007,London,E09000026,Redbridge,E09000026,Redbridge,E02000758,Clayhall North,-99,-99,-99,-99,-99,-99,-99,-99,-99,4,5,-99,-99,3,-99,9,-99,-99,-99,-99,-99,-99,-99,-99,-99,-99,-99,-99,-99,-99,-99,-99,-99,4,-99,-99,-99
E12000007,London,E09000026,Redbridge,E09000026,Redbridge,E02000759,Roding,-99,-99,-99,-99,-99,-99,-99,3,6,6,12,3,4,-99,3,-99,-99,-99,-99,-99,-99,-99,-99,-99,-99,-99,-99,-99,-99,-99,-99,-99,-99,6,7,9,9
E12000007,London,E09000026,Redbridge,E09000026,Redbridge,E02000760,Barkingside North,-99,-99,-99,-99,-99,-99,-99,5,-99,6,6,-99,3,-99,5,-99,-99,-99,-99,-99,-99,-99,-99,-99,-99,-99,-99,-99,-99,-99,-99,-99,-99,-99,7,9,9
E12000007,London,E09000026,Redbridge,E09000026,Redbridge,E02000762,Barkingside West,-99,-99,-99,-99,-99,-99,-99,-99,4,-99,7,3,3,3,4,-99,-99,-99,-99,-99,-99,-99,-99,-99,-99,-99,-99,5,-99,-99,-99,-99,-99,4,7,16,16
E12000007,London,E09000026,Redbridge,E09000026,Redbridge,E02000763,Aldborough Hatch,-99,-99,-99,-99,-99,-99,-99,-99,-99,3,4,4,-99,3,-99,-99,-99,-99,-99,-99,-99,-99,-99,-99,-99,-99,-99,-99,3,-99,-99,-99,-99,7,3,3,3
E12000007,London,E09000026,Redbridge,E09000026,Redbridge,E02000764,Snaresbrook,-99,-99,-99,-99,-99,-99,-99,-99,4,9,7,3,8,18,4,-99,-99,-99,-99,-99,-99,-99,-99,-99,-99,-99,-99,-99,5,-99,-99,-99,-99,11,8,8,8
E12000007,London,E09000026,Redbridge,E09000026,Redbridge,E02000765,Barkingside East,-99,-99,-99,-99,-99,-99,-99,3,-99,3,5,-99,-99,3,-99,-99,-99,-99,4,-99,-99,-99,-99,-99,-99,-99,-99,-99,-99,-99,-99,3,-99,5,3,14,14
E12000007,London,E09000026,Redbridge,E09000026,Redbridge,E02000767,Newbury Park,-99,-99,-99,-99,-99,-99,-99,-99,3,7,7,5,3,3,19,-99,3,-99,3,-99,-99,-99,-99,-99,-99,-99,-99,-99,-99,-99,-99,-99,-99,-99,4,6,6
E12000007,London,E09000026,Redbridge,E09000026,Redbridge,E02000768,Wanstead,-99,-99,-99,-99,-99,-99,-99,-99,-99,4,-99,-99,-99,-99,3,-99,-99,-99,-99,-99,-99,-99,-99,-99,-99,-99,-99,-99,-99,-99,-99,-99,-99,-99,5,6,6
E12000007,London,E09000026,Redbridge,E09000026,Redbridge,E02000769,Chadwell Heath West,-99,-99,-99,-99,-99,-99,-99,4,8,4,17,5,-99,4,5,-99,3,-99,-99,3,-99,-99,-99,-99,-99,-99,-99,-99,-99,-99,-99,9,11,17,24,20,20
E12000007,London,E09000026,Redbridge,E09000026,Redbridge,E02000770,Seven Kings Park,-99,-99,-99,-99,-99,-99,-99,-99,-99,4,7,3,4,5,-99,-99,-99,-99,-99,-99,-99,-99,-99,-99,-99,-99,-99,-99,-99,-99,-99,4,-99,3,8,15,15
E12000007,London,E09000026,Redbridge,E09000026,Redbridge,E02000772,Goodmayes North,-99,-99,-99,-99,-99,-99,-99,-99,5,4,4,8,3,3,-99,-99,-99,-99,-99,-99,-99,-99,5,-99,-99,-99,-99,-99,-99,-99,-99,3,11,-99,11,12,12
E12000007,London,E09000026,Redbridge,E09000026,Redbridge,E02000773,Ley Street,-99,-99,-99,-99,-99,-99,-99,-99,4,6,5,-99,5,3,-99,-99,-99,-99,-99,-99,-99,-99,-99,-99,-99,-99,-99,-99,4,-99,3,3,-99,11,7,21,21
E12000007,London,E09000026,Redbridge,E09000026,Redbridge,E02000774,Seven Kings Meads Lane,-99,-99,-99,-99,-99,-99,-99,-99,-99,-99,4,-99,-99,3,-99,-99,-99,-99,-99,-99,-99,-99,-99,-99,-99,-99,-99,-99,-99,-99,-99,13,6,15,8,7,7
E12000007,London,E09000026,Redbridge,E09000026,Redbridge,E02000776,Ilford North East,-99,-99,-99,-99,-99,-99,-99,-99,-99,-99,4,3,3,-99,-99,-99,-99,-99,-99,-99,-99,-99,-99,-99,3,-99,-99,-99,-99,-99,-99,5,4,6,-99,12,12
E12000007,London,E09000026,Redbridge,E09000026,Redbridge,E02000777,Wanstead Flats,-99,-99,-99,-99,-99,-99,-99,-99,3,-99,-99,-99,-99,-99,-99,-99,-99,-99,-99,-99,-99,-99,-99,-99,-99,-99,-99,-99,-99,-99,-99,-99,-99,-99,4,-99,-99
E12000007,London,E09000026,Redbridge,E09000026,Redbridge,E02000779,Ilford North West,-99,-99,-99,-99,-99,-99,3,-99,-99,5,8,6,-99,-99,-99,-99,-99,-99,-99,-99,-99,-99,-99,-99,-99,-99,-99,-99,-99,-99,-99,-99,6,6,11,9,9
E12000007,London,E09000026,Redbridge,E09000026,Redbridge,E02000780,Ilford South East,-99,-99,-99,-99,-99,-99,-99,-99,3,8,15,7,8,8,-99,-99,-99,-99,-99,6,-99,3,-99,-99,3,-99,-99,-99,4,-99,-99,4,7,6,9,7,7
E12000007,London,E09000026,Redbridge,E09000026,Redbridge,E02000781,South Park,-99,-99,-99,-99,-99,-99,-99,8,6,10,9,8,4,3,7,-99,-99,-99,-99,-99,-99,-99,-99,-99,-99,-99,4,3,-99,4,-99,6,9,17,8,14,14
E12000007,London,E09000026,Redbridge,E09000026,Redbridge,E02000782,Ilford South West,-99,-99,-99,-99,-99,-99,-99,-99,3,7,10,-99,4,-99,7,-99,-99,-99,-99,5,-99,-99,4,-99,-99,-99,4,-99,-99,-99,8,4,7,5,7,7,7
E12000007,London,E09000026,Redbridge,E09000026,Redbridge,E02000783,Loxford Park,-99,-99,-99,-99,-99,-99,-99,-99,-99,4,-99,-99,-99,3,3,-99,-99,-99,-99,-99,-99,-99,-99,-99,-99,-99,-99,-99,-99,-99,-99,6,-99,3,4,7,7
E12000007,London,E09000027,Richmond upon Thames,E09000027,Richmond upon Thames,E02000784,North Barnes,-99,-99,-99,-99,-99,-99,3,-99,4,5,4,-99,-99,-99,-99,-99,-99,-99,-99,-99,-99,-99,-99,-99,-99,-99,-99,-99,-99,-99,3,4,3,-99,7,6,6
E12000007,London,E09000027,Richmond upon Thames,E09000027,Richmond upon Thames,E02000785,Kew Gardens,-99,-99,-99,-99,-99,-99,-99,4,4,6,3,4,-99,-99,-99,-99,-99,-99,-99,-99,-99,-99,-99,-99,-99,-99,-99,-99,3,-99,-99,6,-99,4,6,12,12
E12000007,London,E09000027,Richmond upon Thames,E09000027,Richmond upon Thames,E02000786,Mortlake & South Barnes,-99,-99,-99,-99,-99,-99,-99,-99,12,3,3,-99,-99,-99,-99,-99,-99,3,-99,-99,-99,-99,-99,-99,-99,-99,-99,3,-99,-99,-99,-99,3,-99,5,9,9
E12000007,London,E09000027,Richmond upon Thames,E09000027,Richmond upon Thames,E02000787,North Sheen,-99,-99,-99,-99,-99,-99,-99,-99,4,-99,7,-99,-99,-99,-99,-99,-99,-99,-99,-99,-99,-99,-99,-99,-99,-99,-99,-99,-99,-99,-99,-99,-99,3,7,15,15
E12000007,London,E09000027,Richmond upon Thames,E09000027,Richmond upon Thames,E02000788,East Sheen North,-99,-99,-99,-99,-99,-99,-99,-99,-99,-99,-99,-99,-99,-99,-99,-99,-99,-99,-99,-99,-99,-99,-99,-99,-99,-99,-99,-99,-99,-99,3,-99,-99,-99,9,14,14
E12000007,London,E09000027,Richmond upon Thames,E09000027,Richmond upon Thames,E02000789,Queen's Road,-99,-99,-99,-99,-99,-99,-99,3,4,-99,-99,-99,-99,-99,-99,-99,-99,-99,-99,-99,-99,-99,-99,-99,-99,-99,-99,-99,3,-99,3,-99,-99,-99,4,8,8
E12000007,London,E09000027,Richmond upon Thames,E09000027,Richmond upon Thames,E02000790,St Margarets,-99,-99,-99,-99,-99,-99,-99,4,-99,5,-99,-99,-99,-99,-99,-99,-99,-99,-99,-99,-99,-99,-99,-99,-99,-99,-99,-99,-99,-99,-99,3,-99,-99,7,3,3
E12000007,London,E09000027,Richmond upon Thames,E09000027,Richmond upon Thames,E02000791,Richmond Central,-99,-99,-99,-99,-99,-99,-99,-99,4,5,-99,-99,-99,-99,-99,-99,-99,-99,-99,-99,-99,-99,-99,-99,-99,-99,-99,-99,-99,-99,-99,-99,-99,-99,-99,5,5
E12000007,London,E09000027,Richmond upon Thames,E09000027,Richmond upon Thames,E02000792,Twickenham Marble Hill,-99,-99,-99,-99,-99,-99,-99,-99,-99,5,4,7,-99,8,3,-99,-99,-99,-99,-99,-99,-99,-99,-99,-99,-99,-99,-99,-99,-99,3,-99,-99,-99,4,8,8
E12000007,London,E09000027,Richmond upon Thames,E09000027,Richmond upon Thames,E02000793,Whitton,-99,-99,-99,-99,-99,-99,-99,4,8,4,9,5,-99,3,4,-99,-99,3,-99,-99,-99,-99,-99,-99,-99,-99,-99,-99,-99,-99,-99,-99,-99,-99,4,7,7
E12000007,London,E09000027,Richmond upon Thames,E09000027,Richmond upon Thames,E02000794,Twickenham North,-99,-99,-99,-99,-99,-99,-99,-99,4,-99,-99,-99,-99,-99,-99,-99,-99,-99,-99,-99,-99,-99,-99,-99,-99,-99,-99,-99,3,-99,-99,-99,-99,5,-99,6,6
E12000007,London,E09000027,Richmond upon Thames,E09000027,Richmond upon Thames,E02000795,"Richmond Park, Sheen Gate & Petersham",-99,-99,-99,-99,-99,-99,-99,-99,-99,3,-99,-99,-99,-99,-99,-99,-99,-99,-99,-99,-99,-99,-99,-99,-99,-99,-99,-99,-99,-99,-99,4,-99,-99,-99,8,8
E12000007,London,E09000027,Richmond upon Thames,E09000027,Richmond upon Thames,E02000796,Heathfield,-99,-99,-99,-99,-99,-99,-99,6,10,6,6,4,8,5,-99,-99,-99,-99,-99,-99,-99,-99,-99,-99,-99,-99,-99,5,-99,-99,-99,7,4,4,-99,12,12
E12000007,London,E09000027,Richmond upon Thames,E09000027,Richmond upon Thames,E02000797,Twickenham Town,-99,-99,-99,-99,-99,-99,-99,-99,3,3,-99,-99,-99,3,-99,-99,-99,-99,-99,-99,-99,-99,-99,-99,-99,-99,-99,-99,-99,-99,-99,-99,-99,-99,3,8,8
E12000007,London,E09000027,Richmond upon Thames,E09000027,Richmond upon Thames,E02000798,Twickenham West,-99,-99,-99,-99,-99,-99,-99,-99,5,6,-99,6,-99,5,-99,-99,-99,-99,-99,-99,-99,-99,-99,-99,-99,-99,-99,-99,3,-99,-99,-99,4,-99,8,9,9
E12000007,London,E09000027,Richmond upon Thames,E09000027,Richmond upon Thames,E02000799,Strawberry Hill,-99,-99,-99,-99,-99,-99,-99,-99,3,-99,-99,-99,-99,-99,-99,-99,-99,-99,-99,-99,-99,-99,-99,-99,-99,-99,-99,-99,-99,-99,-99,-99,-99,-99,-99,14,14
E12000007,London,E09000027,Richmond upon Thames,E09000027,Richmond upon Thames,E02000800,Ham,-99,-99,-99,-99,-99,-99,-99,-99,4,-99,-99,3,-99,-99,-99,-99,-99,-99,-99,-99,-99,-99,-99,-99,-99,-99,-99,-99,-99,-99,-99,-99,3,-99,-99,-99,-99
E12000007,London,E09000027,Richmond upon Thames,E09000027,Richmond upon Thames,E02000801,Teddington North,-99,-99,-99,-99,-99,-99,-99,-99,-99,-99,-99,-99,-99,-99,-99,-99,-99,-99,-99,-99,-99,-99,-99,-99,-99,-99,-99,-99,-99,-99,-99,-99,-99,-99,-99,7,7
E12000007,London,E09000027,Richmond upon Thames,E09000027,Richmond upon Thames,E02000802,Hampton Hill,-99,-99,-99,-99,-99,-99,-99,-99,3,-99,-99,9,5,6,-99,-99,-99,-99,3,-99,-99,-99,-99,-99,-99,-99,-99,-99,4,-99,-99,-99,-99,-99,-99,7,7
E12000007,London,E09000027,Richmond upon Thames,E09000027,Richmond upon Thames,E02000803,Nursery Lands & Hampton North,-99,-99,-99,-99,-99,-99,-99,-99,-99,-99,4,3,-99,10,-99,-99,-99,-99,-99,-99,-99,-99,-99,-99,-99,-99,-99,-99,-99,-99,-99,-99,-99,-99,-99,11,11
E12000007,London,E09000027,Richmond upon Thames,E09000027,Richmond upon Thames,E02000804,Teddington Central,-99,-99,-99,-99,-99,-99,-99,-99,3,3,4,3,-99,-99,-99,-99,-99,-99,-99,-99,-99,-99,-99,-99,-99,-99,-99,-99,-99,-99,-99,3,4,-99,-99,16,16
E12000007,London,E09000027,Richmond upon Thames,E09000027,Richmond upon Thames,E02000805,Hampton Wick & Teddington East,-99,-99,-99,-99,-99,-99,-99,-99,13,4,5,-99,3,3,-99,-99,-99,-99,-99,-99,-99,-99,-99,-99,-99,-99,-99,-99,-99,3,-99,-99,-99,-99,-99,10,10
E12000007,London,E09000027,Richmond upon Thames,E09000027,Richmond upon Thames,E02000806,Hampton Village,-99,-99,-99,-99,-99,-99,-99,-99,4,7,3,-99,-99,4,-99,4,-99,-99,-99,-99,-99,-99,-99,-99,-99,-99,-99,-99,-99,-99,-99,-99,-99,3,-99,9,9
E12000007,London,E09000028,Southwark,E09000028,Southwark,E02000807,Rotherhithe,-99,-99,-99,-99,-99,-99,-99,4,3,4,6,5,-99,-99,-99,-99,-99,-99,-99,-99,-99,-99,-99,-99,-99,-99,-99,-99,-99,3,-99,-99,-99,-99,5,8,8
E12000007,London,E09000028,Southwark,E09000028,Southwark,E02000808,Borough & Southwark Street,-99,-99,-99,-99,-99,-99,-99,4,3,9,4,-99,-99,-99,-99,-99,-99,-99,-99,-99,-99,-99,-99,-99,-99,3,-99,6,-99,-99,-99,-99,3,-99,-99,5,5
E12000007,London,E09000028,Southwark,E09000028,Southwark,E02000809,Bermondsey North,-99,-99,-99,-99,-99,-99,-99,-99,4,7,4,3,-99,-99,-99,-99,-99,-99,-99,-99,-99,-99,-99,-99,-99,-99,-99,-99,-99,-99,-99,6,6,3,5,5,5
E12000007,London,E09000028,Southwark,E09000028,Southwark,E02000810,Bermondsey East,-99,-99,-99,-99,-99,-99,-99,8,4,9,3,-99,4,3,-99,-99,-99,-99,-99,-99,-99,-99,-99,-99,-99,-99,-99,-99,3,-99,-99,-99,3,4,9,13,13
E12000007,London,E09000028,Southwark,E09000028,Southwark,E02000812,London Bridge & Bermondsey West,-99,-99,-99,-99,-99,-99,4,4,10,11,10,5,6,-99,4,3,-99,-99,-99,-99,-99,-99,3,3,-99,-99,-99,-99,-99,-99,-99,3,-99,5,7,6,6
E12000007,London,E09000028,Southwark,E09000028,Southwark,E02000813,Canada Water,-99,-99,-99,-99,-99,-99,-99,3,7,8,6,5,-99,-99,-99,-99,-99,-99,-99,-99,-99,-99,-99,-99,-99,-99,-99,-99,-99,-99,-99,7,-99,-99,5,7,7
E12000007,London,E09000028,Southwark,E09000028,Southwark,E02000814,Surrey Quays,-99,-99,-99,-99,-99,-99,7,8,5,6,-99,4,-99,-99,-99,-99,-99,-99,-99,-99,-99,-99,-99,-99,-99,-99,-99,-99,-99,3,3,-99,-99,-99,6,4,4
E12000007,London,E09000028,Southwark,E09000028,Southwark,E02000815,Elephant & Castle,-99,-99,-99,-99,-99,-99,-99,-99,7,4,3,-99,-99,-99,-99,-99,-99,-99,-99,-99,-99,-99,-99,-99,-99,-99,-99,-99,-99,-99,-99,4,-99,3,4,-99,-99
E12000007,London,E09000028,Southwark,E09000028,Southwark,E02000816,South Bermondsey Central,-99,-99,-99,-99,-99,-99,3,4,9,6,7,5,4,-99,-99,-99,-99,-99,-99,-99,-99,-99,-99,-99,-99,-99,-99,-99,-99,-99,-99,3,-99,5,11,6,6
E12000007,London,E09000028,Southwark,E09000028,Southwark,E02000817,South Bermondsey East,-99,-99,-99,-99,-99,-99,-99,9,4,7,6,-99,-99,-99,4,7,-99,-99,-99,-99,-99,-99,-99,-99,-99,-99,-99,-99,-99,-99,-99,-99,-99,-99,-99,3,3
E12000007,London,E09000028,Southwark,E09000028,Southwark,E02000818,Walworth North,-99,-99,-99,-99,-99,-99,-99,-99,8,8,3,5,-99,-99,-99,-99,-99,-99,-99,-99,-99,-99,-99,-99,-99,-99,-99,-99,4,8,-99,-99,-99,-99,3,7,7
E12000007,London,E09000028,Southwark,E09000028,Southwark,E02000819,South Bermondsey West,-99,-99,-99,-99,-99,-99,-99,3,6,10,8,4,-99,5,-99,-99,-99,-99,-99,-99,-99,-99,-99,-99,-99,-99,-99,-99,-99,-99,-99,-99,-99,10,6,-99,-99
E12000007,London,E09000028,Southwark,E09000028,Southwark,E02000820,Kennington East,-99,-99,-99,-99,-99,-99,-99,-99,6,9,11,3,3,3,-99,-99,-99,-99,-99,-99,-99,-99,-99,-99,-99,-99,-99,-99,-99,-99,-99,-99,3,5,-99,-99,-99
E12000007,London,E09000028,Southwark,E09000028,Southwark,E02000821,Burgess Park,-99,-99,-99,-99,-99,-99,-99,4,7,8,7,4,-99,-99,-99,-99,-99,-99,-99,-99,-99,-99,-99,-99,-99,-99,-99,-99,-99,-99,-99,-99,-99,-99,6,4,4
E12000007,London,E09000028,Southwark,E09000028,Southwark,E02000822,Walworth South,-99,-99,-99,-99,-99,-99,-99,-99,7,5,8,-99,-99,3,3,-99,-99,-99,-99,-99,-99,-99,-99,-99,-99,-99,-99,-99,-99,-99,-99,3,3,-99,3,-99,-99
E12000007,London,E09000028,Southwark,E09000028,Southwark,E02000823,Burgess Park West & John Ruskin Street,-99,-99,-99,-99,-99,-99,-99,5,12,3,4,5,-99,-99,-99,-99,-99,-99,-99,-99,-99,-99,-99,-99,-99,-99,3,-99,-99,-99,-99,-99,3,-99,4,-99,-99
E12000007,London,E09000028,Southwark,E09000028,Southwark,E02000824,Peckham Park Road,-99,-99,-99,-99,-99,-99,-99,3,14,19,9,6,-99,-99,-99,-99,-99,-99,-99,-99,-99,-99,-99,-99,-99,-99,-99,-99,-99,3,-99,-99,-99,4,-99,5,5
E12000007,London,E09000028,Southwark,E09000028,Southwark,E02000825,Peckham North West,-99,-99,-99,-99,-99,-99,4,11,8,11,10,7,-99,6,-99,-99,-99,-99,-99,-99,-99,-99,-99,-99,-99,-99,-99,-99,3,-99,-99,5,-99,-99,-99,7,7
E12000007,London,E09000028,Southwark,E09000028,Southwark,E02000826,Camberwell North,-99,-99,-99,-99,-99,-99,-99,8,10,17,12,5,3,8,3,3,-99,-99,-99,-99,-99,-99,-99,-99,-99,-99,-99,-99,-99,-99,-99,-99,3,-99,-99,6,6
E12000007,London,E09000028,Southwark,E09000028,Southwark,E02000827,Camberwell Green,-99,-99,-99,-99,-99,-99,3,4,13,19,11,4,6,6,-99,-99,-99,-99,-99,-99,-99,-99,-99,-99,-99,-99,-99,-99,-99,-99,7,-99,4,-99,4,3,3
E12000007,London,E09000028,Southwark,E09000028,Southwark,E02000828,Peckham North,-99,-99,-99,-99,-99,-99,4,3,9,10,7,3,-99,-99,-99,-99,-99,-99,-99,-99,-99,-99,-99,-99,-99,-99,-99,-99,-99,-99,-99,3,-99,4,5,6,6
E12000007,London,E09000028,Southwark,E09000028,Southwark,E02000829,Queens Road Peckham,-99,-99,-99,-99,-99,-99,-99,-99,10,18,10,3,5,4,-99,-99,-99,-99,-99,-99,-99,-99,-99,-99,-99,-99,-99,-99,-99,-99,-99,-99,-99,-99,5,5,5
E12000007,London,E09000028,Southwark,E09000028,Southwark,E02000830,Camberwell South,-99,-99,-99,-99,-99,-99,4,6,9,10,15,4,-99,-99,-99,-99,-99,-99,-99,-99,-99,-99,-99,-99,-99,-99,-99,-99,-99,4,-99,-99,-99,3,5,5,5
E12000007,London,E09000028,Southwark,E09000028,Southwark,E02000831,Peckham Rye,-99,-99,-99,-99,-99,-99,-99,3,12,6,10,6,-99,-99,-99,-99,-99,-99,-99,-99,-99,-99,-99,-99,-99,3,-99,-99,-99,-99,-99,-99,3,6,7,4,4
E12000007,London,E09000028,Southwark,E09000028,Southwark,E02000832,Nunhead North,-99,-99,-99,-99,-99,-99,3,3,5,5,7,-99,-99,-99,-99,-99,-99,-99,-99,-99,-99,-99,-99,-99,-99,-99,-99,-99,-99,-99,-99,3,3,4,4,4,4
E12000007,London,E09000028,Southwark,E09000028,Southwark,E02000833,North Dulwich,-99,-99,-99,-99,-99,-99,-99,4,10,20,15,5,4,4,-99,-99,-99,-99,-99,-99,-99,-99,-99,-99,-99,3,-99,-99,-99,-99,-99,-99,-99,-99,-99,5,5
E12000007,London,E09000028,Southwark,E09000028,Southwark,E02000834,Peckham Rye Common,-99,-99,-99,-99,-99,-99,-99,-99,9,12,16,6,-99,-99,-99,-99,-99,-99,-99,-99,-99,-99,-99,-99,-99,-99,-99,-99,-99,-99,-99,-99,5,-99,4,4,4
E12000007,London,E09000028,Southwark,E09000028,Southwark,E02000835,Nunhead South & Newlands,-99,-99,-99,-99,-99,-99,-99,-99,5,7,-99,3,-99,-99,-99,-99,-99,-99,-99,-99,-99,-99,-99,-99,-99,-99,-99,-99,-99,-99,-99,-99,-99,-99,4,5,5
E12000007,London,E09000028,Southwark,E09000028,Southwark,E02000836,East Dulwich,-99,-99,-99,-99,-99,-99,-99,5,8,8,5,-99,5,-99,-99,-99,-99,-99,-99,-99,-99,-99,-99,-99,-99,-99,-99,-99,-99,3,-99,-99,-99,4,7,16,16
E12000007,London,E09000028,Southwark,E09000028,Southwark,E02000837,Herne Hill & Dulwich Park,-99,-99,-99,-99,-99,-99,-99,3,3,5,5,-99,3,-99,-99,-99,-99,-99,-99,-99,-99,-99,-99,-99,-99,-99,-99,-99,-99,-99,-99,-99,-99,5,3,10,10
E12000007,London,E09000028,Southwark,E09000028,Southwark,E02000838,Dulwich Hill,-99,-99,-99,-99,-99,-99,-99,7,6,17,12,10,-99,-99,-99,-99,-99,-99,-99,-99,-99,-99,-99,-99,-99,-99,-99,-99,-99,6,-99,4,5,5,6,12,12
E12000007,London,E09000028,Southwark,E09000028,Southwark,E02000839,Sydenham Hill,-99,-99,-99,-99,-99,-99,-99,3,9,6,5,5,3,4,-99,-99,-99,-99,-99,-99,-99,-99,-99,-99,-99,-99,-99,-99,-99,-99,-99,-99,4,-99,5,6,6
E12000007,London,E09000029,Sutton,E09000029,Sutton,E02000840,Middleton Circle,-99,-99,-99,-99,-99,-99,-99,-99,5,8,12,10,3,3,-99,-99,-99,-99,-99,-99,-99,-99,-99,-99,-99,-99,-99,-99,-99,-99,-99,-99,-99,-99,-99,-99,-99
E12000007,London,E09000029,Sutton,E09000029,Sutton,E02000841,St Helier South,-99,-99,-99,-99,-99,-99,-99,-99,-99,8,19,9,3,6,-99,3,-99,-99,-99,-99,-99,-99,-99,-99,-99,-99,-99,-99,-99,4,-99,-99,-99,-99,4,-99,-99
E12000007,London,E09000029,Sutton,E09000029,Sutton,E02000842,Stonecot,-99,-99,-99,-99,-99,-99,-99,-99,3,8,6,15,11,7,-99,-99,7,-99,-99,-99,-99,-99,-99,-99,-99,-99,-99,-99,-99,-99,-99,-99,-99,-99,-99,7,7
E12000007,London,E09000029,Sutton,E09000029,Sutton,E02000843,Hackbridge,-99,-99,-99,-99,-99,-99,-99,-99,5,5,5,10,5,-99,-99,-99,-99,-99,-99,-99,-99,-99,-99,-99,-99,-99,-99,-99,-99,-99,-99,-99,-99,-99,-99,-99,-99
E12000007,London,E09000029,Sutton,E09000029,Sutton,E02000844,The Wrythe,-99,-99,-99,-99,-99,-99,-99,-99,5,5,7,12,5,-99,-99,-99,-99,-99,-99,-99,-99,-99,-99,-99,-99,-99,-99,-99,-99,-99,-99,-99,-99,-99,-99,-99,-99
E12000007,London,E09000029,Sutton,E09000029,Sutton,E02000845,Worcester Park East,-99,-99,-99,-99,-99,-99,-99,3,5,6,3,-99,3,-99,-99,-99,-99,-99,-99,-99,-99,-99,-99,-99,-99,-99,-99,-99,-99,-99,-99,4,-99,-99,3,3,3
E12000007,London,E09000029,Sutton,E09000029,Sutton,E02000846,Sutton North,-99,-99,-99,-99,-99,-99,-99,-99,6,4,6,11,-99,-99,-99,-99,-99,-99,-99,-99,-99,-99,-99,-99,-99,-99,-99,-99,-99,-99,-99,-99,-99,-99,-99,-99,-99
E12000007,London,E09000029,Sutton,E09000029,Sutton,E02000847,North Cheam West,-99,-99,-99,-99,-99,-99,-99,-99,5,4,-99,-99,3,13,-99,-99,3,-99,-99,-99,-99,-99,-99,-99,-99,-99,-99,-99,-99,-99,-99,-99,3,-99,-99,-99,-99
E12000007,London,E09000029,Sutton,E09000029,Sutton,E02000848,North Cheam East,-99,-99,-99,-99,-99,-99,-99,3,4,-99,-99,5,4,-99,-99,-99,-99,-99,-99,-99,-99,-99,-99,-99,-99,-99,-99,-99,-99,3,3,-99,-99,4,4,-99,-99
E12000007,London,E09000029,Sutton,E09000029,Sutton,E02000849,Wallington North,-99,-99,-99,-99,-99,-99,-99,-99,4,8,7,3,3,-99,5,-99,-99,-99,-99,-99,-99,-99,-99,-99,-99,-99,-99,-99,-99,-99,-99,-99,-99,-99,-99,6,6
E12000007,London,E09000029,Sutton,E09000029,Sutton,E02000850,Beddington,-99,-99,-99,-99,-99,-99,-99,-99,7,10,7,9,3,6,3,-99,-99,-99,-99,-99,-99,-99,-99,-99,-99,-99,-99,-99,-99,3,-99,-99,3,3,-99,4,4
E12000007,London,E09000029,Sutton,E09000029,Sutton,E02000851,Sutton Central,-99,-99,-99,-99,-99,-99,-99,4,6,8,3,9,4,-99,-99,-99,3,4,3,-99,-99,-99,-99,-99,-99,-99,-99,-99,-99,-99,-99,-99,-99,-99,-99,-99,-99
E12000007,London,E09000029,Sutton,E09000029,Sutton,E02000852,Sutton East,-99,-99,-99,-99,-99,-99,3,-99,7,8,6,9,4,-99,-99,-99,-99,-99,-99,-99,-99,-99,-99,-99,-99,-99,-99,-99,-99,-99,-99,3,-99,-99,7,3,3
E12000007,London,E09000029,Sutton,E09000029,Sutton,E02000853,Sutton West,-99,-99,-99,-99,-99,-99,-99,-99,3,5,6,7,4,-99,-99,-99,-99,-99,-99,3,-99,-99,-99,-99,-99,-99,-99,-99,-99,-99,-99,-99,-99,-99,-99,3,3
E12000007,London,E09000029,Sutton,E09000029,Sutton,E02000854,Carshalton Village,-99,-99,-99,-99,-99,-99,-99,-99,-99,8,-99,-99,-99,4,-99,-99,-99,-99,-99,-99,-99,-99,-99,-99,-99,-99,-99,-99,-99,3,-99,-99,-99,-99,-99,3,3
E12000007,London,E09000029,Sutton,E09000029,Sutton,E02000855,Cheam High Street,-99,-99,-99,-99,-99,-99,-99,4,6,-99,4,6,3,-99,-99,-99,-99,-99,-99,-99,-99,-99,-99,-99,-99,-99,-99,-99,-99,-99,-99,-99,-99,-99,-99,-99,-99
E12000007,London,E09000029,Sutton,E09000029,Sutton,E02000856,Wallington South,-99,-99,-99,-99,-99,-99,-99,-99,4,4,8,7,6,-99,-99,-99,-99,-99,-99,-99,-99,-99,-99,-99,-99,-99,-99,-99,-99,-99,-99,-99,-99,-99,6,4,4
E12000007,London,E09000029,Sutton,E09000029,Sutton,E02000857,Sutton South West,-99,-99,-99,-99,-99,-99,-99,4,10,8,5,9,5,7,7,9,6,3,-99,-99,-99,-99,-99,-99,-99,-99,-99,-99,-99,-99,3,-99,-99,-99,-99,-99,-99
E12000007,London,E09000029,Sutton,E09000029,Sutton,E02000858,Roundshaw,-99,-99,-99,-99,-99,-99,-99,-99,-99,4,7,4,4,3,-99,-99,-99,-99,-99,-99,-99,-99,-99,-99,-99,-99,-99,-99,-99,-99,-99,-99,-99,-99,-99,6,6
E12000007,London,E09000029,Sutton,E09000029,Sutton,E02000859,Carshalton on the Hill,-99,-99,-99,-99,-99,-99,-99,-99,13,3,5,15,3,4,-99,-99,-99,-99,-99,-99,-99,-99,-99,-99,-99,-99,-99,-99,-99,-99,-99,-99,-99,-99,-99,3,3
E12000007,London,E09000029,Sutton,E09000029,Sutton,E02000860,Sutton South & Shanklin,-99,-99,-99,-99,-99,-99,-99,-99,4,5,9,12,10,-99,-99,-99,-99,-99,-99,-99,-99,-99,-99,-99,-99,-99,-99,-99,-99,-99,-99,-99,-99,5,3,3,3
E12000007,London,E09000029,Sutton,E09000029,Sutton,E02000861,Carshalton Beeches & Banstead Road,-99,-99,-99,-99,-99,-99,-99,-99,3,7,-99,-99,-99,-99,-99,-99,-99,-99,-99,-99,-99,-99,-99,-99,-99,-99,-99,-99,-99,-99,-99,-99,-99,-99,-99,3,3
E12000007,London,E09000029,Sutton,E09000029,Sutton,E02000863,"Orchard Hill, Woodcote Green & Clockhouse",-99,-99,-99,-99,-99,-99,-99,4,-99,5,6,-99,-99,6,3,-99,4,-99,-99,-99,-99,-99,-99,-99,-99,-99,-99,-99,-99,-99,-99,-99,-99,-99,-99,6,6
E12000007,London,E09000030,Tower Hamlets,E09000030,Tower Hamlets,E02000864,Bow North & Fish Island,-99,-99,-99,-99,-99,-99,-99,6,11,7,7,3,3,3,-99,-99,-99,-99,-99,-99,-99,-99,-99,-99,4,-99,-99,-99,3,-99,3,-99,5,-99,7,5,5
E12000007,London,E09000030,Tower Hamlets,E09000030,Tower Hamlets,E02000865,Bethnal Green North East,-99,-99,-99,-99,-99,-99,-99,-99,7,3,4,-99,-99,-99,-99,-99,-99,-99,-99,-99,-99,-99,-99,-99,-99,-99,-99,-99,-99,-99,-99,4,-99,7,6,5,5
E12000007,London,E09000030,Tower Hamlets,E09000030,Tower Hamlets,E02000866,Bow West,-99,-99,-99,-99,-99,-99,-99,5,5,5,6,4,-99,-99,-99,-99,-99,-99,-99,-99,-99,-99,-99,-99,-99,-99,-99,-99,-99,-99,-99,-99,-99,4,7,5,5
E12000007,London,E09000030,Tower Hamlets,E09000030,Tower Hamlets,E02000867,Bow South,-99,-99,-99,-99,-99,-99,-99,-99,8,-99,3,5,-99,-99,-99,-99,-99,-99,-99,-99,-99,-99,-99,-99,-99,3,-99,-99,-99,-99,-99,4,-99,3,7,7,7
E12000007,London,E09000030,Tower Hamlets,E09000030,Tower Hamlets,E02000868,Bethnal Green North West,-99,-99,-99,-99,-99,3,-99,-99,3,3,6,3,5,-99,-99,-99,-99,-99,-99,-99,-99,-99,-99,-99,-99,-99,-99,-99,-99,-99,-99,5,6,8,10,12,12
E12000007,London,E09000030,Tower Hamlets,E09000030,Tower Hamlets,E02000869,Columbia Road,-99,-99,-99,-99,-99,-99,-99,3,4,5,-99,-99,-99,-99,-99,-99,4,-99,-99,-99,-99,-99,-99,-99,-99,-99,-99,-99,-99,-99,-99,-99,6,4,5,10,10
E12000007,London,E09000030,Tower Hamlets,E09000030,Tower Hamlets,E02000870,Bethnal Green East,-99,-99,-99,-99,-99,-99,-99,-99,3,4,4,-99,4,-99,-99,-99,-99,-99,-99,-99,-99,-99,-99,-99,-99,-99,-99,-99,-99,-99,-99,7,-99,3,6,7,7
E12000007,London,E09000030,Tower Hamlets,E09000030,Tower Hamlets,E02000871,Bromley-by-Bow East,-99,-99,-99,-99,-99,-99,-99,-99,3,8,11,-99,-99,-99,-99,-99,-99,-99,-99,-99,-99,-99,-99,3,-99,-99,-99,-99,-99,-99,-99,-99,5,-99,11,9,9
E12000007,London,E09000030,Tower Hamlets,E09000030,Tower Hamlets,E02000872,Brick Lane North,-99,-99,-99,-99,-99,-99,-99,-99,5,11,-99,-99,-99,-99,-99,-99,-99,-99,-99,-99,-99,-99,-99,-99,-99,-99,-99,-99,4,3,4,-99,-99,-99,4,17,17
E12000007,London,E09000030,Tower Hamlets,E09000030,Tower Hamlets,E02000873,Mile End West,-99,-99,-99,-99,-99,-99,-99,3,8,5,-99,-99,-99,-99,-99,-99,-99,-99,-99,-99,-99,-99,-99,-99,-99,-99,-99,-99,-99,-99,-99,-99,-99,11,11,20,20
E12000007,London,E09000030,Tower Hamlets,E09000030,Tower Hamlets,E02000874,Bethnal Green Central,-99,-99,-99,-99,-99,-99,-99,-99,-99,6,3,-99,-99,-99,-99,-99,-99,-99,-99,-99,-99,-99,-99,-99,-99,-99,-99,-99,-99,-99,3,4,-99,-99,6,5,5
E12000007,London,E09000030,Tower Hamlets,E09000030,Tower Hamlets,E02000875,Bromley-by-Bow West,-99,-99,-99,-99,-99,-99,-99,4,4,8,7,3,-99,5,-99,-99,-99,-99,-99,-99,-99,-99,-99,-99,-99,-99,-99,-99,-99,-99,-99,17,12,3,7,11,11
E12000007,London,E09000030,Tower Hamlets,E09000030,Tower Hamlets,E02000876,Bethnal Green South,-99,-99,-99,-99,-99,-99,-99,-99,7,3,-99,-99,5,-99,-99,-99,-99,-99,-99,-99,-99,-99,-99,-99,-99,-99,-99,-99,3,-99,-99,-99,-99,-99,7,3,3
E12000007,London,E09000030,Tower Hamlets,E09000030,Tower Hamlets,E02000877,Mile End East & Burdett Estate,-99,-99,-99,-99,-99,-99,-99,3,5,3,4,-99,-99,-99,-99,-99,3,-99,-99,-99,-99,-99,-99,-99,-99,-99,-99,-99,-99,5,3,-99,13,6,8,9,9
E12000007,London,E09000030,Tower Hamlets,E09000030,Tower Hamlets,E02000878,Spitalfields,-99,-99,-99,-99,-99,-99,3,-99,3,3,5,-99,3,-99,-99,-99,-99,-99,-99,-99,-99,-99,-99,-99,-99,-99,-99,-99,-99,3,3,5,-99,4,10,10,10
E12000007,London,E09000030,Tower Hamlets,E09000030,Tower Hamlets,E02000879,Stepney Green,-99,-99,-99,-99,-99,-99,-99,6,4,10,7,4,3,3,-99,3,-99,-99,-99,-99,-99,-99,-99,-99,-99,-99,-99,-99,-99,-99,-99,-99,-99,-99,7,7,7
E12000007,London,E09000030,Tower Hamlets,E09000030,Tower Hamlets,E02000880,Whitechapel,-99,-99,-99,-99,-99,-99,-99,-99,-99,7,-99,-99,-99,-99,-99,-99,-99,-99,-99,-99,-99,-99,-99,-99,-99,-99,-99,-99,-99,3,4,-99,-99,-99,-99,17,17
E12000007,London,E09000030,Tower Hamlets,E09000030,Tower Hamlets,E02000881,Poplar Leaside,-99,-99,-99,-99,-99,-99,-99,3,3,10,6,3,-99,6,-99,-99,-99,-99,-99,-99,-99,-99,-99,-99,-99,-99,-99,-99,-99,-99,-99,3,3,-99,7,6,6
E12000007,London,E09000030,Tower Hamlets,E09000030,Tower Hamlets,E02000882,Limehouse North & Stepney East,-99,-99,-99,-99,-99,-99,-99,-99,4,6,6,4,-99,-99,-99,-99,-99,-99,-99,-99,5,-99,-99,3,-99,-99,-99,-99,-99,-99,-99,-99,-99,10,5,-99,-99
E12000007,London,E09000030,Tower Hamlets,E09000030,Tower Hamlets,E02000883,Poplar Central,-99,-99,-99,-99,-99,-99,-99,-99,9,4,7,4,5,3,-99,-99,-99,-99,-99,-99,-99,-99,-99,-99,-99,-99,-99,-99,-99,-99,-99,3,-99,-99,5,10,10
E12000007,London,E09000030,Tower Hamlets,E09000030,Tower Hamlets,E02000884,Aldgate,-99,-99,-99,-99,-99,-99,-99,-99,3,8,4,-99,-99,-99,-99,-99,-99,3,-99,-99,-99,-99,-99,-99,-99,-99,-99,-99,-99,3,3,5,3,7,7,21,21
E12000007,London,E09000030,Tower Hamlets,E09000030,Tower Hamlets,E02000885,Shadwell North,-99,-99,-99,-99,-99,-99,-99,-99,6,3,5,-99,-99,-99,-99,-99,-99,-99,-99,-99,-99,-99,-99,-99,-99,3,-99,-99,-99,-99,-99,-99,-99,3,7,11,11
E12000007,London,E09000030,Tower Hamlets,E09000030,Tower Hamlets,E02000886,Limehouse East,-99,-99,-99,-99,-99,-99,-99,-99,-99,5,3,-99,-99,-99,-99,-99,-99,-99,-99,-99,-99,-99,-99,-99,-99,-99,-99,-99,-99,-99,-99,-99,-99,3,4,4,4
E12000007,London,E09000030,Tower Hamlets,E09000030,Tower Hamlets,E02000887,Poplar West,-99,-99,-99,-99,-99,-99,-99,3,7,8,-99,4,-99,-99,-99,-99,-99,-99,-99,5,-99,-99,-99,-99,-99,-99,-99,-99,-99,4,-99,3,5,5,8,8,8
E12000007,London,E09000030,Tower Hamlets,E09000030,Tower Hamlets,E02000888,Shadwell Basin & Ratcliffe,-99,-99,-99,-99,-99,-99,-99,-99,4,6,-99,-99,-99,-99,-99,-99,-99,-99,-99,-99,-99,-99,-99,-99,-99,-99,4,-99,-99,-99,-99,6,3,-99,-99,11,11
E12000007,London,E09000030,Tower Hamlets,E09000030,Tower Hamlets,E02000889,St George in the East & Wapping North,-99,-99,-99,-99,-99,-99,-99,-99,4,3,-99,-99,-99,-99,-99,-99,-99,-99,-99,-99,-99,-99,-99,-99,-99,-99,-99,-99,-99,-99,-99,4,3,4,4,8,8
E12000007,London,E09000030,Tower Hamlets,E09000030,Tower Hamlets,E02000890,Tower Hill & Wapping South,-99,-99,-99,-99,-99,-99,-99,-99,-99,-99,-99,-99,-99,-99,-99,-99,-99,-99,-99,-99,-99,-99,-99,-99,-99,-99,-99,-99,-99,-99,-99,-99,3,-99,6,3,3
E12000007,London,E09000030,Tower Hamlets,E09000030,Tower Hamlets,E02000891,Blackwall & Leamouth,-99,-99,-99,-99,-99,-99,-99,-99,9,8,6,4,7,-99,-99,-99,-99,-99,-99,-99,-99,-99,-99,3,-99,5,5,-99,4,5,6,4,-99,3,7,11,11
E12000007,London,E09000030,Tower Hamlets,E09000030,Tower Hamlets,E02000893,Mudchute,-99,-99,-99,-99,-99,-99,-99,-99,-99,5,4,-99,-99,-99,-99,-99,-99,-99,-99,-99,-99,-99,-99,-99,-99,-99,3,-99,-99,-99,-99,-99,-99,-99,-99,6,6
E12000007,London,E09000030,Tower Hamlets,E09000030,Tower Hamlets,E02000894,Millwall South,-99,-99,-99,-99,-99,-99,-99,-99,3,6,7,3,-99,-99,-99,-99,-99,-99,-99,-99,-99,-99,-99,-99,-99,-99,-99,-99,-99,-99,-99,-99,-99,-99,6,4,4
E12000007,London,E09000031,Waltham Forest,E09000031,Waltham Forest,E02000895,Chingford Green West,-99,-99,-99,-99,-99,-99,-99,4,9,7,9,-99,-99,-99,-99,-99,-99,-99,-99,-99,-99,-99,-99,-99,-99,-99,-99,-99,-99,-99,-99,3,-99,-99,7,7,7
E12000007,London,E09000031,Waltham Forest,E09000031,Waltham Forest,E02000896,Chingford Green East,-99,-99,-99,-99,-99,-99,-99,6,9,8,9,9,-99,-99,-99,-99,-99,-99,-99,-99,-99,-99,-99,-99,-99,-99,-99,-99,-99,-99,-99,4,-99,4,-99,12,12
E12000007,London,E09000031,Waltham Forest,E09000031,Waltham Forest,E02000897,Friday Hill,-99,-99,-99,-99,-99,-99,-99,-99,6,4,6,3,13,-99,3,-99,-99,-99,-99,-99,-99,-99,-99,-99,-99,-99,-99,3,-99,-99,9,-99,-99,5,5,8,8
E12000007,London,E09000031,Waltham Forest,E09000031,Waltham Forest,E02000898,Larkswood,-99,-99,-99,-99,-99,-99,-99,-99,9,13,3,5,3,-99,-99,-99,-99,-99,-99,-99,-99,-99,-99,-99,-99,-99,-99,-99,-99,-99,-99,-99,-99,-99,4,4,4
E12000007,London,E09000031,Waltham Forest,E09000031,Waltham Forest,E02000899,Chingford Mount,-99,-99,-99,-99,-99,-99,-99,-99,5,6,3,4,-99,-99,-99,4,-99,-99,-99,-99,-99,-99,-99,-99,-99,-99,-99,-99,-99,-99,-99,-99,-99,3,3,-99,-99
E12000007,London,E09000031,Waltham Forest,E09000031,Waltham Forest,E02000900,South Chingford,-99,-99,-99,-99,-99,-99,-99,-99,9,4,4,6,-99,4,-99,-99,-99,-99,-99,-99,-99,-99,-99,-99,-99,-99,-99,-99,3,-99,-99,-99,5,3,8,6,6
E12000007,London,E09000031,Waltham Forest,E09000031,Waltham Forest,E02000901,Highams Park East,-99,-99,-99,-99,-99,-99,-99,-99,6,6,-99,-99,-99,-99,-99,-99,-99,-99,-99,-99,-99,-99,-99,-99,-99,-99,-99,-99,-99,3,-99,3,5,5,-99,8,8
E12000007,London,E09000031,Waltham Forest,E09000031,Waltham Forest,E02000902,Highams Park West,-99,-99,-99,-99,-99,-99,-99,-99,4,10,3,7,-99,-99,5,-99,-99,-99,-99,-99,-99,-99,-99,-99,4,-99,-99,-99,-99,-99,-99,-99,4,5,5,7,7
E12000007,London,E09000031,Waltham Forest,E09000031,Waltham Forest,E02000903,Higham Hill,-99,-99,-99,-99,-99,-99,-99,-99,-99,8,-99,5,-99,3,-99,-99,-99,-99,-99,-99,-99,-99,-99,-99,-99,-99,-99,-99,-99,-99,-99,-99,3,-99,3,4,4
E12000007,London,E09000031,Waltham Forest,E09000031,Waltham Forest,E02000904,Fulbourne Road & Walthamstow Forest,-99,-99,-99,-99,-99,-99,-99,-99,6,6,5,3,3,5,-99,-99,-99,-99,-99,-99,-99,-99,-99,-99,-99,-99,-99,-99,-99,-99,-99,-99,4,5,3,-99,-99
E12000007,London,E09000031,Waltham Forest,E09000031,Waltham Forest,E02000905,Lloyd Park,-99,-99,-99,-99,-99,-99,-99,-99,5,7,5,6,3,3,-99,-99,-99,-99,-99,-99,3,-99,3,-99,-99,-99,-99,-99,-99,-99,4,-99,-99,4,-99,3,3
E12000007,London,E09000031,Waltham Forest,E09000031,Waltham Forest,E02000906,William Morris,-99,-99,-99,-99,-99,-99,-99,-99,3,6,4,-99,3,-99,4,-99,-99,-99,-99,-99,-99,-99,-99,-99,-99,-99,-99,-99,-99,-99,-99,-99,-99,-99,5,4,4
E12000007,London,E09000031,Waltham Forest,E09000031,Waltham Forest,E02000907,Wood Street,-99,-99,-99,-99,-99,-99,-99,-99,6,10,8,3,9,-99,6,-99,-99,-99,-99,-99,-99,-99,-99,-99,-99,-99,-99,-99,-99,-99,-99,-99,-99,-99,5,5,5
E12000007,London,E09000031,Waltham Forest,E09000031,Waltham Forest,E02000908,Blackhorse Road,-99,-99,-99,-99,-99,-99,-99,4,7,7,8,7,-99,3,4,-99,-99,-99,-99,-99,-99,-99,-99,-99,-99,-99,-99,-99,-99,-99,-99,4,-99,4,9,5,5
E12000007,London,E09000031,Waltham Forest,E09000031,Waltham Forest,E02000909,Upper Walthamstow,-99,-99,-99,-99,-99,-99,-99,-99,6,3,4,6,-99,-99,3,-99,-99,-99,-99,-99,3,-99,-99,-99,-99,-99,-99,-99,-99,-99,-99,-99,4,-99,-99,10,10
E12000007,London,E09000031,Waltham Forest,E09000031,Waltham Forest,E02000910,Walthamstow Central,-99,-99,-99,-99,-99,-99,-99,-99,-99,9,9,3,-99,4,3,-99,-99,-99,-99,-99,-99,-99,-99,-99,-99,-99,-99,-99,-99,-99,3,3,4,-99,6,21,21
E12000007,London,E09000031,Waltham Forest,E09000031,Waltham Forest,E02000911,Walthamstow Market & South Grove,-99,-99,-99,-99,-99,-99,-99,-99,7,8,9,7,-99,-99,3,-99,-99,-99,-99,-99,3,-99,-99,-99,-99,-99,-99,-99,3,-99,3,-99,8,7,4,8,8
E12000007,London,E09000031,Waltham Forest,E09000031,Waltham Forest,E02000912,Markhouse & St James Park,-99,-99,-99,-99,-99,-99,-99,-99,9,10,-99,5,4,-99,-99,-99,-99,-99,-99,-99,-99,-99,-99,-99,-99,-99,-99,-99,3,-99,-99,-99,-99,-99,4,9,9
E12000007,London,E09000031,Waltham Forest,E09000031,Waltham Forest,E02000913,Whipps Cross,-99,-99,-99,-99,-99,-99,-99,-99,7,4,7,6,-99,3,3,-99,-99,-99,-99,3,-99,-99,-99,-99,-99,-99,-99,-99,3,-99,5,4,-99,5,3,3,3
E12000007,London,E09000031,Waltham Forest,E09000031,Waltham Forest,E02000914,Baker's Arms,-99,-99,-99,-99,-99,-99,-99,3,11,14,12,8,7,-99,-99,-99,-99,-99,-99,-99,-99,-99,-99,-99,-99,-99,-99,-99,-99,-99,-99,4,-99,4,7,21,21
E12000007,London,E09000031,Waltham Forest,E09000031,Waltham Forest,E02000915,Leytonstone North,-99,-99,-99,-99,-99,-99,-99,-99,4,4,8,3,-99,-99,-99,-99,-99,-99,-99,-99,-99,-99,-99,-99,-99,-99,-99,-99,-99,-99,-99,-99,-99,-99,4,3,3
E12000007,London,E09000031,Waltham Forest,E09000031,Waltham Forest,E02000916,Lea Bridge,-99,-99,-99,-99,-99,-99,-99,-99,-99,4,7,7,7,5,-99,-99,-99,-99,-99,-99,-99,-99,-99,-99,-99,-99,-99,-99,9,-99,-99,-99,-99,7,6,4,4
E12000007,London,E09000031,Waltham Forest,E09000031,Waltham Forest,E02000917,Leyton North,-99,-99,-99,-99,-99,-99,-99,-99,6,6,8,4,-99,-99,-99,-99,-99,-99,-99,-99,-99,-99,-99,-99,-99,-99,-99,8,-99,-99,-99,4,-99,-99,3,5,5
E12000007,London,E09000031,Waltham Forest,E09000031,Waltham Forest,E02000918,Leytonstone East,-99,-99,-99,-99,-99,-99,-99,3,3,3,4,4,-99,-99,3,-99,-99,-99,-99,-99,-99,-99,-99,-99,-99,-99,-99,-99,-99,-99,-99,3,-99,4,10,16,16
E12000007,London,E09000031,Waltham Forest,E09000031,Waltham Forest,E02000919,Leyton East,-99,-99,-99,-99,-99,-99,-99,-99,-99,5,3,6,-99,-99,-99,-99,-99,-99,-99,-99,-99,-99,-99,-99,-99,-99,-99,-99,-99,-99,-99,-99,6,-99,5,7,7
E12000007,London,E09000031,Waltham Forest,E09000031,Waltham Forest,E02000920,Leyton South,-99,-99,-99,-99,-99,-99,-99,3,5,5,5,-99,-99,4,-99,-99,-99,-99,-99,-99,-99,-99,-99,-99,-99,-99,-99,-99,-99,-99,-99,4,7,3,-99,8,8
E12000007,London,E09000031,Waltham Forest,E09000031,Waltham Forest,E02000921,Leytonstone South West,-99,-99,-99,-99,-99,-99,-99,4,4,11,4,5,3,4,3,-99,-99,-99,-99,-99,-99,-99,-99,-99,-99,-99,-99,-99,3,-99,-99,3,4,5,5,5,5
E12000007,London,E09000031,Waltham Forest,E09000031,Waltham Forest,E02000922,Leytonstone South East,-99,-99,-99,-99,-99,-99,-99,3,10,8,6,-99,3,-99,-99,-99,-99,-99,-99,3,-99,-99,5,-99,3,-99,-99,-99,-99,3,3,-99,3,-99,8,4,4
E12000007,London,E09000032,Wandsworth,E09000032,Wandsworth,E02000923,Battersea Park,-99,-99,-99,-99,-99,-99,5,5,4,6,3,3,-99,-99,-99,-99,-99,-99,-99,-99,-99,-99,-99,-99,-99,-99,3,-99,-99,-99,3,4,-99,-99,-99,4,4
E12000007,London,E09000032,Wandsworth,E09000032,Wandsworth,E02000924,Nine Elms & Patmore,-99,-99,-99,-99,-99,-99,4,4,9,10,15,3,-99,-99,3,-99,-99,-99,-99,-99,-99,-99,-99,-99,-99,-99,-99,-99,3,4,7,6,9,7,5,12,12
E12000007,London,E09000032,Wandsworth,E09000032,Wandsworth,E02000925,Battersea Latchmere,-99,-99,-99,-99,-99,-99,3,6,4,7,4,6,-99,3,-99,-99,-99,-99,-99,-99,-99,-99,-99,-99,-99,-99,-99,-99,-99,-99,-99,3,-99,-99,3,5,5
E12000007,London,E09000032,Wandsworth,E09000032,Wandsworth,E02000926,St Mary's & Cotton Row,-99,-99,-99,-99,-99,-99,-99,-99,9,12,-99,3,4,-99,-99,-99,-99,-99,-99,-99,-99,-99,-99,-99,-99,-99,-99,3,-99,-99,-99,-99,3,7,7,9,9
E12000007,London,E09000032,Wandsworth,E09000032,Wandsworth,E02000927,Lavender Hill East,-99,-99,-99,-99,-99,-99,-99,4,7,-99,6,-99,-99,-99,-99,-99,-99,-99,-99,-99,-99,-99,-99,-99,-99,-99,-99,-99,-99,-99,-99,-99,-99,-99,-99,8,8
E12000007,London,E09000032,Wandsworth,E09000032,Wandsworth,E02000928,Putney Embankment & Lower Common,-99,-99,-99,-99,-99,-99,-99,-99,5,6,4,-99,-99,-99,-99,-99,-99,-99,-99,-99,-99,-99,-99,-99,-99,-99,-99,-99,-99,-99,3,-99,-99,-99,5,6,6
E12000007,London,E09000032,Wandsworth,E09000032,Wandsworth,E02000929,York Gardens,-99,-99,-99,-99,-99,-99,-99,3,3,8,5,-99,-99,-99,-99,-99,-99,-99,-99,-99,-99,-99,-99,-99,-99,-99,-99,-99,-99,3,-99,4,-99,-99,-99,6,6
E12000007,London,E09000032,Wandsworth,E09000032,Wandsworth,E02000930,Lavender Hill West & Little India,-99,-99,-99,-99,-99,-99,-99,4,4,5,-99,-99,-99,-99,-99,-99,-99,-99,-99,-99,-99,-99,-99,-99,-99,-99,-99,-99,4,4,5,-99,5,-99,9,13,13
E12000007,London,E09000032,Wandsworth,E09000032,Wandsworth,E02000931,Clapham Common West,-99,-99,-99,-99,-99,-99,-99,-99,-99,6,-99,3,-99,-99,-99,-99,-99,-99,-99,-99,-99,-99,-99,-99,-99,-99,-99,-99,-99,-99,-99,4,5,5,4,4,4
E12000007,London,E09000032,Wandsworth,E09000032,Wandsworth,E02000932,Putney Town & Wandsworth Park,-99,-99,-99,-99,-99,-99,-99,-99,8,-99,3,6,-99,-99,-99,-99,-99,-99,-99,-99,-99,-99,-99,-99,-99,-99,-99,3,-99,-99,-99,-99,7,3,5,3,3
E12000007,London,E09000032,Wandsworth,E09000032,Wandsworth,E02000933,Putney West,-99,-99,-99,-99,-99,-99,-99,-99,4,10,4,-99,4,-99,-99,-99,-99,-99,-99,-99,-99,-99,-99,-99,-99,-99,-99,-99,-99,-99,5,-99,4,-99,3,14,14
E12000007,London,E09000032,Wandsworth,E09000032,Wandsworth,E02000934,Clapham Junction & East Hill,-99,-99,-99,-99,-99,-99,-99,4,3,3,-99,-99,-99,4,5,-99,-99,-99,-99,-99,-99,-99,-99,-99,-99,-99,-99,-99,-99,-99,-99,-99,-99,3,-99,7,7
E12000007,London,E09000032,Wandsworth,E09000032,Wandsworth,E02000935,Roehampton North West,-99,-99,-99,-99,-99,-99,-99,3,3,-99,-99,-99,-99,3,-99,-99,-99,-99,-99,-99,-99,-99,-99,-99,-99,-99,-99,-99,-99,-99,-99,-99,-99,-99,4,7,7
E12000007,London,E09000032,Wandsworth,E09000032,Wandsworth,E02000936,East Putney,-99,-99,-99,-99,-99,-99,-99,-99,4,7,-99,3,-99,-99,-99,-99,-99,-99,-99,-99,-99,-99,-99,-99,3,-99,-99,-99,-99,3,-99,-99,-99,-99,5,4,4
E12000007,London,E09000032,Wandsworth,E09000032,Wandsworth,E02000937,Wandsworth Common,-99,-99,-99,-99,-99,-99,-99,4,-99,-99,-99,-99,-99,-99,-99,-99,-99,-99,-99,-99,-99,-99,-99,-99,-99,-99,-99,-99,-99,-99,-99,5,-99,-99,3,14,14
E12000007,London,E09000032,Wandsworth,E09000032,Wandsworth,E02000938,Roehampton North East,-99,-99,-99,-99,-99,-99,-99,-99,5,6,3,5,5,5,3,3,-99,-99,-99,-99,-99,3,-99,-99,-99,-99,-99,-99,-99,-99,-99,-99,3,-99,4,-99,-99
E12000007,London,E09000032,Wandsworth,E09000032,Wandsworth,E02000939,Nightingale Lane,-99,-99,-99,-99,-99,-99,-99,3,-99,4,5,-99,-99,-99,-99,3,-99,-99,-99,-99,-99,-99,-99,-99,-99,-99,-99,-99,-99,-99,3,4,-99,-99,3,5,5
E12000007,London,E09000032,Wandsworth,E09000032,Wandsworth,E02000940,Wandsworth South,-99,-99,-99,-99,-99,-99,3,-99,4,5,5,3,-99,-99,-99,-99,-99,-99,-99,-99,-99,-99,-99,-99,-99,-99,-99,-99,-99,-99,-99,5,4,-99,4,4,4
E12000007,London,E09000032,Wandsworth,E09000032,Wandsworth,E02000941,Earlsfield North,-99,-99,-99,-99,-99,-99,-99,6,12,5,6,-99,3,4,-99,-99,-99,-99,-99,-99,-99,-99,-99,-99,-99,-99,-99,-99,-99,-99,-99,-99,5,4,-99,8,8
E12000007,London,E09000032,Wandsworth,E09000032,Wandsworth,E02000942,Southfields North,-99,-99,-99,-99,-99,-99,-99,3,9,5,5,5,-99,-99,-99,-99,-99,-99,-99,-99,-99,-99,-99,-99,-99,-99,-99,-99,-99,-99,-99,-99,5,-99,7,7,7
E12000007,London,E09000032,Wandsworth,E09000032,Wandsworth,E02000943,Balham,-99,-99,-99,-99,-99,-99,-99,8,-99,5,-99,3,-99,-99,-99,-99,-99,-99,-99,-99,-99,-99,-99,-99,-99,-99,-99,-99,-99,3,-99,7,5,3,-99,3,3
E12000007,London,E09000032,Wandsworth,E09000032,Wandsworth,E02000944,West Hill North,-99,-99,-99,-99,-99,-99,-99,10,13,22,22,4,-99,4,3,-99,-99,-99,-99,-99,-99,-99,-99,-99,-99,-99,-99,-99,3,-99,-99,-99,-99,-99,-99,3,3
E12000007,London,E09000032,Wandsworth,E09000032,Wandsworth,E02000945,Roehampton South & Putney Vale,-99,-99,-99,-99,-99,-99,3,-99,6,3,6,-99,3,3,-99,-99,-99,-99,-99,-99,-99,-99,-99,-99,-99,4,-99,-99,-99,-99,-99,-99,4,-99,-99,4,4
E12000007,London,E09000032,Wandsworth,E09000032,Wandsworth,E02000946,Earlsfield South,-99,-99,-99,-99,-99,-99,-99,-99,4,7,4,-99,-99,-99,-99,-99,-99,-99,-99,-99,-99,-99,-99,-99,-99,-99,-99,-99,-99,3,-99,-99,-99,-99,3,5,5
E12000007,London,E09000032,Wandsworth,E09000032,Wandsworth,E02000947,Merton Road,-99,-99,-99,-99,-99,-99,-99,-99,4,3,-99,-99,-99,-99,-99,-99,-99,-99,-99,-99,-99,-99,-99,-99,-99,-99,-99,-99,-99,-99,-99,5,4,-99,-99,4,4
E12000007,London,E09000032,Wandsworth,E09000032,Wandsworth,E02000948,Tooting Bec Common,-99,-99,-99,-99,-99,-99,6,5,3,5,-99,4,-99,-99,-99,-99,-99,-99,-99,-99,-99,-99,-99,-99,-99,-99,-99,-99,-99,3,-99,4,4,-99,5,11,11
E12000007,London,E09000032,Wandsworth,E09000032,Wandsworth,E02000949,Springfield,-99,-99,-99,-99,-99,-99,9,5,4,6,5,4,-99,-99,-99,-99,-99,-99,-99,-99,-99,-99,-99,-99,-99,-99,-99,-99,-99,9,-99,-99,3,-99,3,10,10
E12000007,London,E09000032,Wandsworth,E09000032,Wandsworth,E02000950,West Hill South,-99,-99,-99,-99,-99,-99,-99,3,5,3,3,-99,-99,-99,-99,-99,-99,-99,-99,-99,-99,-99,-99,-99,-99,-99,-99,-99,-99,-99,-99,-99,-99,-99,-99,3,3
E12000007,London,E09000032,Wandsworth,E09000032,Wandsworth,E02000951,Tooting Bec West,-99,-99,-99,-99,-99,-99,-99,3,-99,-99,9,-99,-99,-99,-99,-99,-99,-99,-99,-99,-99,-99,-99,-99,-99,-99,-99,-99,-99,-99,-99,-99,-99,-99,3,3,3
E12000007,London,E09000032,Wandsworth,E09000032,Wandsworth,E02000952,Tooting Bec East,-99,-99,-99,-99,-99,-99,-99,-99,4,6,3,-99,-99,5,-99,4,-99,-99,-99,-99,-99,-99,-99,-99,-99,-99,-99,-99,-99,4,-99,-99,-99,-99,7,7,7
E12000007,London,E09000032,Wandsworth,E09000032,Wandsworth,E02000953,Summerstown,-99,-99,-99,-99,-99,-99,-99,4,5,7,3,6,3,-99,-99,-99,-99,-99,-99,-99,-99,-99,-99,-99,-99,-99,-99,7,-99,-99,-99,-99,-99,-99,3,-99,-99
E12000007,London,E09000032,Wandsworth,E09000032,Wandsworth,E02000954,Upper Tooting,-99,-99,-99,-99,-99,-99,-99,-99,8,5,5,4,-99,-99,-99,-99,-99,-99,-99,-99,-99,-99,-99,-99,-99,-99,-99,-99,-99,-99,-99,-99,-99,-99,-99,4,4
E12000007,London,E09000032,Wandsworth,E09000032,Wandsworth,E02000955,Tooting North,-99,-99,-99,-99,-99,-99,-99,3,10,6,3,5,-99,-99,-99,-99,-99,-99,-99,-99,-99,-99,-99,-99,-99,-99,-99,-99,-99,-99,-99,-99,-99,6,-99,4,4
E12000007,London,E09000032,Wandsworth,E09000032,Wandsworth,E02000956,Tooting West,-99,-99,-99,-99,-99,-99,3,4,13,10,7,3,6,3,-99,-99,-99,-99,-99,-99,-99,-99,4,-99,-99,-99,-99,-99,-99,-99,-99,-99,-99,-99,6,5,5
E12000007,London,E09000032,Wandsworth,E09000032,Wandsworth,E02000957,Tooting East,-99,-99,-99,-99,-99,-99,3,-99,11,12,3,9,5,-99,-99,-99,3,-99,-99,-99,-99,-99,-99,-99,3,-99,-99,-99,-99,3,-99,3,-99,-99,-99,3,3
E12000007,London,E09000032,Wandsworth,E09000032,Wandsworth,E02000958,Furzedown West,-99,-99,-99,-99,-99,-99,-99,4,6,6,5,-99,3,3,-99,-99,-99,-99,-99,-99,-99,-99,-99,-99,-99,-99,-99,-99,-99,-99,-99,-99,-99,-99,-99,5,5
E12000007,London,E09000032,Wandsworth,E09000032,Wandsworth,E02000959,Furzedown East,-99,-99,-99,-99,-99,-99,-99,7,4,4,6,9,-99,-99,-99,-99,-99,-99,-99,-99,-99,-99,-99,-99,-99,-99,-99,-99,-99,3,-99,-99,-99,-99,-99,-99,-99
E12000007,London,E09000033,Westminster,E09000033,Westminster,E02000960,St John's Wood North,-99,-99,-99,-99,-99,-99,-99,8,6,-99,-99,-99,-99,-99,-99,-99,-99,-99,-99,-99,-99,-99,-99,-99,-99,3,-99,-99,-99,-99,-99,-99,-99,-99,-99,3,3
E12000007,London,E09000033,Westminster,E09000033,Westminster,E02000961,Abbey Road,-99,-99,-99,-99,-99,-99,4,-99,5,3,8,5,-99,3,-99,-99,-99,-99,-99,-99,-99,-99,-99,-99,-99,-99,-99,3,-99,-99,-99,3,-99,7,-99,7,7
E12000007,London,E09000033,Westminster,E09000033,Westminster,E02000962,St John's Wood South,-99,-99,-99,-99,-99,-99,5,4,9,10,5,-99,-99,-99,-99,-99,-99,-99,-99,-99,-99,-99,-99,-99,-99,-99,-99,-99,-99,-99,-99,-99,3,-99,-99,12,12
E12000007,London,E09000033,Westminster,E09000033,Westminster,E02000963,Queen's Park Gardens,-99,-99,-99,-99,-99,-99,3,-99,14,11,8,5,5,3,-99,-99,-99,-99,-99,-99,4,-99,-99,-99,-99,-99,-99,-99,-99,-99,-99,-99,-99,-99,-99,7,7
E12000007,London,E09000033,Westminster,E09000033,Westminster,E02000964,Maida Hill,-99,-99,-99,-99,-99,-99,4,-99,7,9,12,3,-99,3,3,-99,-99,-99,-99,-99,-99,-99,-99,-99,-99,-99,-99,-99,-99,-99,3,3,3,-99,8,4,4
E12000007,London,E09000033,Westminster,E09000033,Westminster,E02000965,Maida Vale,-99,-99,-99,-99,-99,-99,-99,4,-99,7,-99,-99,-99,-99,-99,-99,-99,-99,-99,-99,-99,-99,-99,-99,-99,-99,-99,-99,-99,-99,-99,3,3,3,7,5,5
E12000007,London,E09000033,Westminster,E09000033,Westminster,E02000966,Little Venice,-99,-99,-99,-99,-99,-99,3,6,-99,6,4,-99,-99,3,-99,-99,-99,-99,-99,-99,-99,-99,-99,-99,-99,-99,-99,4,-99,-99,-99,3,-99,3,3,12,12
E12000007,London,E09000033,Westminster,E09000033,Westminster,E02000967,Regent's Park,-99,-99,-99,-99,-99,-99,-99,3,6,6,-99,-99,-99,-99,-99,-99,-99,-99,-99,-99,-99,-99,-99,-99,-99,-99,-99,-99,-99,-99,-99,8,4,-99,5,8,8
E12000007,London,E09000033,Westminster,E09000033,Westminster,E02000968,Church Street,-99,-99,-99,-99,-99,-99,6,13,15,8,5,5,-99,4,-99,-99,-99,-99,-99,-99,-99,-99,-99,-99,-99,-99,-99,-99,-99,3,5,5,-99,-99,9,11,11
E12000007,London,E09000033,Westminster,E09000033,Westminster,E02000969,Westbourne,-99,-99,-99,-99,-99,-99,-99,5,9,7,5,12,3,15,-99,-99,-99,-99,-99,-99,-99,-99,-99,-99,-99,-99,-99,-99,-99,-99,4,4,3,3,4,8,8
E12000007,London,E09000033,Westminster,E09000033,Westminster,E02000970,Marylebone & Park Lane,-99,-99,-99,-99,-99,-99,5,3,-99,-99,-99,4,-99,-99,-99,-99,-99,-99,-99,-99,-99,-99,-99,-99,-99,-99,5,-99,-99,-99,-99,-99,-99,-99,4,9,9
E12000007,London,E09000033,Westminster,E09000033,Westminster,E02000971,Bryanston & Dorset Square,-99,-99,-99,-99,-99,-99,5,4,3,-99,-99,-99,-99,-99,-99,-99,-99,-99,-99,-99,-99,-99,-99,-99,-99,-99,-99,-99,3,-99,-99,3,4,3,-99,4,4
E12000007,London,E09000033,Westminster,E09000033,Westminster,E02000972,Fitzrovia West & Soho,-99,-99,-99,-99,-99,-99,4,3,10,9,5,3,-99,-99,-99,-99,-99,-99,-99,-99,-99,-99,-99,-99,-99,-99,-99,-99,-99,4,-99,3,-99,6,-99,7,7
E12000007,London,E09000033,Westminster,E09000033,Westminster,E02000973,Westbourne Grove,-99,-99,-99,-99,-99,-99,-99,-99,-99,5,3,3,-99,-99,-99,-99,-99,-99,-99,-99,-99,-99,-99,-99,-99,-99,-99,-99,3,-99,4,-99,-99,3,5,5,5
E12000007,London,E09000033,Westminster,E09000033,Westminster,E02000974,Paddington & St George's Fields,-99,-99,-99,-99,-99,-99,-99,3,4,-99,-99,-99,-99,5,-99,-99,-99,-99,-99,-99,-99,-99,-99,-99,-99,-99,-99,-99,-99,-99,-99,-99,3,5,3,3,3
E12000007,London,E09000033,Westminster,E09000033,Westminster,E02000975,Bayswater East,-99,-99,-99,-99,-99,-99,4,-99,3,3,-99,-99,-99,3,-99,-99,-99,-99,-99,-99,-99,-99,-99,-99,-99,-99,-99,-99,-99,-99,-99,6,-99,-99,-99,11,11
E12000007,London,E09000033,Westminster,E09000033,Westminster,E02000976,Queensway,-99,-99,-99,-99,-99,-99,-99,-99,4,-99,5,-99,-99,-99,-99,-99,-99,-99,-99,-99,-99,-99,-99,-99,-99,-99,-99,-99,-99,-99,-99,-99,-99,-99,4,9,9
E12000007,London,E09000033,Westminster,E09000033,Westminster,E02000977,"Strand, St James & Mayfair",-99,-99,-99,-99,-99,-99,-99,4,-99,5,3,3,-99,-99,3,-99,-99,-99,-99,-99,-99,-99,-99,-99,-99,-99,-99,-99,-99,-99,3,-99,-99,-99,4,8,8
E12000007,London,E09000033,Westminster,E09000033,Westminster,E02000978,"Knightsbridge, Belgravia & Hyde Park",-99,-99,-99,-99,-99,-99,-99,-99,4,13,-99,-99,-99,-99,-99,-99,-99,-99,-99,-99,-99,-99,-99,-99,-99,-99,-99,5,-99,3,3,-99,3,3,-99,6,6
E12000007,London,E09000033,Westminster,E09000033,Westminster,E02000979,Central Westminster,-99,-99,-99,-99,-99,-99,-99,4,4,8,4,5,-99,4,-99,5,-99,-99,-99,-99,-99,-99,-99,-99,-99,-99,-99,-99,-99,3,3,-99,-99,-99,-99,4,4
E12000007,London,E09000033,Westminster,E09000033,Westminster,E02000980,Millbank,-99,-99,-99,-99,-99,-99,3,-99,10,5,4,-99,5,-99,-99,-99,-99,-99,-99,-99,-99,-99,-99,5,-99,-99,-99,-99,-99,3,-99,-99,-99,-99,-99,6,6
E12000007,London,E09000033,Westminster,E09000033,Westminster,E02000981,Pimlico North,-99,-99,-99,-99,-99,-99,3,-99,4,6,-99,-99,-99,-99,-99,-99,-99,-99,-99,-99,-99,-99,-99,-99,-99,-99,-99,-99,-99,-99,4,-99,-99,-99,4,13,13
E12000007,London,E09000033,Westminster,E09000033,Westminster,E02000982,Victoria,-99,-99,-99,-99,-99,-99,-99,3,6,4,3,-99,4,-99,-99,-99,-99,-99,-99,-99,-99,-99,-99,-99,-99,-99,-99,-99,-99,4,-99,3,-99,-99,4,9,9
E12000007,London,E09000033,Westminster,E09000033,Westminster,E02000983,Pimlico South,-99,-99,-99,-99,-99,-99,-99,-99,6,8,3,3,-99,-99,-99,-99,3,-99,-99,-99,-99,-99,-99,-99,-99,-99,-99,-99,-99,-99,-99,-99,-99,3,-99,4,4
E12000002,North West,E08000001,Bolton,E08000001,Bolton,E02000984,Dunscar & Egerton,-99,-99,-99,-99,-99,-99,-99,-99,3,-99,4,3,3,4,-99,-99,-99,-99,-99,-99,-99,-99,-99,-99,-99,-99,-99,-99,-99,-99,-99,8,18,7,11,19,19
E12000002,North West,E08000001,Bolton,E08000001,Bolton,E02000985,Bromley Cross & Bradshaw,-99,-99,-99,-99,-99,-99,-99,-99,-99,3,5,3,-99,-99,3,-99,-99,-99,-99,-99,-99,-99,-99,-99,-99,-99,-99,-99,-99,-99,-99,5,14,16,19,19,19
E12000002,North West,E08000001,Bolton,E08000001,Bolton,E02000986,Eagley & Sharples,-99,-99,-99,-99,-99,-99,-99,-99,-99,5,6,6,9,5,3,-99,-99,-99,-99,-99,-99,-99,-99,6,-99,-99,-99,-99,-99,-99,5,13,15,27,24,14,14
E12000002,North West,E08000001,Bolton,E08000001,Bolton,E02000987,Horwich North,-99,-99,-99,-99,-99,-99,-99,-99,-99,6,13,7,-99,5,-99,-99,-99,-99,-99,-99,-99,-99,-99,-99,-99,-99,-99,-99,-99,-99,-99,-99,5,7,8,15,15
E12000002,North West,E08000001,Bolton,E08000001,Bolton,E02000988,Astley Bridge & Waters Meeting,-99,-99,-99,-99,-99,-99,-99,-99,-99,7,7,3,7,16,12,14,3,7,4,-99,-99,11,5,3,-99,3,8,-99,-99,5,4,18,14,34,25,30,30
E12000002,North West,E08000001,Bolton,E08000001,Bolton,E02000989,Harwood,-99,-99,-99,-99,-99,-99,-99,-99,-99,4,4,9,8,6,-99,3,-99,-99,-99,3,-99,-99,-99,-99,-99,-99,-99,3,-99,-99,3,20,11,7,11,15,15
E12000002,North West,E08000001,Bolton,E08000001,Bolton,E02000990,Horwich South & Middlebrook,-99,-99,-99,-99,-99,-99,-99,-99,-99,3,5,6,-99,4,5,-99,-99,-99,-99,-99,-99,-99,-99,-99,-99,-99,-99,-99,-99,-99,4,8,12,9,5,17,17
E12000002,North West,E08000001,Bolton,E08000001,Bolton,E02000991,Smithills,-99,-99,-99,-99,-99,-99,-99,-99,-99,-99,9,10,3,5,5,-99,-99,4,-99,-99,-99,-99,-99,-99,-99,-99,-99,-99,-99,-99,9,16,23,10,19,24,24
E12000002,North West,E08000001,Bolton,E08000001,Bolton,E02000992,Blackrod & Butterwick Fields,-99,-99,-99,-99,-99,-99,-99,-99,-99,-99,9,10,5,8,-99,3,-99,4,-99,-99,-99,-99,-99,-99,-99,-99,-99,-99,-99,-99,3,6,7,3,12,7,7
E12000002,North West,E08000001,Bolton,E08000001,Bolton,E02000993,Hall I' th' Wood,-99,-99,-99,-99,-99,-99,-99,-99,3,-99,4,6,-99,5,-99,5,3,-99,-99,-99,-99,-99,-99,-99,-99,-99,4,-99,-99,-99,14,13,9,12,14,14,14
E12000002,North West,E08000001,Bolton,E08000001,Bolton,E02000994,Halliwell & Brownlow Fold,-99,-99,-99,-99,-99,-99,-99,-99,-99,4,5,3,-99,12,3,-99,3,6,9,4,-99,-99,5,-99,3,4,5,-99,5,-99,-99,6,15,24,37,36,36
E12000002,North West,E08000001,Bolton,E08000001,Bolton,E02000995,Doffcocker & Moss Bank,-99,-99,-99,-99,-99,-99,-99,-99,-99,8,3,6,4,3,-99,-99,-99,-99,-99,-99,-99,-99,-99,-99,-99,-99,-99,3,-99,-99,-99,7,9,10,11,5,5
E12000002,North West,E08000001,Bolton,E08000001,Bolton,E02000996,Breightmet North,-99,-99,-99,-99,-99,-99,-99,-99,-99,7,21,13,6,4,4,-99,-99,-99,-99,-99,-99,-99,-99,3,-99,3,-99,-99,7,-99,12,12,24,19,13,11,11
E12000002,North West,E08000001,Bolton,E08000001,Bolton,E02000997,Horwich East,-99,-99,-99,-99,-99,-99,-99,-99,-99,3,4,7,23,18,9,4,3,3,-99,-99,-99,-99,-99,-99,-99,-99,-99,-99,-99,-99,-99,3,8,11,9,16,16
E12000002,North West,E08000001,Bolton,E08000001,Bolton,E02000998,Gilnow & Victory,-99,-99,-99,-99,-99,-99,-99,-99,-99,7,4,6,4,7,4,-99,3,3,-99,-99,-99,4,4,-99,8,-99,-99,-99,9,5,5,13,25,18,22,18,18
E12000002,North West,E08000001,Bolton,E08000001,Bolton,E02000999,Central Bolton,-99,-99,-99,-99,-99,-99,-99,-99,-99,3,-99,6,5,-99,3,4,-99,4,4,-99,-99,3,-99,5,3,-99,-99,4,3,8,10,17,14,19,30,21,21
E12000002,North West,E08000001,Bolton,E08000001,Bolton,E02001000,Tonge,-99,-99,-99,-99,-99,-99,-99,-99,-99,4,4,5,6,-99,3,-99,4,3,-99,-99,4,3,-99,-99,5,-99,-99,4,-99,-99,18,21,31,27,17,21,21
E12000002,North West,E08000001,Bolton,E08000001,Bolton,E02001001,Heaton & Deane,-99,-99,-99,-99,-99,-99,-99,-99,-99,-99,5,4,6,13,3,10,11,8,-99,-99,-99,-99,-99,-99,-99,-99,5,6,-99,-99,9,14,19,27,24,12,12
E12000002,North West,E08000001,Bolton,E08000001,Bolton,E02001002,Breightmet South & Darcy Lever,-99,-99,-99,-99,-99,-99,-99,-99,-99,7,3,-99,3,-99,-99,3,5,3,-99,-99,-99,-99,-99,-99,-99,-99,4,-99,6,-99,21,21,25,15,16,23,23
E12000002,North West,E08000001,Bolton,E08000001,Bolton,E02001003,Lostock & Ladybridge,-99,-99,-99,-99,-99,-99,-99,3,-99,6,7,4,8,10,7,-99,3,-99,-99,-99,-99,-99,-99,-99,-99,-99,-99,3,7,-99,3,15,22,47,18,15,15
E12000002,North West,E08000001,Bolton,E08000001,Bolton,E02001004,Rumworth North,-99,-99,-99,-99,-99,-99,-99,-99,-99,10,5,6,-99,6,-99,8,4,-99,3,5,6,6,-99,6,6,-99,3,5,4,5,6,12,13,34,43,35,35
E12000002,North West,E08000001,Bolton,E08000001,Bolton,E02001005,Springfield & Great Lever,-99,-99,-99,-99,-99,-99,-99,-99,3,-99,5,5,9,9,8,7,3,4,11,-99,7,-99,7,7,3,5,-99,12,-99,-99,9,14,20,42,45,38,38
E12000002,North West,E08000001,Bolton,E08000001,Bolton,E02001006,Rumworth South,-99,-99,-99,-99,-99,-99,-99,-99,-99,4,9,5,5,3,7,3,13,3,-99,-99,-99,6,4,-99,-99,-99,-99,6,8,5,10,14,27,39,26,33,33
E12000002,North West,E08000001,Bolton,E08000001,Bolton,E02001007,Little Lever,-99,-99,-99,-99,-99,-99,-99,-99,4,6,9,10,8,6,7,6,5,-99,-99,-99,-99,-99,-99,-99,-99,-99,-99,3,6,4,5,26,20,19,23,28,28
E12000002,North West,E08000001,Bolton,E08000001,Bolton,E02001008,Lever Edge,-99,-99,-99,-99,-99,-99,-99,-99,-99,5,17,15,13,3,5,5,-99,-99,3,-99,-99,-99,4,-99,-99,-99,4,3,-99,5,7,17,18,38,41,29,29
E12000002,North West,E08000001,Bolton,E08000001,Bolton,E02001009,Daubhill & Fernhill Gate,-99,-99,-99,-99,-99,-99,-99,-99,-99,4,7,-99,3,-99,3,5,3,-99,-99,-99,-99,-99,4,-99,-99,-99,-99,6,-99,-99,10,15,19,22,23,25,25
E12000002,North West,E08000001,Bolton,E08000001,Bolton,E02001010,Farnworth North,-99,-99,-99,-99,-99,-99,-99,-99,-99,7,7,21,12,9,-99,-99,5,-99,11,-99,-99,4,-99,-99,-99,5,-99,6,-99,-99,7,15,18,15,14,26,26
E12000002,North West,E08000001,Bolton,E08000001,Bolton,E02001011,Westhoughton East,-99,-99,-99,-99,-99,-99,-99,-99,-99,3,5,5,6,3,4,8,4,-99,4,4,-99,-99,-99,-99,-99,-99,3,3,-99,-99,-99,7,9,16,12,21,21
E12000002,North West,E08000001,Bolton,E08000001,Bolton,E02001012,Harper Green,-99,-99,-99,-99,-99,-99,-99,-99,-99,-99,7,9,7,11,4,3,7,5,5,3,5,11,3,5,3,-99,3,-99,-99,-99,-99,10,30,29,31,36,36
E12000002,North West,E08000001,Bolton,E08000001,Bolton,E02001013,Over Hulton,-99,-99,-99,-99,-99,-99,-99,-99,-99,5,-99,3,-99,5,-99,-99,-99,-99,-99,-99,-99,-99,-99,-99,-99,-99,-99,-99,-99,-99,5,8,15,15,14,21,21
E12000002,North West,E08000001,Bolton,E08000001,Bolton,E02001014,Westhoughton West,-99,-99,-99,-99,-99,-99,-99,-99,-99,7,7,5,10,3,-99,-99,-99,3,-99,-99,-99,-99,-99,-99,-99,-99,4,-99,-99,-99,3,6,6,-99,12,12,12
E12000002,North West,E08000001,Bolton,E08000001,Bolton,E02001015,Farnworth South,-99,-99,-99,-99,-99,-99,-99,-99,-99,5,5,8,4,-99,-99,4,4,4,-99,-99,-99,-99,-99,-99,-99,-99,-99,-99,-99,-99,-99,11,24,19,10,14,14
E12000002,North West,E08000001,Bolton,E08000001,Bolton,E02001016,Highfield & New Bury,-99,-99,-99,-99,-99,-99,-99,-99,-99,6,9,7,11,6,3,-99,-99,-99,4,3,-99,-99,3,-99,-99,-99,-99,-99,-99,-99,8,18,20,22,29,18,18
E12000002,North West,E08000001,Bolton,E08000001,Bolton,E02001017,Kearsley & Stoneclough,-99,-99,-99,-99,-99,-99,-99,-99,-99,5,8,13,4,4,-99,6,9,3,3,5,3,-99,-99,-99,3,-99,4,-99,-99,-99,4,21,51,24,21,29,29
E12000002,North West,E08000001,Bolton,E08000001,Bolton,E02001018,Westhoughton Daisy Hill,-99,-99,-99,-99,-99,-99,-99,-99,-99,3,4,7,5,-99,-99,-99,-99,4,-99,-99,-99,-99,-99,-99,-99,-99,4,-99,-99,-99,-99,7,5,8,13,17,17
E12000002,North West,E08000002,Bury,E08000002,Bury,E02001019,Ramsbottom,-99,-99,-99,-99,-99,-99,-99,-99,3,5,5,-99,-99,3,3,-99,-99,-99,-99,-99,-99,-99,-99,-99,-99,-99,-99,-99,-99,3,-99,-99,3,16,9,18,18
E12000002,North West,E08000002,Bury,E08000002,Bury,E02001020,Summerseat,-99,-99,-99,-99,-99,-99,-99,-99,-99,-99,-99,4,-99,3,3,3,-99,-99,-99,-99,-99,-99,-99,-99,-99,-99,-99,-99,-99,4,-99,-99,-99,7,6,16,16
E12000002,North West,E08000002,Bury,E08000002,Bury,E02001021,Nuttall & Tottington,-99,-99,-99,-99,-99,-99,-99,-99,3,5,7,9,7,3,4,3,5,-99,3,-99,-99,-99,-99,-99,-99,-99,-99,-99,-99,-99,-99,4,7,17,12,13,13
E12000002,North West,E08000002,Bury,E08000002,Bury,E02001022,Walmersley & Limefield,-99,-99,-99,-99,-99,-99,-99,-99,4,7,13,7,3,14,-99,5,40,9,4,-99,3,-99,-99,-99,-99,-99,-99,5,-99,-99,-99,-99,4,9,9,15,15
E12000002,North West,E08000002,Bury,E08000002,Bury,E02001023,Higher Woodhill,-99,-99,-99,-99,-99,-99,-99,-99,-99,-99,-99,8,-99,3,5,5,4,-99,-99,-99,-99,-99,-99,-99,-99,4,-99,-99,-99,-99,-99,-99,5,7,6,10,10
E12000002,North West,E08000002,Bury,E08000002,Bury,E02001024,Walshaw & Woolfold,-99,-99,-99,-99,-99,-99,-99,-99,-99,3,9,8,4,-99,-99,4,7,4,-99,3,-99,-99,-99,-99,-99,-99,-99,-99,-99,3,-99,6,9,20,13,29,29
E12000002,North West,E08000002,Bury,E08000002,Bury,E02001025,Fairfield & Jericho,-99,-99,-99,-99,-99,-99,-99,-99,3,4,12,6,-99,-99,-99,8,19,3,6,-99,-99,-99,-99,-99,-99,-99,-99,-99,-99,-99,-99,-99,10,22,8,20,20
E12000002,North West,E08000002,Bury,E08000002,Bury,E02001026,Fernhill & Pimhole,-99,-99,-99,-99,-99,-99,-99,-99,-99,7,9,8,3,8,6,4,12,6,-99,3,-99,-99,-99,-99,-99,3,13,5,5,-99,-99,3,8,16,33,19,19
E12000002,North West,E08000002,Bury,E08000002,Bury,E02001027,Whitehead Park,-99,-99,-99,-99,-99,-99,-99,-99,-99,3,17,20,18,6,-99,4,4,-99,7,3,-99,-99,-99,-99,-99,-99,3,-99,-99,4,-99,5,6,17,12,13,13
E12000002,North West,E08000002,Bury,E08000002,Bury,E02001028,Elton Vale,-99,-99,-99,-99,-99,-99,-99,-99,3,4,6,-99,6,8,-99,-99,4,7,-99,-99,3,-99,-99,-99,-99,-99,-99,-99,-99,-99,-99,4,13,15,16,21,21
E12000002,North West,E08000002,Bury,E08000002,Bury,E02001029,Buckley Wells & Fishpool,-99,-99,-99,-99,-99,-99,-99,-99,-99,3,-99,3,-99,7,3,-99,4,-99,3,3,-99,-99,-99,-99,5,-99,4,-99,8,4,3,8,9,30,23,37,37
E12000002,North West,E08000002,Bury,E08000002,Bury,E02001030,Ainsworth & Bradley Fold,-99,-99,-99,-99,-99,-99,-99,-99,-99,-99,3,9,4,-99,-99,-99,-99,4,-99,6,-99,-99,-99,-99,-99,-99,-99,-99,-99,-99,-99,10,6,7,16,18,18
E12000002,North West,E08000002,Bury,E08000002,Bury,E02001031,Redvales & Hollins,-99,-99,-99,-99,-99,-99,-99,-99,5,-99,3,7,4,-99,5,-99,4,-99,-99,-99,-99,-99,-99,-99,-99,-99,-99,-99,4,7,7,3,6,16,26,22,22
E12000002,North West,E08000002,Bury,E08000002,Bury,E02001032,Black Lane,-99,-99,-99,-99,-99,-99,-99,-99,3,-99,5,10,5,-99,-99,-99,5,4,4,-99,-99,-99,-99,-99,-99,6,-99,3,7,-99,-99,3,4,15,23,15,15
E12000002,North West,E08000002,Bury,E08000002,Bury,E02001033,Bank Top & Radcliffe Ees,-99,-99,-99,-99,-99,-99,-99,-99,-99,-99,-99,-99,4,-99,-99,-99,3,3,-99,-99,-99,-99,-99,-99,-99,-99,-99,-99,3,-99,-99,3,8,8,9,20,20
E12000002,North West,E08000002,Bury,E08000002,Bury,E02001034,Radcliffe,-99,-99,-99,-99,-99,-99,-99,-99,-99,4,8,12,15,5,5,3,-99,5,8,-99,-99,-99,-99,-99,-99,-99,-99,3,7,-99,3,-99,7,11,18,18,18
E12000002,North West,E08000002,Bury,E08000002,Bury,E02001035,Unsworth,-99,-99,-99,-99,-99,-99,-99,-99,3,5,-99,3,3,-99,3,3,3,-99,3,-99,-99,-99,-99,-99,-99,3,-99,-99,-99,4,6,15,6,13,12,17,17
E12000002,North West,E08000002,Bury,E08000002,Bury,E02001036,Outwood Gate,-99,-99,-99,-99,-99,-99,-99,-99,-99,-99,3,5,-99,7,-99,-99,-99,3,-99,-99,-99,-99,-99,-99,-99,-99,-99,-99,4,4,3,4,9,21,19,21,21
E12000002,North West,E08000002,Bury,E08000002,Bury,E02001037,Whitefield West & Park Lane,-99,-99,-99,-99,-99,-99,-99,-99,3,5,13,9,7,6,-99,3,-99,-99,-99,-99,-99,-99,-99,-99,3,-99,-99,-99,-99,6,5,9,8,18,17,30,30
E12000002,North West,E08000002,Bury,E08000002,Bury,E02001038,Whitefield East,-99,-99,-99,-99,-99,-99,-99,-99,-99,-99,-99,-99,-99,-99,-99,-99,7,-99,3,-99,-99,-99,-99,-99,-99,-99,-99,-99,-99,-99,-99,4,-99,9,9,12,12
E12000002,North West,E08000002,Bury,E08000002,Bury,E02001039,Besses,-99,-99,-99,-99,-99,-99,-99,-99,-99,3,7,-99,9,-99,4,8,5,-99,-99,-99,4,-99,-99,-99,-99,-99,3,-99,-99,4,-99,13,14,19,23,19,19
E12000002,North West,E08000002,Bury,E08000002,Bury,E02001040,Kirkhams & Holyrood,-99,-99,-99,-99,-99,-99,-99,-99,-99,3,8,6,3,5,-99,3,4,-99,-99,3,-99,-99,6,-99,-99,-99,-99,-99,-99,-99,-99,5,7,6,16,21,21
E12000002,North West,E08000002,Bury,E08000002,Bury,E02001041,Prestwich East,-99,-99,-99,-99,-99,-99,-99,-99,-99,3,10,5,4,7,3,-99,4,-99,4,3,-99,-99,-99,-99,-99,-99,-99,-99,-99,-99,-99,3,6,9,25,30,30
E12000002,North West,E08000002,Bury,E08000002,Bury,E02001042,Prestwich Central,-99,-99,-99,-99,-99,-99,-99,-99,-99,4,-99,-99,-99,4,3,3,-99,-99,-99,-99,-99,-99,-99,-99,-99,-99,-99,-99,-99,-99,-99,16,9,9,19,20,20
E12000002,North West,E08000002,Bury,E08000002,Bury,E02001043,Prestwich Clough & Rainsough,-99,-99,-99,-99,-99,-99,-99,-99,3,4,10,20,14,7,-99,-99,3,-99,4,-99,-99,-99,-99,-99,-99,-99,-99,-99,-99,5,6,-99,-99,10,8,15,15
E12000002,North West,E08000002,Bury,E08000002,Bury,E02001044,Sedgley Park,-99,-99,-99,-99,-99,-99,-99,3,4,9,3,-99,3,5,-99,7,-99,-99,-99,5,-99,-99,-99,-99,-99,-99,4,12,5,4,-99,6,17,15,26,49,49
E12000002,North West,E08000003,Manchester,E08000003,Manchester,E02001045,Boothroyden & Higher Blackley,-99,-99,-99,-99,-99,-99,-99,-99,3,-99,8,7,3,-99,4,4,5,-99,-99,4,3,-99,-99,-99,3,3,-99,-99,3,-99,-99,4,6,11,14,29,29
E12000002,North West,E08000003,Manchester,E08000003,Manchester,E02001046,Blackley,-99,-99,-99,-99,-99,-99,-99,-99,7,4,7,4,6,7,-99,7,7,9,4,5,4,-99,-99,-99,-99,-99,8,5,3,4,3,10,7,22,24,38,38
E12000002,North West,E08000003,Manchester,E08000003,Manchester,E02001047,Charlestown,-99,-99,-99,-99,-99,-99,-99,-99,3,6,14,4,5,6,7,7,6,4,-99,4,9,-99,-99,-99,-99,-99,5,4,4,-99,7,6,-99,12,11,24,24
E12000002,North West,E08000003,Manchester,E08000003,Manchester,E02001048,Crumpsall North & Heaton Park,-99,-99,-99,-99,-99,-99,-99,-99,3,4,5,3,5,3,6,3,4,4,5,5,3,7,-99,3,3,9,5,3,4,8,8,7,15,23,21,30,30
E12000002,North West,E08000003,Manchester,E08000003,Manchester,E02001049,New Moston,-99,-99,-99,-99,-99,-99,-99,-99,4,-99,6,12,3,6,5,4,4,3,-99,-99,4,-99,-99,-99,-99,-99,3,5,7,-99,4,5,4,10,15,32,32
E12000002,North West,E08000003,Manchester,E08000003,Manchester,E02001050,Hapurhey North,-99,-99,-99,-99,-99,-99,-99,-99,-99,-99,3,4,4,3,4,3,4,-99,4,4,-99,-99,-99,-99,-99,3,8,-99,3,-99,-99,6,10,15,21,26,26
E12000002,North West,E08000003,Manchester,E08000003,Manchester,E02001051,Moston West,-99,-99,-99,-99,-99,-99,-99,-99,-99,-99,7,8,5,6,6,3,-99,3,6,-99,-99,-99,-99,-99,4,-99,-99,4,-99,6,8,3,6,7,14,18,18
E12000002,North West,E08000003,Manchester,E08000003,Manchester,E02001052,Crumpsall South,-99,-99,-99,-99,-99,-99,-99,-99,3,5,5,7,8,8,7,-99,3,3,6,3,9,7,17,6,7,6,11,10,10,22,6,17,9,33,70,72,72
E12000002,North West,E08000003,Manchester,E08000003,Manchester,E02001053,Hapurhey South & Monsall,-99,-99,-99,-99,-99,-99,-99,-99,3,5,9,3,3,8,8,5,3,-99,3,5,5,-99,-99,3,-99,8,5,8,9,-99,11,4,14,16,11,23,23
E12000002,North West,E08000003,Manchester,E08000003,Manchester,E02001055,Newton Heath,-99,-99,-99,-99,-99,-99,-99,-99,-99,7,8,6,6,3,6,3,5,4,-99,-99,3,5,-99,4,-99,4,4,4,-99,5,4,7,5,24,8,32,32
E12000002,North West,E08000003,Manchester,E08000003,Manchester,E02001056,Clayton Vale,-99,-99,-99,-99,-99,-99,-99,-99,-99,6,3,6,3,4,12,4,-99,5,3,-99,-99,3,-99,-99,-99,6,6,4,-99,12,-99,5,6,11,23,18,18
E12000002,North West,E08000003,Manchester,E08000003,Manchester,E02001057,New Islington & Miles Platting,-99,-99,-99,-99,-99,-99,-99,-99,4,-99,7,3,4,-99,4,4,4,3,-99,3,-99,-99,-99,-99,-99,8,8,9,14,3,10,23,13,16,27,40,40
E12000002,North West,E08000003,Manchester,E08000003,Manchester,E02001059,"Beswick, Eastlands & Openshaw Park",-99,-99,-99,-99,-99,-99,-99,-99,4,3,4,3,6,8,5,3,6,-99,-99,-99,3,-99,-99,-99,4,5,3,-99,11,3,3,6,10,17,10,32,32
E12000002,North West,E08000003,Manchester,E08000003,Manchester,E02001061,Openshaw & Gorton North,-99,-99,-99,-99,-99,-99,-99,-99,-99,8,11,6,4,5,-99,-99,3,-99,-99,-99,-99,3,-99,-99,-99,3,3,-99,-99,5,8,7,8,22,15,13,13
E12000002,North West,E08000003,Manchester,E08000003,Manchester,E02001062,Ardwick,-99,-99,-99,-99,-99,-99,-99,-99,-99,7,8,3,7,-99,5,5,10,-99,-99,3,3,-99,-99,-99,-99,7,5,4,13,6,6,12,7,27,41,36,36
E12000002,North West,E08000003,Manchester,E08000003,Manchester,E02001063,Hulme & University,-99,-99,-99,-99,-99,-99,-99,-99,-99,3,5,-99,3,-99,8,7,3,-99,-99,-99,-99,-99,-99,-99,-99,-99,3,4,4,4,-99,5,10,29,105,173,173
E12000002,North West,E08000003,Manchester,E08000003,Manchester,E02001064,Belle Vue & West Gorton,-99,-99,-99,-99,-99,-99,-99,-99,6,5,9,7,6,-99,5,6,4,-99,3,-99,-99,-99,-99,4,-99,-99,-99,9,10,5,5,3,17,18,29,41,41
E12000002,North West,E08000003,Manchester,E08000003,Manchester,E02001065,Abbey Hey,-99,-99,-99,-99,-99,-99,-99,-99,3,-99,6,-99,4,-99,7,-99,3,-99,-99,-99,-99,-99,-99,3,-99,3,4,5,5,-99,3,13,3,11,19,24,24
E12000002,North West,E08000003,Manchester,E08000003,Manchester,E02001066,Victoria Park,-99,-99,-99,-99,-99,-99,-99,-99,-99,10,10,3,4,-99,6,5,4,4,-99,5,-99,-99,3,-99,-99,-99,3,5,7,4,10,6,19,25,47,104,104
E12000002,North West,E08000003,Manchester,E08000003,Manchester,E02001067,Gorton South,-99,-99,-99,-99,-99,-99,-99,-99,-99,6,4,3,5,3,5,4,4,4,3,-99,-99,-99,-99,4,-99,-99,7,6,4,13,5,7,16,39,21,29,29
E12000002,North West,E08000003,Manchester,E08000003,Manchester,E02001068,Moss Side West,-99,-99,-99,-99,-99,-99,-99,-99,3,9,7,4,3,4,3,3,8,3,-99,-99,-99,-99,-99,-99,-99,4,16,14,11,9,10,10,17,27,23,34,34
E12000002,North West,E08000003,Manchester,E08000003,Manchester,E02001069,Rusholme West & Moss Side East,-99,-99,-99,-99,-99,-99,-99,-99,-99,6,4,5,3,5,8,6,-99,4,3,-99,-99,4,3,3,-99,4,-99,4,7,6,6,18,14,25,32,57,57
E12000002,North West,E08000003,Manchester,E08000003,Manchester,E02001070,Rusholme East,-99,-99,-99,-99,-99,-99,-99,-99,3,4,6,3,6,8,-99,5,3,4,3,3,-99,-99,-99,3,-99,-99,4,-99,-99,-99,4,7,19,27,107,322,322
E12000002,North West,E08000003,Manchester,E08000003,Manchester,E02001071,Levenshulme North,-99,-99,-99,-99,-99,-99,-99,4,-99,4,3,-99,5,4,4,4,-99,-99,-99,-99,5,-99,-99,-99,-99,-99,7,9,16,7,13,12,19,63,56,56,56
E12000002,North West,E08000003,Manchester,E08000003,Manchester,E02001072,Whalley Range North,-99,-99,-99,-99,-99,-99,-99,-99,-99,-99,8,4,3,-99,-99,-99,-99,-99,-99,-99,-99,-99,-99,-99,-99,-99,-99,-99,8,5,5,7,9,16,12,28,28
E12000002,North West,E08000003,Manchester,E08000003,Manchester,E02001073,Chorlton North,-99,-99,-99,-99,-99,-99,-99,-99,-99,4,6,-99,8,3,-99,3,-99,-99,-99,3,-99,-99,-99,-99,-99,-99,6,4,3,-99,5,5,7,17,18,18,18
E12000002,North West,E08000003,Manchester,E08000003,Manchester,E02001074,Fallowfield West & Whalley Range South,-99,-99,-99,-99,-99,-99,-99,-99,-99,5,5,12,6,8,11,7,6,5,-99,-99,-99,-99,3,-99,-99,-99,4,6,8,4,13,13,12,23,27,37,37
E12000002,North West,E08000003,Manchester,E08000003,Manchester,E02001075,Levenshulme Central,-99,-99,-99,-99,-99,-99,-99,-99,3,-99,-99,-99,5,-99,-99,-99,-99,-99,3,-99,4,-99,-99,-99,3,4,3,-99,3,9,-99,5,4,35,21,25,25
E12000002,North West,E08000003,Manchester,E08000003,Manchester,E02001076,Fallowfield Central,-99,-99,-99,-99,-99,-99,-99,-99,-99,-99,-99,5,3,4,-99,7,5,3,3,3,-99,-99,-99,-99,-99,-99,3,-99,9,5,6,12,16,34,228,528,528
E12000002,North West,E08000003,Manchester,E08000003,Manchester,E02001077,Chorlton South,-99,-99,-99,-99,-99,-99,-99,-99,-99,3,5,5,-99,4,-99,-99,-99,3,-99,-99,6,8,3,-99,-99,-99,-99,4,-99,-99,5,8,-99,15,18,27,27
E12000002,North West,E08000003,Manchester,E08000003,Manchester,E02001078,Levenshulme South & Burnage North,-99,-99,-99,-99,-99,-99,-99,-99,3,3,9,6,8,-99,-99,-99,7,9,-99,10,-99,4,3,-99,4,5,-99,6,9,8,8,11,8,27,25,52,52
E12000002,North West,E08000003,Manchester,E08000003,Manchester,E02001079,Withington North & Old Moat,-99,-99,-99,-99,-99,-99,-99,-99,-99,-99,6,3,4,5,4,3,-99,5,-99,-99,-99,-99,-99,-99,-99,-99,-99,-99,5,3,7,5,15,20,28,31,31
E12000002,North West,E08000003,Manchester,E08000003,Manchester,E02001080,Ladybarn,-99,-99,-99,-99,-99,-99,-99,-99,-99,3,-99,-99,5,-99,5,-99,-99,-99,-99,5,-99,-99,-99,-99,-99,-99,-99,3,4,7,6,7,9,23,106,281,281
E12000002,North West,E08000003,Manchester,E08000003,Manchester,E02001081,Beech Road & Chorlton Meadows,-99,-99,-99,-99,-99,-99,-99,-99,3,3,-99,4,3,3,-99,-99,-99,-99,-99,3,7,4,3,-99,4,-99,-99,-99,-99,3,-99,3,4,14,11,25,25
E12000002,North West,E08000003,Manchester,E08000003,Manchester,E02001082,Withington West,-99,-99,-99,-99,-99,-99,-99,-99,-99,5,11,10,7,5,3,8,4,6,-99,-99,-99,-99,-99,-99,-99,-99,-99,-99,-99,-99,-99,3,-99,5,16,30,30
E12000002,North West,E08000003,Manchester,E08000003,Manchester,E02001083,West Didsbury,-99,-99,-99,-99,-99,-99,-99,-99,-99,3,10,5,4,7,-99,5,-99,-99,-99,-99,-99,-99,-99,-99,6,-99,-99,-99,3,-99,3,6,4,5,13,23,23
E12000002,North West,E08000003,Manchester,E08000003,Manchester,E02001084,Withington East,-99,-99,-99,-99,-99,-99,-99,-99,-99,-99,4,3,5,3,-99,6,-99,6,-99,3,-99,-99,-99,-99,-99,-99,4,-99,4,-99,3,7,7,5,22,45,45
E12000002,North West,E08000003,Manchester,E08000003,Manchester,E02001085,Burnage South,-99,-99,-99,-99,-99,-99,-99,-99,-99,3,5,-99,6,5,4,4,3,-99,-99,-99,5,-99,-99,4,-99,-99,3,12,3,-99,3,9,8,11,25,36,36
E12000002,North West,E08000003,Manchester,E08000003,Manchester,E02001086,Merseybank & Barlow Moor,-99,-99,-99,-99,-99,-99,-99,-99,3,3,10,3,3,14,4,-99,3,4,3,-99,-99,-99,3,-99,-99,3,6,-99,-99,-99,4,3,5,5,16,12,12
E12000002,North West,E08000003,Manchester,E08000003,Manchester,E02001087,Didsbury Village,-99,-99,-99,-99,-99,-99,-99,-99,-99,7,9,5,6,6,-99,5,4,3,3,3,4,3,-99,3,5,-99,-99,3,5,3,-99,5,5,11,13,33,33
E12000002,North West,E08000003,Manchester,E08000003,Manchester,E02001088,Northern Moor,-99,-99,-99,-99,-99,-99,-99,-99,4,3,12,7,7,7,9,5,3,3,-99,-99,-99,-99,-99,-99,-99,3,4,-99,-99,-99,-99,5,-99,8,7,14,14
E12000002,North West,E08000003,Manchester,E08000003,Manchester,E02001089,East Didsbury,-99,-99,-99,-99,-99,-99,-99,-99,-99,4,7,-99,5,-99,-99,3,6,4,3,-99,-99,-99,3,-99,-99,5,-99,3,5,6,-99,11,5,12,9,19,19
E12000002,North West,E08000003,Manchester,E08000003,Manchester,E02001090,Northenden,-99,-99,-99,-99,-99,-99,-99,3,4,4,6,6,5,-99,3,4,-99,-99,-99,-99,-99,-99,-99,-99,-99,-99,-99,-99,-99,3,-99,4,-99,6,9,12,12
E12000002,North West,E08000003,Manchester,E08000003,Manchester,E02001091,Baguley West & Brooklands,-99,-99,-99,-99,-99,-99,-99,-99,3,5,4,5,6,-99,3,4,5,-99,-99,-99,-99,-99,-99,-99,-99,-99,-99,-99,-99,-99,-99,3,3,4,9,11,11
E12000002,North West,E08000003,Manchester,E08000003,Manchester,E02001092,Baguley East & Wythenshawe Park,-99,-99,-99,-99,-99,-99,-99,-99,-99,7,9,4,12,7,-99,5,5,-99,5,3,-99,-99,-99,-99,-99,-99,-99,-99,4,3,-99,3,5,5,8,16,16
E12000002,North West,E08000003,Manchester,E08000003,Manchester,E02001093,Benchill North & Sharston,-99,-99,-99,-99,-99,-99,-99,-99,4,6,11,15,18,9,10,7,6,-99,8,5,4,4,-99,-99,-99,-99,-99,5,3,-99,-99,-99,-99,9,16,14,14
E12000002,North West,E08000003,Manchester,E08000003,Manchester,E02001094,Benchill South & Wythenshawe Central,-99,-99,-99,-99,-99,-99,-99,-99,-99,-99,3,3,7,3,-99,4,-99,-99,6,-99,-99,-99,-99,-99,-99,-99,-99,-99,4,3,-99,4,-99,6,7,16,16
E12000002,North West,E08000003,Manchester,E08000003,Manchester,E02001095,Newall Green,-99,-99,-99,-99,-99,-99,-99,-99,3,3,13,9,16,6,12,5,4,5,4,3,4,-99,-99,-99,-99,-99,-99,3,-99,-99,-99,-99,-99,9,13,13,13
E12000002,North West,E08000003,Manchester,E08000003,Manchester,E02001096,Wythenshawe East & Peel Hall,-99,-99,-99,-99,-99,-99,-99,-99,-99,7,6,8,6,6,9,3,-99,-99,-99,-99,-99,-99,-99,-99,-99,-99,-99,-99,-99,-99,-99,3,4,5,9,19,19
E12000002,North West,E08000003,Manchester,E08000003,Manchester,E02001097,Woodhouse Park & Airport,-99,-99,-99,-99,-99,-99,-99,-99,3,9,8,9,6,7,-99,4,12,-99,3,-99,-99,-99,-99,5,-99,-99,-99,4,5,3,-99,-99,5,7,16,16,16
E12000002,North West,E08000004,Oldham,E08000004,Oldham,E02001098,Shaw & Crompton,-99,-99,-99,-99,-99,-99,-99,-99,-99,3,9,9,4,5,-99,-99,-99,3,-99,4,-99,-99,3,-99,-99,3,-99,-99,-99,-99,4,4,-99,3,10,15,15
E12000002,North West,E08000004,Oldham,E08000004,Oldham,E02001099,Wood End,-99,-99,-99,-99,-99,-99,-99,-99,3,3,4,-99,3,-99,-99,-99,-99,-99,-99,-99,-99,-99,-99,-99,5,-99,-99,-99,-99,-99,-99,-99,8,8,7,20,20
E12000002,North West,E08000004,Oldham,E08000004,Oldham,E02001100,Clough & Shaw Side,-99,-99,-99,-99,-99,-99,-99,-99,5,-99,9,6,3,7,16,3,8,8,6,3,-99,-99,-99,-99,-99,-99,-99,7,-99,3,-99,-99,-99,12,16,16,16
E12000002,North West,E08000004,Oldham,E08000004,Oldham,E02001101,Royton North,-99,-99,-99,-99,-99,-99,-99,-99,-99,5,7,-99,-99,-99,-99,3,-99,-99,-99,-99,-99,-99,-99,-99,-99,-99,-99,-99,-99,-99,-99,-99,-99,6,13,18,18
E12000002,North West,E08000004,Oldham,E08000004,Oldham,E02001102,Royton East & Cowlishaw,-99,-99,-99,-99,-99,-99,-99,-99,3,-99,5,3,-99,-99,-99,-99,-99,-99,-99,-99,-99,-99,-99,-99,-99,-99,-99,-99,-99,-99,-99,4,9,6,9,18,18
E12000002,North West,E08000004,Oldham,E08000004,Oldham,E02001103,"Diggle, Delph & Denshaw",-99,-99,-99,-99,-99,-99,-99,-99,-99,-99,6,-99,-99,-99,-99,-99,-99,3,-99,-99,-99,-99,-99,-99,-99,-99,-99,-99,-99,3,-99,-99,5,3,3,18,18
E12000002,North West,E08000004,Oldham,E08000004,Oldham,E02001104,Moorside & Sholver,-99,-99,-99,-99,-99,-99,-99,-99,-99,4,5,5,5,-99,3,5,7,-99,-99,3,-99,-99,-99,-99,-99,-99,-99,-99,-99,4,8,4,-99,8,8,11,11
E12000002,North West,E08000004,Oldham,E08000004,Oldham,E02001105,Royton South West,-99,-99,-99,-99,-99,-99,-99,-99,-99,4,8,4,-99,5,5,-99,5,5,-99,-99,-99,-99,-99,-99,-99,-99,-99,-99,4,-99,-99,-99,5,12,6,7,7
E12000002,North West,E08000004,Oldham,E08000004,Oldham,E02001106,Royton South East,-99,-99,-99,-99,-99,-99,-99,-99,5,3,14,11,14,3,6,3,-99,-99,-99,-99,-99,-99,-99,-99,-99,4,3,-99,-99,-99,-99,6,5,-99,6,15,15
E12000002,North West,E08000004,Oldham,E08000004,Oldham,E02001107,Chadderton North,-99,-99,-99,-99,-99,-99,-99,-99,3,-99,11,6,-99,-99,-99,-99,-99,-99,-99,4,-99,4,5,3,-99,-99,5,5,21,4,-99,5,8,16,18,17,17
E12000002,North West,E08000004,Oldham,E08000004,Oldham,E02001108,Derker,-99,-99,-99,-99,-99,-99,-99,-99,3,4,6,3,3,6,-99,5,-99,-99,5,-99,-99,-99,-99,-99,-99,-99,-99,-99,4,-99,6,8,10,3,-99,4,4
E12000002,North West,E08000004,Oldham,E08000004,Oldham,E02001109,Waterhead,-99,-99,-99,-99,-99,-99,-99,-99,-99,-99,3,9,-99,6,-99,3,3,-99,3,-99,-99,-99,-99,-99,-99,-99,-99,-99,3,8,7,4,-99,7,9,11,11
E12000002,North West,E08000004,Oldham,E08000004,Oldham,E02001110,"New Delph, Dobcross & Austerlands",-99,-99,-99,-99,-99,-99,-99,-99,4,3,12,17,3,6,5,-99,-99,-99,-99,-99,-99,-99,-99,-99,-99,-99,-99,-99,4,-99,-99,-99,-99,10,14,29,29
E12000002,North West,E08000004,Oldham,E08000004,Oldham,E02001111,Oldham Town North,-99,-99,-99,-99,-99,-99,-99,-99,-99,3,10,-99,6,-99,3,-99,3,-99,3,5,7,4,-99,-99,-99,6,7,11,11,9,4,8,12,8,7,14,14
E12000002,North West,E08000004,Oldham,E08000004,Oldham,E02001112,Middleton Junction,-99,-99,-99,-99,-99,-99,-99,-99,4,3,4,-99,5,4,-99,-99,-99,-99,-99,-99,-99,-99,-99,-99,-99,4,-99,7,3,3,3,-99,4,11,13,23,23
E12000002,North West,E08000004,Oldham,E08000004,Oldham,E02001113,Busk,-99,-99,-99,-99,-99,-99,-99,-99,-99,-99,9,-99,-99,5,5,4,-99,5,4,6,6,7,-99,-99,6,10,13,19,16,10,13,5,6,10,25,18,18
E12000002,North West,E08000004,Oldham,E08000004,Oldham,E02001114,Chadderton Central,-99,-99,-99,-99,-99,-99,-99,-99,-99,13,15,16,8,11,4,6,4,5,6,-99,5,-99,-99,-99,3,6,4,-99,-99,3,5,3,8,22,14,21,21
E12000002,North West,E08000004,Oldham,E08000004,Oldham,E02001115,Lees & Hey,-99,-99,-99,-99,-99,-99,-99,-99,-99,4,6,3,8,-99,3,3,6,3,-99,3,-99,-99,-99,3,-99,5,4,-99,-99,-99,-99,3,-99,-99,7,6,6
E12000002,North West,E08000004,Oldham,E08000004,Oldham,E02001116,Salem,-99,-99,-99,-99,-99,-99,-99,-99,4,5,6,6,3,6,3,4,3,14,10,20,9,8,5,9,-99,8,11,19,14,7,6,14,3,14,10,28,28
E12000002,North West,E08000004,Oldham,E08000004,Oldham,E02001117,Greenfield & Uppermill,-99,-99,-99,-99,-99,-99,-99,-99,3,4,7,3,-99,5,-99,3,-99,-99,-99,-99,-99,-99,-99,-99,-99,-99,-99,3,-99,3,7,5,7,9,11,11,11
E12000002,North West,E08000004,Oldham,E08000004,Oldham,E02001118,Springhead & Grasscroft,-99,-99,-99,-99,-99,-99,-99,-99,-99,4,3,-99,6,-99,3,3,-99,3,5,3,-99,-99,-99,-99,-99,-99,3,-99,3,-99,-99,-99,3,10,14,17,17
E12000002,North West,E08000004,Oldham,E08000004,Oldham,E02001119,Alexandra Park,-99,-99,-99,-99,-99,-99,-99,-99,5,8,16,8,5,4,7,9,11,9,6,29,10,13,3,9,3,22,24,72,36,24,13,25,46,60,49,67,67
E12000002,North West,E08000004,Oldham,E08000004,Oldham,E02001121,Oldham Town South,-99,-99,-99,-99,-99,-99,-99,-99,-99,5,3,-99,4,16,13,-99,-99,-99,6,3,9,4,-99,-99,-99,10,6,10,6,3,9,4,28,29,20,22,22
E12000002,North West,E08000004,Oldham,E08000004,Oldham,E02001123,Alt,-99,-99,-99,-99,-99,-99,-99,-99,-99,5,4,7,7,5,3,-99,-99,12,-99,8,-99,4,-99,-99,-99,-99,4,11,7,3,4,5,9,10,12,17,17
E12000002,North West,E08000004,Oldham,E08000004,Oldham,E02001124,Chadderton South East,-99,-99,-99,-99,-99,-99,-99,-99,3,-99,8,7,6,-99,-99,5,3,4,-99,7,3,-99,-99,-99,-99,18,7,-99,-99,-99,-99,-99,6,11,9,6,6
E12000002,North West,E08000004,Oldham,E08000004,Oldham,E02001125,Chadderton South West,-99,-99,-99,-99,-99,-99,-99,-99,-99,5,11,6,3,7,6,5,3,-99,-99,-99,4,-99,-99,-99,-99,-99,-99,-99,3,-99,4,5,5,17,10,14,14
E12000002,North West,E08000004,Oldham,E08000004,Oldham,E02001126,Hathershaw,-99,-99,-99,-99,-99,-99,-99,-99,-99,5,12,9,4,4,6,8,9,4,-99,-99,-99,-99,-99,-99,-99,4,7,9,8,7,4,5,10,21,14,25,25
E12000002,North West,E08000004,Oldham,E08000004,Oldham,E02001127,Lime Side & Garden Suburb,-99,-99,-99,-99,-99,-99,-99,-99,-99,3,-99,4,7,4,4,-99,-99,3,-99,-99,-99,-99,-99,-99,-99,5,-99,10,6,-99,4,-99,14,7,15,39,39
E12000002,North West,E08000004,Oldham,E08000004,Oldham,E02001128,Failsworth East,-99,-99,-99,-99,-99,-99,-99,-99,-99,3,3,-99,-99,5,4,3,-99,-99,-99,-99,-99,-99,3,-99,-99,3,4,7,4,-99,6,7,3,8,17,18,18
E12000002,North West,E08000004,Oldham,E08000004,Oldham,E02001129,Failsworth West,-99,-99,-99,-99,-99,-99,-99,8,4,5,5,6,-99,5,3,5,-99,-99,-99,-99,-99,-99,-99,-99,-99,3,-99,-99,-99,-99,3,-99,3,8,9,14,14
E12000002,North West,E08000004,Oldham,E08000004,Oldham,E02001130,Holt Lane End & Bardsley,-99,-99,-99,-99,-99,-99,-99,-99,4,-99,6,7,3,3,3,-99,-99,-99,-99,-99,-99,-99,-99,-99,-99,-99,-99,5,-99,4,8,3,6,9,13,20,20
E12000002,North West,E08000004,Oldham,E08000004,Oldham,E02001131,Failsworth South,-99,-99,-99,-99,-99,-99,-99,-99,-99,-99,3,5,-99,3,4,-99,4,-99,-99,-99,-99,-99,-99,-99,-99,3,-99,-99,-99,-99,-99,-99,8,15,5,13,13
E12000002,North West,E08000005,Rochdale,E08000005,Rochdale,E02001132,Littleborough North & Calderbook,-99,-99,-99,-99,-99,-99,-99,-99,-99,-99,8,6,6,-99,4,4,-99,-99,-99,-99,-99,-99,-99,-99,-99,-99,-99,-99,-99,4,-99,-99,6,5,4,22,22
E12000002,North West,E08000005,Rochdale,E08000005,Rochdale,E02001133,Littleborough West & Wardle,-99,-99,-99,-99,-99,-99,-99,-99,-99,3,5,3,4,-99,3,-99,3,-99,3,-99,-99,-99,-99,3,-99,-99,-99,-99,-99,-99,-99,-99,-99,4,9,24,24
E12000002,North West,E08000005,Rochdale,E08000005,Rochdale,E02001134,Littleborough South & Smithy Bridge,-99,-99,-99,-99,-99,-99,-99,-99,-99,-99,-99,10,8,3,-99,-99,-99,-99,6,3,-99,-99,-99,-99,-99,-99,-99,-99,-99,-99,-99,3,6,3,12,20,20
E12000002,North West,E08000005,Rochdale,E08000005,Rochdale,E02001135,Hurstead & Smallbridge,-99,-99,-99,-99,-99,-99,-99,-99,-99,6,7,7,3,3,5,-99,3,5,3,8,-99,-99,-99,5,-99,5,11,4,-99,-99,-99,6,10,16,23,41,41
E12000002,North West,E08000005,Rochdale,E08000005,Rochdale,E02001136,"Healey, Skye & Shawclough",-99,-99,-99,-99,-99,-99,-99,-99,-99,3,12,9,9,3,6,-99,5,3,3,-99,7,3,3,4,6,9,-99,4,3,4,10,6,12,19,12,30,30
E12000002,North West,E08000005,Rochdale,E08000005,Rochdale,E02001137,Hooley Bridge & Norden West,-99,-99,-99,-99,-99,-99,-99,-99,-99,-99,4,-99,3,-99,3,10,7,5,5,-99,-99,-99,-99,-99,-99,-99,-99,-99,-99,-99,-99,7,-99,7,11,11,11
E12000002,North West,E08000005,Rochdale,E08000005,Rochdale,E02001138,Norden East & Bagslate Moor,-99,-99,-99,-99,-99,-99,-99,-99,5,8,16,4,4,4,5,-99,4,5,-99,-99,-99,4,-99,5,-99,-99,-99,-99,3,-99,-99,3,3,10,8,40,40
E12000002,North West,E08000005,Rochdale,E08000005,Rochdale,E02001139,Wardleworth & Newbold Brow,-99,-99,-99,-99,-99,-99,-99,-99,-99,6,-99,-99,3,4,5,3,12,6,18,14,6,3,9,10,18,21,13,24,10,10,11,19,15,22,51,33,33
E12000002,North West,E08000005,Rochdale,E08000005,Rochdale,E02001140,Spotland Bridge,-99,-99,-99,-99,-99,-99,-99,-99,3,3,3,7,10,5,3,3,6,-99,5,-99,4,8,-99,-99,4,-99,3,6,-99,3,-99,8,14,15,14,26,26
E12000002,North West,E08000005,Rochdale,E08000005,Rochdale,E02001141,Central Rochdale & Mandale Park,-99,-99,-99,-99,-99,-99,-99,-99,-99,6,4,6,4,-99,8,7,-99,4,7,11,30,17,15,12,11,10,6,11,-99,17,10,13,17,14,34,37,37
E12000002,North West,E08000005,Rochdale,E08000005,Rochdale,E02001142,Springfield Park,-99,-99,-99,-99,-99,-99,-99,-99,6,7,5,4,-99,3,-99,-99,-99,10,-99,-99,5,-99,4,-99,4,-99,-99,-99,-99,-99,-99,-99,-99,7,12,18,18
E12000002,North West,E08000005,Rochdale,E08000005,Rochdale,E02001143,Kingsway,-99,-99,-99,-99,-99,-99,-99,-99,6,3,6,10,-99,3,-99,7,6,5,5,5,8,9,11,7,7,9,6,5,7,-99,3,9,20,34,31,37,37
E12000002,North West,E08000005,Rochdale,E08000005,Rochdale,E02001144,Milnrow West,-99,-99,-99,-99,-99,-99,-99,-99,4,4,7,-99,5,4,5,-99,-99,-99,-99,-99,3,-99,-99,-99,-99,-99,-99,-99,-99,-99,3,-99,5,6,14,19,19
E12000002,North West,E08000005,Rochdale,E08000005,Rochdale,E02001145,Milnrow East & Newhey,-99,-99,-99,-99,-99,-99,-99,-99,-99,-99,4,6,-99,5,-99,-99,-99,-99,-99,-99,3,-99,-99,-99,-99,-99,3,-99,9,-99,-99,-99,3,8,9,28,28
E12000002,North West,E08000005,Rochdale,E08000005,Rochdale,E02001146,Deeplish,-99,-99,-99,-99,-99,-99,-99,-99,3,7,5,4,6,4,9,13,-99,12,19,12,12,4,10,6,17,5,3,17,14,10,9,10,21,19,15,27,27
E12000002,North West,E08000005,Rochdale,E08000005,Rochdale,E02001147,Balderstone & Kirkholt,-99,-99,-99,-99,-99,-99,-99,-99,5,3,9,7,5,3,-99,-99,8,3,3,5,7,8,3,6,12,-99,4,5,4,6,5,5,7,20,26,20,20
E12000002,North West,E08000005,Rochdale,E08000005,Rochdale,E02001148,Castleton & Trub,-99,-99,-99,-99,-99,-99,-99,-99,9,10,16,13,13,13,5,4,7,5,-99,4,3,4,4,-99,3,-99,-99,-99,3,8,3,11,8,18,12,37,37
E12000002,North West,E08000005,Rochdale,E08000005,Rochdale,E02001149,Heywood Town,-99,-99,-99,-99,-99,-99,-99,-99,6,3,4,7,6,4,5,4,4,3,-99,3,7,-99,-99,-99,5,3,3,-99,3,-99,4,10,15,19,21,47,47
E12000002,North West,E08000005,Rochdale,E08000005,Rochdale,E02001150,Heywood Heap Bridge & Darnhill,-99,-99,-99,-99,-99,-99,-99,-99,4,6,11,9,6,6,3,8,7,5,-99,-99,-99,-99,-99,-99,6,3,-99,-99,-99,3,5,-99,4,21,24,36,36
E12000002,North West,E08000005,Rochdale,E08000005,Rochdale,E02001151,Heywood Hopwood & Siddal Moor,-99,-99,-99,-99,-99,-99,-99,-99,3,-99,4,-99,5,-99,-99,-99,6,3,-99,-99,-99,4,-99,-99,-99,-99,3,3,-99,-99,-99,5,9,14,27,38,38
E12000002,North West,E08000005,Rochdale,E08000005,Rochdale,E02001152,North Middleton & Stakehill,-99,-99,-99,-99,-99,-99,-99,-99,3,3,3,4,7,3,3,-99,6,-99,5,-99,-99,-99,7,-99,-99,-99,-99,-99,-99,3,4,8,4,6,18,29,29
E12000002,North West,E08000005,Rochdale,E08000005,Rochdale,E02001153,Langley & Wood Side,-99,-99,-99,-99,-99,-99,-99,3,-99,-99,6,7,4,8,6,8,-99,4,4,3,4,5,-99,-99,-99,-99,-99,3,-99,-99,-99,3,9,17,34,26,26
E12000002,North West,E08000005,Rochdale,E08000005,Rochdale,E02001154,Middleton East,-99,-99,-99,-99,-99,-99,-99,-99,-99,4,-99,11,3,3,11,6,-99,-99,-99,4,3,-99,-99,-99,-99,-99,-99,4,-99,6,11,9,-99,6,10,26,26
E12000002,North West,E08000005,Rochdale,E08000005,Rochdale,E02001155,Middleton Town & Rhodes,-99,-99,-99,-99,-99,-99,-99,-99,-99,-99,3,-99,6,-99,-99,-99,-99,-99,5,4,-99,-99,-99,-99,-99,-99,-99,-99,3,-99,4,8,10,6,7,24,24
E12000002,North West,E08000005,Rochdale,E08000005,Rochdale,E02001156,Alkrington,-99,-99,-99,-99,-99,-99,-99,-99,-99,5,6,3,5,3,6,11,8,-99,-99,3,-99,5,-99,4,-99,-99,-99,5,3,4,5,4,5,14,12,26,26
E12000002,North West,E08000006,Salford,E08000006,Salford,E02001157,Little Hulton North,-99,-99,-99,-99,-99,-99,-99,-99,3,-99,5,9,7,4,8,-99,3,-99,-99,-99,-99,3,-99,-99,-99,-99,6,-99,-99,-99,-99,7,10,7,11,15,15
E12000002,North West,E08000006,Salford,E08000006,Salford,E02001158,Walkden North West,-99,-99,-99,-99,-99,-99,-99,3,5,-99,8,-99,-99,5,-99,-99,-99,-99,-99,-99,-99,-99,-99,-99,4,-99,8,-99,-99,-99,-99,-99,3,6,9,20,20
E12000002,North West,E08000006,Salford,E08000006,Salford,E02001159,Walkden North East,-99,-99,-99,-99,-99,-99,-99,-99,-99,-99,7,8,4,4,-99,-99,-99,3,-99,-99,-99,-99,-99,-99,-99,-99,-99,-99,6,-99,-99,-99,9,7,12,33,33
E12000002,North West,E08000006,Salford,E08000006,Salford,E02001160,Little Hulton South,-99,-99,-99,-99,-99,-99,-99,-99,-99,6,5,4,3,-99,-99,4,-99,-99,-99,-99,-99,-99,-99,-99,-99,-99,-99,3,3,-99,4,5,13,10,14,16,16
E12000002,North West,E08000006,Salford,E08000006,Salford,E02001161,Clifton,-99,-99,-99,-99,-99,-99,-99,-99,-99,7,-99,4,-99,4,-99,-99,-99,-99,-99,-99,-99,-99,-99,-99,-99,-99,-99,-99,-99,-99,-99,14,10,14,14,17,17
E12000002,North West,E08000006,Salford,E08000006,Salford,E02001162,Swinton Newtown,-99,-99,-99,-99,-99,-99,-99,-99,-99,-99,3,7,6,3,-99,-99,-99,-99,-99,-99,-99,-99,-99,-99,-99,6,-99,-99,6,-99,3,6,4,6,10,8,8
E12000002,North West,E08000006,Salford,E08000006,Salford,E02001163,Walkden South,-99,-99,-99,-99,-99,-99,-99,-99,3,-99,3,-99,3,3,-99,5,-99,-99,-99,-99,-99,-99,-99,-99,-99,3,-99,4,5,-99,3,9,6,14,7,28,28
E12000002,North West,E08000006,Salford,E08000006,Salford,E02001164,Clifton Green & Pendlebury East,-99,-99,-99,-99,-99,-99,-99,-99,-99,-99,9,5,8,6,-99,4,-99,-99,-99,-99,-99,-99,3,-99,-99,-99,-99,-99,-99,-99,-99,9,-99,14,10,23,23
E12000002,North West,E08000006,Salford,E08000006,Salford,E02001165,Swinton West,-99,-99,-99,-99,-99,-99,-99,-99,-99,8,3,4,3,-99,4,-99,-99,-99,-99,-99,-99,-99,-99,4,3,3,-99,-99,-99,-99,-99,3,-99,5,17,9,9
E12000002,North West,E08000006,Salford,E08000006,Salford,E02001166,Broughton Park,-99,-99,-99,-99,-99,-99,-99,-99,6,16,13,6,4,-99,-99,-99,3,6,-99,-99,-99,-99,-99,-99,-99,-99,-99,-99,-99,4,-99,5,6,5,28,27,27
E12000002,North West,E08000006,Salford,E08000006,Salford,E02001167,Kersal Dale,-99,-99,-99,-99,-99,-99,-99,-99,4,5,-99,3,4,4,3,-99,-99,-99,4,3,-99,-99,-99,-99,-99,-99,-99,-99,-99,-99,6,-99,4,4,20,24,24
E12000002,North West,E08000006,Salford,E08000006,Salford,E02001168,Swinton Worsley Road,-99,-99,-99,-99,-99,-99,-99,3,3,5,10,12,14,10,8,-99,-99,-99,-99,-99,-99,-99,-99,-99,-99,-99,-99,-99,-99,-99,4,5,11,23,19,28,28
E12000002,North West,E08000006,Salford,E08000006,Salford,E02001169,Ellenbrook & Boothstown,-99,-99,-99,-99,-99,-99,-99,-99,6,-99,-99,4,-99,8,-99,-99,-99,-99,-99,-99,-99,-99,-99,-99,3,-99,-99,-99,5,-99,5,10,11,16,20,24,24
E12000002,North West,E08000006,Salford,E08000006,Salford,E02001170,Worsley,-99,-99,-99,-99,-99,-99,-99,-99,6,4,3,3,4,-99,-99,3,-99,-99,-99,-99,-99,-99,-99,-99,-99,-99,4,-99,4,-99,-99,7,7,9,19,27,27
E12000002,North West,E08000006,Salford,E08000006,Salford,E02001171,Swinton South East & Pendlebury West,-99,-99,-99,-99,-99,-99,-99,-99,-99,3,6,4,7,-99,-99,-99,-99,-99,-99,-99,-99,-99,-99,-99,-99,-99,-99,-99,4,-99,-99,-99,6,8,12,28,28
E12000002,North West,E08000006,Salford,E08000006,Salford,E02001172,Higher Broughton,-99,-99,-99,-99,-99,-99,-99,4,7,9,14,9,14,20,10,5,7,5,3,4,-99,3,-99,-99,-99,4,8,9,17,3,12,12,18,28,36,42,42
E12000002,North West,E08000006,Salford,E08000006,Salford,E02001173,Cromwell Road & Broad Street,-99,-99,-99,-99,-99,-99,-99,-99,-99,-99,-99,5,5,-99,-99,-99,7,-99,3,-99,-99,-99,-99,-99,-99,-99,-99,9,-99,5,3,6,7,21,33,37,37
E12000002,North West,E08000006,Salford,E08000006,Salford,E02001174,Lightoaks,-99,-99,-99,-99,-99,-99,-99,8,4,6,3,4,-99,-99,3,-99,-99,-99,-99,-99,-99,-99,-99,-99,-99,-99,4,-99,3,-99,-99,6,4,15,13,13,13
E12000002,North West,E08000006,Salford,E08000006,Salford,E02001175,Winton & Westwood,-99,-99,-99,-99,-99,-99,-99,-99,-99,-99,-99,5,5,3,-99,-99,-99,-99,-99,-99,-99,-99,-99,-99,-99,-99,-99,-99,-99,-99,-99,4,7,15,13,16,16
E12000002,North West,E08000006,Salford,E08000006,Salford,E02001176,Eccles,-99,-99,-99,-99,-99,-99,-99,-99,4,4,17,8,17,16,-99,5,-99,3,3,-99,-99,-99,3,-99,-99,-99,-99,-99,-99,3,19,9,23,29,18,23,23
E12000002,North West,E08000006,Salford,E08000006,Salford,E02001177,Weaste & Seedley,-99,-99,-99,-99,-99,-99,-99,3,11,10,11,12,12,13,11,-99,3,4,8,-99,3,3,-99,5,-99,3,-99,4,-99,3,5,11,24,22,11,18,18
E12000002,North West,E08000006,Salford,E08000006,Salford,E02001178,Salford Central & University,-99,-99,-99,-99,-99,-99,-99,-99,4,3,7,7,5,-99,3,-99,-99,3,4,3,-99,-99,-99,6,-99,4,5,7,12,13,13,11,19,28,67,115,115
E12000002,North West,E08000006,Salford,E08000006,Salford,E02001179,Langworthy Buile Hill,-99,-99,-99,-99,-99,-99,-99,-99,4,3,5,4,3,-99,-99,-99,-99,-99,-99,-99,-99,-99,-99,6,-99,5,-99,-99,5,4,6,6,4,6,11,25,25
E12000002,North West,E08000006,Salford,E08000006,Salford,E02001180,Pendleton,-99,-99,-99,-99,-99,-99,-99,-99,-99,3,3,3,7,-99,-99,-99,4,-99,-99,-99,-99,-99,-99,3,-99,3,-99,-99,-99,7,-99,4,5,9,11,32,32
E12000002,North West,E08000006,Salford,E08000006,Salford,E02001181,Peel Green,-99,-99,-99,-99,-99,-99,-99,-99,-99,4,-99,5,-99,-99,-99,-99,-99,-99,-99,-99,-99,-99,-99,-99,-99,4,-99,3,4,-99,-99,7,3,5,3,5,5
E12000002,North West,E08000006,Salford,E08000006,Salford,E02001182,Barton upon Irwell,-99,-99,-99,-99,-99,-99,-99,-99,-99,3,11,13,3,5,-99,3,-99,-99,-99,-99,-99,-99,-99,-99,-99,-99,-99,-99,-99,-99,-99,7,5,10,4,11,11
E12000002,North West,E08000006,Salford,E08000006,Salford,E02001183,Patricroft,-99,-99,-99,-99,-99,-99,-99,-99,-99,-99,4,9,-99,-99,-99,-99,3,-99,-99,-99,-99,-99,-99,-99,-99,-99,3,-99,-99,4,-99,4,10,10,10,25,25
E12000002,North West,E08000006,Salford,E08000006,Salford,E02001184,Ordsall & Salford Quays,-99,-99,-99,-99,-99,-99,-99,-99,-99,4,4,14,5,4,4,3,-99,-99,-99,-99,-99,-99,-99,-99,4,-99,10,4,5,5,3,11,10,22,34,52,52
E12000002,North West,E08000006,Salford,E08000006,Salford,E02001185,Higher Irlam,-99,-99,-99,-99,-99,-99,-99,-99,3,8,7,8,6,3,-99,-99,-99,-99,-99,-99,-99,-99,-99,-99,-99,5,4,-99,-99,3,3,4,3,5,5,23,23
E12000002,North West,E08000006,Salford,E08000006,Salford,E02001186,Lower Irlam & Cadishead,-99,-99,-99,-99,-99,-99,-99,-99,6,9,8,7,4,3,4,-99,-99,-99,-99,3,-99,-99,-99,-99,-99,-99,-99,-99,4,4,-99,8,6,11,14,25,25
E12000002,North West,E08000007,Stockport,E08000007,Stockport,E02001187,Reddish Vale View,-99,-99,-99,-99,-99,-99,-99,-99,-99,3,4,4,6,4,-99,4,3,-99,-99,-99,-99,-99,-99,-99,-99,-99,-99,3,-99,-99,-99,4,-99,7,3,14,14
E12000002,North West,E08000007,Stockport,E08000007,Stockport,E02001188,North Reddish,-99,-99,-99,-99,-99,-99,-99,-99,-99,-99,4,-99,6,-99,-99,4,-99,-99,-99,-99,-99,-99,-99,-99,-99,-99,-99,-99,-99,-99,-99,-99,-99,6,7,24,24
E12000002,North West,E08000007,Stockport,E08000007,Stockport,E02001189,Central Reddish,-99,-99,-99,-99,-99,-99,-99,-99,-99,-99,8,6,3,6,-99,-99,5,-99,-99,-99,-99,-99,-99,-99,-99,-99,-99,4,3,-99,-99,-99,3,3,10,27,27
E12000002,North West,E08000007,Stockport,E08000007,Stockport,E02001190,Brinnington,-99,-99,-99,-99,-99,-99,-99,-99,5,6,4,5,7,6,-99,-99,7,-99,-99,-99,-99,-99,-99,-99,-99,-99,-99,5,-99,-99,-99,4,-99,3,7,7,7
E12000002,North West,E08000007,Stockport,E08000007,Stockport,E02001191,Woodley,-99,-99,-99,-99,-99,-99,-99,-99,-99,4,6,3,4,4,3,-99,-99,-99,-99,-99,-99,-99,-99,-99,-99,-99,-99,-99,-99,-99,-99,-99,3,4,8,13,13
E12000002,North West,E08000007,Stockport,E08000007,Stockport,E02001192,Heaton Chapel & Shaw Road,-99,-99,-99,-99,-99,-99,-99,-99,-99,11,5,5,-99,3,5,-99,-99,-99,5,-99,-99,-99,-99,-99,-99,-99,-99,4,3,-99,-99,4,5,7,6,14,14
E12000002,North West,E08000007,Stockport,E08000007,Stockport,E02001193,South Reddish & Heaton Norris,-99,-99,-99,-99,-99,-99,-99,-99,-99,-99,-99,-99,-99,-99,-99,5,-99,3,-99,-99,-99,-99,-99,-99,-99,-99,6,-99,-99,-99,-99,5,-99,5,5,13,13
E12000002,North West,E08000007,Stockport,E08000007,Stockport,E02001194,Heaton Moor,-99,-99,-99,-99,-99,-99,5,-99,-99,4,-99,4,-99,3,4,-99,-99,-99,-99,-99,-99,-99,-99,-99,-99,3,-99,3,-99,-99,-99,4,8,11,11,26,26
E12000002,North West,E08000007,Stockport,E08000007,Stockport,E02001195,Bredbury,-99,-99,-99,-99,-99,-99,-99,-99,5,6,6,6,6,9,6,-99,-99,3,-99,-99,-99,3,-99,-99,-99,-99,-99,-99,-99,3,-99,-99,-99,8,3,12,12
E12000002,North West,E08000007,Stockport,E08000007,Stockport,E02001196,Romiley & Compstall,-99,-99,-99,-99,-99,-99,-99,-99,4,4,4,3,-99,8,6,-99,-99,3,4,-99,-99,-99,-99,-99,-99,-99,3,-99,-99,-99,-99,-99,3,-99,5,13,13
E12000002,North West,E08000007,Stockport,E08000007,Stockport,E02001197,Norris Bank,-99,-99,-99,-99,-99,-99,-99,-99,-99,-99,-99,3,3,3,4,-99,-99,-99,-99,-99,-99,-99,-99,-99,-99,-99,-99,3,3,-99,-99,6,-99,6,8,14,14
E12000002,North West,E08000007,Stockport,E08000007,Stockport,E02001198,Bredbury Green,-99,-99,-99,-99,-99,-99,-99,-99,-99,7,9,13,9,4,6,3,4,-99,-99,-99,-99,-99,-99,-99,-99,-99,5,-99,-99,-99,-99,-99,4,-99,9,10,10
E12000002,North West,E08000007,Stockport,E08000007,Stockport,E02001199,Heaton Mersey,-99,-99,-99,-99,-99,-99,-99,-99,4,4,7,6,-99,-99,-99,8,3,-99,-99,-99,-99,-99,-99,-99,-99,-99,-99,-99,4,-99,-99,4,7,18,12,24,24
E12000002,North West,E08000007,Stockport,E08000007,Stockport,E02001200,"Central Stockport, Portwood & Shaw Heath",-99,-99,-99,-99,-99,-99,-99,-99,-99,3,8,9,4,9,3,-99,14,-99,-99,-99,3,-99,-99,-99,-99,-99,-99,4,-99,-99,-99,-99,6,6,4,14,14
E12000002,North West,E08000007,Stockport,E08000007,Stockport,E02001201,Woodbank Park,-99,-99,-99,-99,-99,-99,-99,-99,-99,-99,5,4,-99,5,4,-99,-99,-99,-99,-99,-99,-99,-99,-99,-99,3,12,-99,-99,-99,-99,-99,-99,4,6,15,15
E12000002,North West,E08000007,Stockport,E08000007,Stockport,E02001202,Edgeley,-99,-99,-99,-99,-99,-99,-99,-99,-99,5,4,-99,3,-99,-99,3,-99,-99,-99,-99,-99,-99,-99,-99,-99,-99,4,-99,-99,3,-99,-99,-99,4,6,9,9
E12000002,North West,E08000007,Stockport,E08000007,Stockport,E02001203,Marple Bridge & Mellor,-99,-99,-99,-99,-99,-99,-99,-99,-99,-99,3,-99,3,-99,4,-99,-99,-99,-99,-99,-99,-99,-99,-99,-99,-99,-99,4,-99,-99,-99,-99,6,-99,-99,12,12
E12000002,North West,E08000007,Stockport,E08000007,Stockport,E02001204,Cheadle Heath,-99,-99,-99,-99,-99,-99,-99,-99,-99,6,10,5,8,5,6,-99,4,-99,-99,-99,-99,-99,-99,-99,-99,-99,-99,5,-99,4,-99,-99,3,9,12,25,25
E12000002,North West,E08000007,Stockport,E08000007,Stockport,E02001205,Heaviley,-99,-99,-99,-99,-99,-99,-99,-99,-99,4,3,6,5,5,-99,3,-99,-99,-99,-99,-99,-99,-99,-99,-99,4,4,3,-99,-99,-99,-99,-99,5,15,14,14
E12000002,North West,E08000007,Stockport,E08000007,Stockport,E02001206,Marple & Rose Hill,-99,-99,-99,-99,-99,-99,-99,-99,3,3,3,8,14,7,3,-99,-99,-99,-99,-99,-99,-99,-99,-99,-99,-99,3,-99,-99,-99,-99,-99,11,4,7,20,20
E12000002,North West,E08000007,Stockport,E08000007,Stockport,E02001207,Offerton East & Bosden Farm,-99,-99,-99,-99,-99,-99,-99,-99,-99,-99,7,4,5,9,3,-99,-99,-99,-99,-99,-99,-99,-99,-99,-99,-99,-99,-99,-99,-99,-99,-99,4,-99,4,7,7
E12000002,North West,E08000007,Stockport,E08000007,Stockport,E02001208,Cheadle East,-99,-99,-99,-99,-99,-99,-99,-99,4,10,5,6,4,3,-99,-99,-99,-99,-99,-99,-99,-99,-99,-99,-99,-99,3,-99,-99,-99,-99,-99,-99,4,11,17,17
E12000002,North West,E08000007,Stockport,E08000007,Stockport,E02001209,Davenport,-99,-99,-99,-99,-99,-99,-99,-99,-99,8,9,20,19,16,3,3,-99,-99,-99,-99,-99,-99,3,-99,-99,-99,-99,-99,-99,-99,-99,-99,-99,6,11,13,13
E12000002,North West,E08000007,Stockport,E08000007,Stockport,E02001210,Offerton West,-99,-99,-99,-99,-99,-99,-99,-99,-99,4,10,5,3,3,8,3,-99,-99,5,-99,-99,-99,-99,-99,-99,3,3,-99,-99,-99,-99,-99,-99,-99,4,11,11
E12000002,North West,E08000007,Stockport,E08000007,Stockport,E02001211,Gatley North,-99,-99,-99,-99,-99,-99,-99,-99,-99,6,6,4,-99,-99,-99,3,-99,4,-99,-99,-99,-99,-99,-99,-99,-99,3,5,-99,-99,-99,-99,6,11,23,13,13
E12000002,North West,E08000007,Stockport,E08000007,Stockport,E02001212,Adswood,-99,-99,-99,-99,-99,-99,-99,-99,-99,-99,3,5,8,3,-99,-99,-99,-99,3,-99,-99,-99,-99,-99,-99,-99,-99,-99,4,-99,4,5,4,6,5,10,10
E12000002,North West,E08000007,Stockport,E08000007,Stockport,E02001213,Woodsmoor & Mile End,-99,-99,-99,-99,-99,-99,-99,-99,-99,7,5,16,12,7,4,-99,3,-99,-99,-99,-99,-99,-99,-99,-99,-99,3,5,-99,-99,-99,-99,-99,11,7,13,13
E12000002,North West,E08000007,Stockport,E08000007,Stockport,E02001214,Gatley South & Cheadle West,-99,-99,-99,-99,-99,-99,-99,5,6,5,5,10,4,3,5,4,7,-99,-99,-99,-99,-99,-99,-99,-99,-99,-99,-99,-99,-99,-99,13,-99,12,10,38,38
E12000002,North West,E08000007,Stockport,E08000007,Stockport,E02001215,Marple & Hawk Green,-99,-99,-99,-99,-99,-99,-99,-99,-99,-99,-99,3,4,14,-99,4,4,-99,-99,-99,-99,-99,-99,-99,-99,-99,-99,-99,-99,-99,-99,-99,3,3,6,6,6
E12000002,North West,E08000007,Stockport,E08000007,Stockport,E02001216,Cheadle Hulme Orrishmere,-99,-99,-99,-99,-99,-99,-99,-99,3,4,6,5,3,4,4,-99,-99,-99,-99,4,4,-99,-99,-99,-99,-99,-99,-99,-99,-99,-99,3,3,5,3,21,21
E12000002,North West,E08000007,Stockport,E08000007,Stockport,E02001217,Hazel Grove North,-99,-99,-99,-99,-99,-99,-99,5,-99,7,13,5,12,7,7,7,4,-99,-99,-99,-99,-99,-99,-99,-99,4,-99,-99,-99,-99,-99,-99,3,6,3,13,13
E12000002,North West,E08000007,Stockport,E08000007,Stockport,E02001218,Bramhall North West,-99,-99,-99,-99,-99,-99,-99,-99,-99,-99,4,-99,3,3,-99,-99,5,-99,3,-99,-99,-99,-99,-99,3,-99,-99,-99,-99,-99,-99,-99,-99,5,9,26,26
E12000002,North West,E08000007,Stockport,E08000007,Stockport,E02001219,Hazel Grove West,-99,-99,-99,-99,-99,-99,-99,-99,-99,-99,-99,-99,6,3,-99,-99,-99,-99,-99,-99,-99,-99,-99,-99,-99,-99,-99,-99,-99,-99,-99,-99,-99,7,7,16,16
E12000002,North West,E08000007,Stockport,E08000007,Stockport,E02001220,Cheadle Hulme West,-99,-99,-99,-99,-99,-99,-99,-99,-99,3,5,8,-99,-99,-99,-99,-99,-99,-99,3,-99,-99,-99,-99,-99,-99,-99,-99,-99,-99,-99,-99,10,3,10,8,8
E12000002,North West,E08000007,Stockport,E08000007,Stockport,E02001221,Hazel Grove East & South,-99,-99,-99,-99,-99,-99,-99,-99,-99,4,4,5,-99,6,4,8,-99,-99,-99,-99,-99,-99,-99,-99,-99,-99,-99,-99,-99,-99,-99,-99,-99,7,4,11,11
E12000002,North West,E08000007,Stockport,E08000007,Stockport,E02001222,Heald Green West,-99,-99,-99,-99,-99,-99,-99,-99,-99,7,4,-99,5,-99,3,3,-99,-99,-99,-99,-99,-99,-99,-99,-99,-99,-99,-99,-99,4,-99,3,-99,13,14,10,10
E12000002,North West,E08000007,Stockport,E08000007,Stockport,E02001223,Bramhall North East,-99,-99,-99,-99,-99,-99,-99,-99,-99,8,4,4,6,-99,5,-99,3,-99,-99,-99,-99,-99,-99,-99,-99,-99,-99,-99,-99,-99,-99,-99,-99,5,3,16,16
E12000002,North West,E08000007,Stockport,E08000007,Stockport,E02001224,High Lane,-99,-99,-99,-99,-99,-99,-99,-99,-99,3,3,3,3,4,5,-99,-99,-99,-99,-99,-99,-99,-99,-99,-99,-99,-99,-99,-99,-99,-99,-99,3,3,7,8,8
E12000002,North West,E08000007,Stockport,E08000007,Stockport,E02001225,Cheadle Hulme South East,-99,-99,-99,-99,-99,-99,-99,-99,3,6,3,5,-99,3,-99,5,-99,-99,-99,-99,-99,-99,-99,-99,-99,-99,-99,-99,-99,-99,-99,4,-99,13,11,14,14
E12000002,North West,E08000007,Stockport,E08000007,Stockport,E02001226,Heald Green East,-99,-99,-99,-99,-99,-99,-99,-99,3,-99,10,3,5,3,7,-99,-99,-99,-99,-99,3,-99,4,-99,-99,4,5,5,6,3,-99,-99,5,9,10,12,12
E12000002,North West,E08000007,Stockport,E08000007,Stockport,E02001227,Bramhall West,-99,-99,-99,-99,-99,-99,-99,-99,3,5,-99,-99,-99,-99,-99,-99,-99,-99,-99,-99,-99,-99,-99,-99,-99,-99,-99,-99,-99,-99,-99,3,-99,3,7,8,8
E12000002,North West,E08000007,Stockport,E08000007,Stockport,E02001228,Bramhall South & Woodford,-99,-99,-99,-99,-99,-99,-99,-99,-99,10,4,-99,-99,4,-99,-99,-99,-99,-99,-99,-99,-99,-99,-99,-99,-99,-99,-99,-99,-99,-99,-99,4,-99,8,20,20
E12000002,North West,E08000008,Tameside,E08000008,Tameside,E02001229,Mossley,-99,-99,-99,-99,-99,-99,-99,-99,4,-99,3,5,3,4,-99,29,20,4,4,-99,5,-99,-99,-99,-99,-99,-99,-99,-99,3,4,4,5,13,14,16,16
E12000002,North West,E08000008,Tameside,E08000008,Tameside,E02001230,Ashton North,-99,-99,-99,-99,-99,-99,-99,-99,-99,-99,6,-99,3,7,4,4,4,5,-99,-99,-99,-99,-99,-99,-99,-99,4,-99,-99,-99,4,5,15,21,13,24,24
E12000002,North West,E08000008,Tameside,E08000008,Tameside,E02001231,Carrbrook & Micklehurst,-99,-99,-99,-99,-99,-99,-99,-99,-99,5,5,3,7,5,-99,6,4,-99,-99,-99,-99,-99,-99,-99,-99,-99,-99,-99,-99,-99,-99,4,9,5,12,23,23
E12000002,North West,E08000008,Tameside,E08000008,Tameside,E02001232,Hurst Cross,-99,-99,-99,-99,-99,-99,-99,-99,3,-99,-99,8,-99,10,-99,3,10,-99,6,9,-99,-99,-99,-99,-99,-99,3,4,-99,6,4,3,9,9,18,23,23
E12000002,North West,E08000008,Tameside,E08000008,Tameside,E02001233,Ashton Waterloo,-99,-99,-99,-99,-99,-99,-99,-99,-99,4,9,3,3,6,4,4,4,3,4,-99,4,3,-99,-99,-99,-99,-99,16,11,-99,5,9,8,6,13,18,18
E12000002,North West,E08000008,Tameside,E08000008,Tameside,E02001234,Smallshaw,-99,-99,-99,-99,-99,-99,-99,-99,3,8,-99,6,4,3,3,6,5,-99,4,-99,-99,-99,3,-99,3,-99,4,4,-99,4,3,5,10,7,12,20,20
E12000002,North West,E08000008,Tameside,E08000008,Tameside,E02001235,Ashton East,-99,-99,-99,-99,-99,-99,-99,-99,3,3,-99,3,8,6,6,20,12,5,5,4,3,3,4,-99,-99,-99,-99,4,-99,-99,-99,3,11,9,21,29,29
E12000002,North West,E08000008,Tameside,E08000008,Tameside,E02001236,Stalybridge North,-99,-99,-99,-99,-99,-99,-99,-99,-99,3,3,6,7,3,10,9,6,8,4,3,-99,-99,-99,-99,-99,-99,-99,-99,-99,-99,-99,4,7,7,7,20,20
E12000002,North West,E08000008,Tameside,E08000008,Tameside,E02001237,Stalybridge East & Swineshaw,-99,-99,-99,-99,-99,-99,-99,-99,-99,-99,3,-99,5,3,7,5,9,3,4,-99,-99,-99,-99,-99,-99,-99,-99,3,-99,-99,3,5,9,7,8,16,16
E12000002,North West,E08000008,Tameside,E08000008,Tameside,E02001238,Droylsden East,-99,-99,-99,-99,-99,-99,-99,-99,-99,5,6,4,-99,3,-99,-99,7,-99,-99,4,-99,-99,-99,-99,-99,5,-99,9,-99,-99,-99,4,12,10,14,21,21
E12000002,North West,E08000008,Tameside,E08000008,Tameside,E02001239,Droylsden Central,-99,-99,-99,-99,-99,-99,-99,-99,-99,4,6,8,8,13,-99,8,14,6,-99,5,4,3,3,-99,-99,4,4,3,3,-99,-99,8,8,16,14,19,19
E12000002,North West,E08000008,Tameside,E08000008,Tameside,E02001240,Droylsden West,-99,-99,-99,-99,-99,-99,-99,-99,-99,3,6,4,3,-99,-99,-99,3,3,-99,-99,-99,3,-99,-99,-99,-99,-99,4,-99,4,3,4,8,3,3,17,17
E12000002,North West,E08000008,Tameside,E08000008,Tameside,E02001241,Ashton Central,-99,-99,-99,-99,-99,-99,3,-99,-99,3,-99,4,4,15,3,7,9,4,8,7,8,-99,-99,-99,-99,-99,10,6,4,4,4,10,13,24,30,22,22
E12000002,North West,E08000008,Tameside,E08000008,Tameside,E02001242,Audenshaw,-99,-99,-99,-99,-99,-99,-99,-99,-99,8,6,5,3,3,-99,5,8,-99,-99,-99,-99,-99,-99,-99,-99,-99,4,3,-99,9,8,4,9,17,7,15,15
E12000002,North West,E08000008,Tameside,E08000008,Tameside,E02001243,Stalybridge South,-99,-99,-99,-99,-99,-99,-99,-99,-99,3,-99,3,4,4,-99,3,-99,-99,-99,3,6,-99,-99,-99,-99,-99,-99,3,-99,6,-99,-99,11,6,25,25,25
E12000002,North West,E08000008,Tameside,E08000008,Tameside,E02001244,Dukinfield East & Hough Hill,-99,-99,-99,-99,-99,-99,-99,-99,-99,-99,-99,5,5,-99,8,-99,9,-99,-99,-99,-99,-99,-99,-99,-99,-99,-99,-99,6,-99,4,6,7,8,8,12,12
E12000002,North West,E08000008,Tameside,E08000008,Tameside,E02001245,Dukinfield West,-99,-99,-99,-99,-99,-99,-99,-99,-99,-99,5,9,-99,-99,6,6,7,-99,6,5,5,-99,-99,-99,-99,-99,5,-99,-99,-99,-99,6,11,16,18,18,18
E12000002,North West,E08000008,Tameside,E08000008,Tameside,E02001246,Newtonmoor,-99,-99,-99,-99,-99,-99,-99,-99,-99,5,5,4,-99,8,-99,14,9,3,3,-99,-99,-99,-99,-99,-99,-99,-99,-99,-99,4,4,6,5,7,11,9,9
E12000002,North West,E08000008,Tameside,E08000008,Tameside,E02001247,Guide Bridge,-99,-99,-99,-99,-99,-99,-99,-99,3,-99,4,4,-99,7,4,3,3,6,3,-99,-99,-99,-99,-99,-99,4,-99,-99,-99,5,5,7,8,11,9,12,12
E12000002,North West,E08000008,Tameside,E08000008,Tameside,E02001248,Hyde North,-99,-99,-99,-99,-99,-99,-99,-99,-99,5,-99,7,3,3,3,-99,-99,-99,-99,-99,3,3,-99,-99,-99,-99,-99,4,-99,-99,4,11,5,14,27,15,15
E12000002,North West,E08000008,Tameside,E08000008,Tameside,E02001249,Denton North,-99,-99,-99,-99,-99,-99,-99,-99,-99,-99,-99,3,-99,-99,-99,3,-99,-99,-99,-99,-99,-99,3,-99,-99,3,3,-99,3,-99,3,3,3,7,6,12,12
E12000002,North West,E08000008,Tameside,E08000008,Tameside,E02001250,Godley,-99,-99,-99,-99,-99,-99,-99,-99,-99,4,4,4,5,-99,3,6,3,-99,-99,-99,5,-99,-99,-99,-99,-99,-99,-99,-99,-99,3,-99,3,7,9,14,14
E12000002,North West,E08000008,Tameside,E08000008,Tameside,E02001251,"Mottram, Hollingworth & Broadbottom",-99,-99,-99,-99,-99,-99,-99,-99,-99,-99,3,-99,3,-99,3,-99,-99,-99,-99,-99,5,-99,-99,-99,-99,-99,-99,-99,-99,4,-99,-99,5,8,16,15,15
E12000002,North West,E08000008,Tameside,E08000008,Tameside,E02001252,Dane Bank,-99,-99,-99,-99,-99,-99,-99,-99,-99,-99,4,7,-99,5,4,5,3,-99,-99,-99,-99,-99,-99,-99,-99,-99,-99,-99,-99,-99,-99,6,8,7,9,18,18
E12000002,North West,E08000008,Tameside,E08000008,Tameside,E02001253,Denton West,-99,-99,-99,-99,-99,-99,-99,3,-99,-99,-99,-99,-99,-99,-99,-99,-99,4,-99,-99,-99,-99,-99,-99,-99,-99,-99,-99,-99,-99,7,5,4,9,10,16,16
E12000002,North West,E08000008,Tameside,E08000008,Tameside,E02001254,Denton East,-99,-99,-99,-99,-99,-99,-99,-99,-99,-99,3,3,-99,-99,-99,-99,-99,-99,-99,-99,-99,-99,-99,-99,-99,-99,-99,-99,-99,4,-99,-99,8,4,10,11,11
E12000002,North West,E08000008,Tameside,E08000008,Tameside,E02001255,Hattersley,-99,-99,-99,-99,-99,-99,-99,-99,3,-99,-99,-99,-99,6,-99,5,5,-99,-99,-99,-99,-99,-99,-99,-99,-99,-99,4,6,-99,-99,12,7,10,12,13,13
E12000002,North West,E08000008,Tameside,E08000008,Tameside,E02001256,Hyde South,-99,-99,-99,-99,-99,-99,5,3,5,8,7,6,-99,9,11,6,11,5,9,3,4,5,-99,-99,-99,-99,-99,5,3,4,-99,15,11,23,17,18,18
E12000002,North West,E08000008,Tameside,E08000008,Tameside,E02001257,Denton South,-99,-99,-99,-99,-99,-99,-99,-99,3,7,7,5,5,3,3,4,8,3,5,5,3,-99,-99,-99,-99,-99,-99,-99,-99,4,-99,9,8,19,15,33,33
E12000002,North West,E08000008,Tameside,E08000008,Tameside,E02001258,Cheetham Fold & Gee Cross,-99,-99,-99,-99,-99,-99,-99,-99,-99,5,3,-99,6,5,-99,-99,-99,-99,-99,-99,-99,-99,-99,-99,-99,-99,-99,-99,3,-99,-99,6,11,8,7,19,19
E12000002,North West,E08000009,Trafford,E08000009,Trafford,E02001259,Old Trafford,-99,-99,-99,-99,-99,-99,-99,-99,3,4,-99,4,4,6,-99,-99,-99,6,3,-99,5,-99,-99,-99,-99,4,5,-99,8,10,8,9,22,21,49,40,40
E12000002,North West,E08000009,Trafford,E08000009,Trafford,E02001260,Trafford Park West & Kingsway Park,-99,-99,-99,-99,-99,-99,-99,-99,3,-99,3,-99,3,-99,-99,-99,-99,4,-99,-99,-99,-99,-99,-99,-99,3,-99,5,-99,-99,-99,-99,5,7,6,30,30
E12000002,North West,E08000009,Trafford,E08000009,Trafford,E02001261,Gorse Hill,-99,-99,-99,-99,-99,-99,-99,-99,-99,5,-99,-99,-99,-99,-99,-99,-99,-99,-99,-99,-99,-99,7,-99,-99,3,4,5,4,-99,4,5,-99,8,21,25,25
E12000002,North West,E08000009,Trafford,E08000009,Trafford,E02001262,Firswood,-99,-99,-99,-99,-99,-99,-99,-99,4,6,-99,-99,3,-99,-99,-99,6,3,-99,-99,-99,-99,-99,-99,-99,4,-99,9,10,16,7,3,11,19,16,44,44
E12000002,North West,E08000009,Trafford,E08000009,Trafford,E02001263,Davyhulme,-99,-99,-99,-99,-99,-99,-99,-99,-99,9,4,3,9,3,-99,3,3,3,-99,-99,-99,-99,-99,-99,-99,4,3,-99,-99,-99,-99,4,6,-99,9,20,20
E12000002,North West,E08000009,Trafford,E08000009,Trafford,E02001264,Trafford Park East & Sevenways,-99,-99,-99,-99,-99,-99,-99,-99,4,3,-99,3,3,3,5,-99,5,4,3,4,-99,-99,-99,-99,-99,7,7,-99,-99,-99,5,-99,-99,7,10,28,28
E12000002,North West,E08000009,Trafford,E08000009,Trafford,E02001265,Flixton & Moorside,-99,-99,-99,-99,-99,-99,-99,-99,-99,-99,7,4,7,16,-99,8,4,3,-99,-99,-99,-99,-99,-99,-99,6,6,3,-99,-99,-99,3,-99,6,7,21,21
E12000002,North West,E08000009,Trafford,E08000009,Trafford,E02001266,Lostock & Stretford Meadows,-99,-99,-99,-99,-99,-99,-99,3,5,3,5,4,4,5,3,-99,-99,5,-99,-99,-99,-99,-99,-99,-99,4,-99,4,-99,-99,-99,-99,-99,7,5,22,22
E12000002,North West,E08000009,Trafford,E08000009,Trafford,E02001267,Urmston East,-99,-99,-99,-99,-99,-99,-99,-99,3,5,-99,3,14,11,3,7,6,7,-99,-99,-99,-99,-99,-99,-99,4,-99,-99,-99,-99,-99,-99,4,3,8,16,16
E12000002,North West,E08000009,Trafford,E08000009,Trafford,E02001268,Urmston West,-99,-99,-99,-99,-99,-99,-99,3,4,-99,7,-99,-99,-99,3,-99,-99,-99,-99,-99,-99,-99,-99,-99,-99,5,-99,-99,-99,-99,-99,3,-99,6,9,17,17
E12000002,North West,E08000009,Trafford,E08000009,Trafford,E02001269,Stretford East,-99,-99,-99,-99,-99,-99,-99,-99,-99,4,-99,8,-99,6,3,-99,-99,-99,-99,-99,-99,-99,-99,-99,-99,-99,-99,-99,3,3,3,5,5,7,9,12,12
E12000002,North West,E08000009,Trafford,E08000009,Trafford,E02001270,Sale North,-99,-99,-99,-99,-99,-99,-99,-99,3,4,7,6,4,8,-99,4,3,-99,-99,-99,-99,-99,-99,-99,-99,-99,3,4,-99,-99,-99,-99,5,3,6,24,24
E12000002,North West,E08000009,Trafford,E08000009,Trafford,E02001271,Ashton upon Mersey North,-99,-99,-99,-99,-99,-99,-99,-99,-99,6,4,-99,-99,3,-99,3,-99,-99,-99,3,-99,-99,-99,-99,-99,4,-99,-99,-99,-99,5,3,3,4,8,26,26
E12000002,North West,E08000009,Trafford,E08000009,Trafford,E02001272,Sale East,-99,-99,-99,-99,-99,-99,-99,-99,-99,11,7,3,-99,-99,-99,4,-99,-99,-99,5,-99,-99,-99,-99,-99,5,-99,-99,5,-99,3,4,4,-99,7,19,19
E12000002,North West,E08000009,Trafford,E08000009,Trafford,E02001273,Sale Central,-99,-99,-99,-99,-99,-99,-99,-99,-99,-99,9,6,6,8,3,3,-99,-99,-99,-99,-99,-99,-99,-99,-99,3,-99,3,4,-99,3,4,-99,6,14,22,22
E12000002,North West,E08000009,Trafford,E08000009,Trafford,E02001274,Ashton upon Mersey South,-99,-99,-99,-99,-99,-99,-99,-99,4,12,7,6,5,-99,-99,-99,-99,-99,-99,-99,-99,-99,-99,-99,-99,-99,5,3,-99,-99,4,-99,7,5,7,31,31
E12000002,North West,E08000009,Trafford,E08000009,Trafford,E02001275,Partington,-99,-99,-99,-99,-99,-99,-99,-99,-99,5,6,7,3,6,8,8,3,-99,-99,-99,-99,-99,-99,-99,-99,6,-99,-99,-99,-99,-99,-99,5,5,11,12,12
E12000002,North West,E08000009,Trafford,E08000009,Trafford,E02001276,Sale Moor,-99,-99,-99,-99,-99,-99,-99,-99,-99,9,6,4,4,4,-99,6,-99,-99,-99,-99,-99,-99,-99,-99,-99,4,-99,-99,-99,-99,5,-99,9,4,9,16,16
E12000002,North West,E08000009,Trafford,E08000009,Trafford,E02001277,Broadheath & Firsway,-99,-99,-99,-99,-99,-99,-99,-99,3,5,-99,5,4,5,3,-99,-99,-99,3,-99,-99,-99,-99,-99,-99,-99,3,-99,-99,-99,4,-99,-99,-99,10,10,10
E12000002,North West,E08000009,Trafford,E08000009,Trafford,E02001278,West Timperley,-99,-99,-99,-99,-99,-99,-99,-99,3,10,4,8,8,3,-99,5,-99,-99,-99,-99,-99,-99,-99,-99,-99,-99,-99,-99,-99,-99,8,-99,-99,7,9,15,15
E12000002,North West,E08000009,Trafford,E08000009,Trafford,E02001279,Timperley North,-99,-99,-99,-99,-99,-99,-99,-99,3,4,4,4,6,6,4,4,5,-99,-99,3,-99,-99,-99,-99,-99,-99,-99,-99,-99,-99,6,-99,3,9,14,19,19
E12000002,North West,E08000009,Trafford,E08000009,Trafford,E02001280,Timperley East,-99,-99,-99,-99,-99,-99,-99,-99,3,4,10,7,6,6,6,10,24,4,-99,3,-99,-99,-99,-99,-99,-99,-99,-99,-99,3,-99,-99,-99,3,5,9,9
E12000002,North West,E08000009,Trafford,E08000009,Trafford,E02001281,Timperley South,-99,-99,-99,-99,-99,-99,-99,3,3,5,3,3,5,3,4,3,-99,-99,3,-99,-99,-99,-99,-99,-99,-99,-99,3,5,-99,-99,3,-99,5,11,22,22
E12000002,North West,E08000009,Trafford,E08000009,Trafford,E02001282,Altrincham East,-99,-99,-99,-99,-99,-99,-99,4,-99,6,6,3,6,-99,-99,5,5,5,-99,-99,-99,-99,-99,-99,-99,3,-99,-99,-99,-99,-99,-99,6,6,15,25,25
E12000002,North West,E08000009,Trafford,E08000009,Trafford,E02001283,"Altrincham West, Dunham & Warburton",-99,-99,-99,-99,-99,-99,6,-99,-99,9,8,8,6,3,3,-99,5,3,-99,3,-99,-99,-99,-99,-99,5,-99,-99,-99,-99,-99,3,-99,6,12,21,21
E12000002,North West,E08000009,Trafford,E08000009,Trafford,E02001284,Hale,-99,-99,-99,-99,-99,-99,-99,-99,3,6,7,3,3,-99,-99,-99,3,-99,-99,-99,-99,-99,-99,-99,7,8,3,-99,-99,-99,3,9,-99,4,15,21,21
E12000002,North West,E08000009,Trafford,E08000009,Trafford,E02001285,Bowdon,-99,-99,-99,-99,-99,-99,-99,4,-99,-99,11,4,3,3,-99,3,6,8,8,-99,-99,-99,-99,-99,-99,-99,-99,-99,-99,-99,4,-99,3,3,6,27,27
E12000002,North West,E08000009,Trafford,E08000009,Trafford,E02001286,Hale Barns,-99,-99,-99,-99,-99,-99,-99,-99,5,5,7,8,6,-99,9,7,4,-99,-99,-99,-99,-99,-99,-99,3,5,11,3,4,3,10,4,-99,10,24,21,21
E12000002,North West,E08000010,Wigan,E08000010,Wigan,E02001287,Standish North,-99,-99,-99,-99,-99,-99,-99,-99,-99,3,-99,5,3,3,3,-99,-99,-99,-99,-99,-99,-99,-99,-99,-99,-99,-99,-99,-99,-99,-99,3,-99,-99,10,21,21
E12000002,North West,E08000010,Wigan,E08000010,Wigan,E02001288,Standish South,-99,-99,-99,-99,-99,-99,-99,-99,3,5,12,15,9,6,5,5,5,-99,-99,-99,-99,4,-99,-99,-99,-99,-99,-99,-99,-99,-99,-99,-99,7,16,22,22
E12000002,North West,E08000010,Wigan,E08000010,Wigan,E02001289,Shevington,-99,-99,-99,-99,-99,-99,-99,-99,-99,-99,9,3,3,12,-99,3,-99,-99,-99,-99,-99,-99,-99,-99,-99,-99,-99,-99,-99,-99,-99,-99,4,11,10,28,28
E12000002,North West,E08000010,Wigan,E08000010,Wigan,E02001290,Aspull & Red Rock,-99,-99,-99,-99,-99,-99,-99,-99,-99,-99,4,9,3,3,6,-99,-99,-99,-99,-99,-99,-99,-99,-99,-99,-99,-99,-99,-99,-99,-99,-99,-99,15,-99,17,17
E12000002,North West,E08000010,Wigan,E08000010,Wigan,E02001291,Beech Hill,-99,-99,-99,-99,-99,-99,-99,-99,-99,-99,-99,7,11,6,5,7,4,-99,4,-99,-99,-99,-99,-99,-99,-99,-99,-99,-99,4,-99,-99,-99,12,16,24,24
E12000002,North West,E08000010,Wigan,E08000010,Wigan,E02001292,Wigan Marylebone & Bottling Wood,-99,-99,-99,-99,-99,-99,-99,-99,-99,3,-99,9,5,8,-99,4,-99,-99,-99,-99,-99,-99,-99,-99,-99,-99,-99,-99,-99,-99,3,3,3,4,18,24,24
E12000002,North West,E08000010,Wigan,E08000010,Wigan,E02001293,New Springs,-99,-99,-99,-99,-99,-99,-99,-99,5,-99,7,6,15,10,3,4,4,-99,-99,-99,-99,-99,-99,-99,-99,-99,-99,-99,-99,-99,-99,-99,-99,12,8,23,23
E12000002,North West,E08000010,Wigan,E08000010,Wigan,E02001294,Wigan Central,-99,-99,-99,-99,-99,-99,-99,-99,-99,-99,3,9,7,5,8,-99,6,-99,-99,-99,-99,-99,-99,-99,-99,-99,-99,-99,3,-99,-99,5,11,14,15,24,24
E12000002,North West,E08000010,Wigan,E08000010,Wigan,E02001295,Wigan East,-99,-99,-99,-99,-99,-99,-99,-99,-99,-99,4,9,15,10,17,5,-99,3,-99,-99,-99,-99,-99,-99,-99,-99,-99,-99,-99,-99,-99,-99,3,13,19,17,17
E12000002,North West,E08000010,Wigan,E08000010,Wigan,E02001296,Laithwaite & Marsh Green,-99,-99,-99,-99,-99,-99,-99,-99,-99,-99,5,11,16,8,9,5,6,-99,-99,-99,-99,-99,-99,-99,-99,4,-99,-99,3,-99,-99,8,3,7,21,21,21
E12000002,North West,E08000010,Wigan,E08000010,Wigan,E02001297,Pemberton North,-99,-99,-99,-99,-99,-99,-99,-99,-99,3,3,4,8,11,7,13,5,3,-99,4,-99,-99,-99,-99,-99,-99,-99,-99,-99,-99,-99,-99,-99,8,11,21,21
E12000002,North West,E08000010,Wigan,E08000010,Wigan,E02001298,Ince-in-Makerfield,-99,-99,-99,-99,-99,-99,-99,-99,-99,3,4,7,7,4,4,3,-99,4,-99,-99,-99,-99,-99,-99,-99,-99,-99,-99,-99,-99,-99,-99,4,8,10,13,13
E12000002,North West,E08000010,Wigan,E08000010,Wigan,E02001299,Hindley West,-99,-99,-99,-99,-99,-99,-99,-99,3,7,7,7,15,4,9,17,-99,3,-99,-99,-99,-99,-99,-99,-99,-99,-99,-99,-99,3,4,5,5,12,17,19,19
E12000002,North West,E08000010,Wigan,E08000010,Wigan,E02001300,Pemberton South,-99,-99,-99,-99,-99,-99,-99,-99,3,7,11,15,14,11,4,-99,23,5,-99,-99,4,-99,-99,-99,-99,-99,-99,-99,-99,-99,-99,-99,4,13,26,54,54
E12000002,North West,E08000010,Wigan,E08000010,Wigan,E02001301,Wigan South,-99,-99,-99,-99,-99,-99,-99,-99,6,6,12,9,10,14,5,7,4,5,-99,-99,-99,-99,-99,-99,-99,5,-99,-99,-99,3,-99,-99,5,9,16,31,31
E12000002,North West,E08000010,Wigan,E08000010,Wigan,E02001302,Hindley East,-99,-99,-99,-99,-99,-99,-99,-99,4,8,5,8,14,8,5,9,3,-99,-99,-99,-99,-99,-99,-99,-99,-99,-99,-99,-99,-99,-99,-99,5,3,17,16,16
E12000002,North West,E08000010,Wigan,E08000010,Wigan,E02001303,Atherton North,-99,-99,-99,-99,-99,-99,-99,-99,-99,5,6,7,7,3,3,6,8,-99,6,5,-99,-99,-99,-99,-99,-99,-99,-99,-99,-99,-99,5,7,3,6,16,16
E12000002,North West,E08000010,Wigan,E08000010,Wigan,E02001304,Orrell & Longshaw,-99,-99,-99,-99,-99,-99,-99,-99,-99,5,3,6,14,8,5,-99,5,-99,-99,-99,-99,-99,-99,-99,-99,-99,-99,-99,-99,-99,-99,-99,6,5,23,35,35
E12000002,North West,E08000010,Wigan,E08000010,Wigan,E02001305,Hindley Green,-99,-99,-99,-99,-99,-99,-99,-99,-99,-99,-99,11,10,15,7,-99,-99,3,-99,-99,-99,-99,-99,-99,-99,-99,-99,-99,-99,-99,-99,-99,3,10,16,12,12
E12000002,North West,E08000010,Wigan,E08000010,Wigan,E02001306,Worsley Mesnes & Hawkley,-99,-99,-99,-99,-99,-99,-99,-99,-99,3,6,7,3,7,8,-99,3,-99,-99,-99,-99,-99,-99,-99,-99,-99,-99,-99,-99,-99,-99,3,-99,16,14,31,31
E12000002,North West,E08000010,Wigan,E08000010,Wigan,E02001307,Winstanley,-99,-99,-99,-99,-99,-99,-99,-99,4,-99,12,6,9,12,8,-99,-99,-99,-99,-99,-99,-99,-99,-99,-99,-99,-99,-99,-99,3,5,10,13,20,27,65,65
E12000002,North West,E08000010,Wigan,E08000010,Wigan,E02001308,Atherton South East & Tyldesley West,-99,-99,-99,-99,-99,-99,-99,-99,-99,4,4,4,7,5,-99,-99,8,-99,6,3,5,-99,-99,-99,-99,-99,-99,-99,-99,-99,-99,3,-99,5,5,10,10
E12000002,North West,E08000010,Wigan,E08000010,Wigan,E02001309,Atherton South West,-99,-99,-99,-99,-99,-99,-99,-99,-99,-99,4,7,10,10,6,6,3,-99,-99,-99,-99,-99,-99,4,-99,-99,-99,-99,-99,-99,-99,5,5,15,12,20,20
E12000002,North West,E08000010,Wigan,E08000010,Wigan,E02001310,Platt Bridge & Spring View,-99,-99,-99,-99,-99,-99,-99,-99,-99,6,7,12,4,15,-99,-99,-99,6,-99,-99,-99,-99,-99,-99,-99,-99,-99,-99,-99,-99,-99,6,4,18,11,21,21
E12000002,North West,E08000010,Wigan,E08000010,Wigan,E02001311,Tyldesley North,-99,-99,-99,-99,-99,-99,-99,-99,-99,3,7,4,-99,6,4,-99,5,-99,4,4,-99,-99,-99,-99,-99,-99,-99,-99,-99,-99,-99,3,5,7,3,12,12
E12000002,North West,E08000010,Wigan,E08000010,Wigan,E02001312,Abram & Bickershaw,-99,-99,-99,-99,-99,-99,-99,-99,-99,3,5,4,7,4,-99,7,3,-99,-99,-99,-99,-99,-99,-99,3,-99,-99,-99,-99,-99,-99,3,-99,6,16,20,20
E12000002,North West,E08000010,Wigan,E08000010,Wigan,E02001313,Leigh North,-99,-99,-99,-99,-99,-99,-99,-99,-99,5,9,6,18,10,-99,10,3,-99,-99,3,-99,-99,-99,-99,-99,-99,-99,-99,-99,-99,-99,-99,5,8,13,13,13
E12000002,North West,E08000010,Wigan,E08000010,Wigan,E02001314,Tyldesley South,-99,-99,-99,-99,-99,-99,-99,-99,-99,-99,-99,6,4,-99,-99,-99,6,-99,-99,-99,-99,-99,-99,-99,-99,-99,4,-99,-99,-99,-99,3,9,10,16,15,15
E12000002,North West,E08000010,Wigan,E08000010,Wigan,E02001315,"Astley, Blackmoor & Mosley Common",-99,-99,-99,-99,-99,-99,-99,-99,-99,4,5,6,7,5,4,-99,3,-99,-99,-99,-99,-99,-99,-99,-99,-99,-99,-99,-99,-99,-99,5,6,12,12,14,14
E12000002,North West,E08000010,Wigan,E08000010,Wigan,E02001316,Leigh Central,-99,-99,-99,-99,-99,-99,-99,-99,-99,3,-99,3,7,-99,3,3,-99,-99,-99,-99,-99,-99,-99,-99,-99,-99,-99,-99,3,-99,-99,-99,7,6,15,12,12
E12000002,North West,E08000010,Wigan,E08000010,Wigan,E02001317,Leigh East & Higher Folds,-99,-99,-99,-99,-99,-99,-99,-99,-99,9,9,5,28,14,37,22,6,-99,-99,-99,-99,-99,-99,-99,-99,-99,-99,-99,-99,-99,-99,3,8,9,12,17,17
E12000002,North West,E08000010,Wigan,E08000010,Wigan,E02001318,Ashton-in-Makerfield North,-99,-99,-99,-99,-99,-99,-99,-99,3,4,4,6,11,4,5,-99,-99,-99,-99,-99,-99,-99,-99,-99,-99,-99,-99,-99,-99,4,-99,-99,3,9,6,12,12
E12000002,North West,E08000010,Wigan,E08000010,Wigan,E02001319,Leigh West,-99,-99,-99,-99,-99,-99,-99,-99,-99,5,4,5,12,14,22,3,-99,-99,-99,-99,-99,-99,-99,-99,-99,-99,-99,3,5,-99,4,-99,-99,12,8,14,14
E12000002,North West,E08000010,Wigan,E08000010,Wigan,E02001320,Leigh South East,-99,-99,-99,-99,-99,-99,-99,-99,-99,-99,3,8,5,8,6,5,-99,-99,-99,-99,-99,-99,-99,-99,-99,-99,3,-99,-99,-99,-99,4,3,8,10,7,7
E12000002,North West,E08000010,Wigan,E08000010,Wigan,E02001321,Ashton-in-Makerfield East,-99,-99,-99,-99,-99,-99,-99,-99,-99,3,3,5,10,5,4,-99,-99,-99,-99,-99,-99,-99,-99,-99,-99,-99,-99,-99,-99,-99,-99,6,5,10,13,32,32
E12000002,North West,E08000010,Wigan,E08000010,Wigan,E02001322,Ashton-in-Makerfield West,-99,-99,-99,-99,-99,-99,-99,-99,-99,-99,6,13,14,13,4,4,-99,-99,-99,-99,-99,-99,3,-99,-99,-99,-99,-99,5,-99,-99,-99,4,9,8,24,24
E12000002,North West,E08000010,Wigan,E08000010,Wigan,E02001323,Leigh South,-99,-99,-99,-99,-99,-99,-99,-99,-99,-99,-99,6,8,3,-99,-99,-99,-99,-99,-99,-99,-99,-99,-99,-99,-99,-99,-99,-99,-99,-99,-99,3,8,9,13,13
E12000002,North West,E08000010,Wigan,E08000010,Wigan,E02001324,Golborne,-99,-99,-99,-99,-99,-99,-99,-99,-99,-99,3,9,6,9,-99,3,4,5,-99,-99,-99,-99,-99,-99,-99,-99,-99,-99,-99,-99,-99,4,-99,5,6,18,18
E12000002,North West,E08000010,Wigan,E08000010,Wigan,E02001325,Lowton,-99,-99,-99,-99,-99,-99,-99,-99,4,3,4,6,10,6,5,3,-99,-99,-99,-99,-99,-99,-99,-99,-99,-99,-99,-99,-99,-99,-99,15,6,23,14,25,25
E12000002,North West,E08000010,Wigan,E08000010,Wigan,E02001326,Lowton Common,-99,-99,-99,-99,-99,-99,-99,-99,-99,4,-99,4,6,-99,-99,-99,-99,-99,-99,-99,-99,-99,-99,-99,-99,-99,-99,-99,-99,-99,-99,-99,3,18,18,12,12
E12000002,North West,E08000011,Knowsley,E08000011,Knowsley,E02001327,Kirkby North East,-99,-99,-99,-99,-99,-99,-99,-99,-99,9,-99,-99,7,4,-99,-99,-99,-99,-99,-99,-99,3,-99,-99,-99,-99,-99,-99,-99,-99,4,3,7,13,23,48,48
E12000002,North West,E08000011,Knowsley,E08000011,Knowsley,E02001328,Kirkby North West,-99,-99,-99,-99,-99,-99,-99,-99,-99,6,7,5,5,5,-99,3,-99,3,-99,-99,-99,10,-99,-99,-99,-99,-99,-99,-99,-99,4,7,8,25,53,78,78
E12000002,North West,E08000011,Knowsley,E08000011,Knowsley,E02001329,Kirkby South East,-99,-99,-99,-99,-99,-99,-99,-99,4,-99,4,-99,5,6,4,-99,-99,-99,-99,-99,-99,-99,-99,-99,-99,-99,-99,-99,-99,-99,-99,4,10,20,18,57,57
E12000002,North West,E08000011,Knowsley,E08000011,Knowsley,E02001330,Kirkby South West & Field Lane,-99,-99,-99,-99,-99,-99,-99,-99,-99,6,5,10,8,8,-99,-99,-99,-99,-99,-99,-99,-99,-99,-99,-99,-99,-99,4,-99,-99,-99,6,9,17,35,52,52
E12000002,North West,E08000011,Knowsley,E08000011,Knowsley,E02001331,Knowsley Village & Southdene,-99,-99,-99,-99,-99,-99,-99,-99,-99,7,5,6,7,3,-99,-99,3,-99,3,-99,-99,-99,-99,-99,-99,-99,-99,-99,-99,-99,-99,3,18,29,25,87,87
E12000002,North West,E08000011,Knowsley,E08000011,Knowsley,E02001332,Stockbridge Village,-99,-99,-99,-99,-99,-99,-99,-99,3,5,6,7,7,17,17,7,9,-99,3,-99,-99,-99,-99,-99,-99,-99,-99,-99,-99,-99,-99,-99,12,27,17,46,46
E12000002,North West,E08000011,Knowsley,E08000011,Knowsley,E02001333,Prescot,-99,-99,-99,-99,-99,-99,-99,-99,5,8,15,6,11,10,7,-99,4,-99,-99,-99,-99,-99,-99,-99,-99,-99,-99,-99,-99,-99,-99,5,6,8,27,38,38
E12000002,North West,E08000011,Knowsley,E08000011,Knowsley,E02001334,Page Moss & Fincham,-99,-99,-99,-99,-99,-99,-99,-99,-99,-99,3,4,7,5,-99,3,-99,-99,-99,-99,-99,-99,-99,-99,-99,-99,-99,-99,-99,-99,-99,6,3,8,15,18,18
E12000002,North West,E08000011,Knowsley,E08000011,Knowsley,E02001335,Whiston North,-99,-99,-99,-99,-99,-99,-99,3,6,19,18,11,8,6,5,8,4,3,-99,-99,-99,-99,-99,-99,-99,-99,-99,-99,-99,-99,-99,3,8,14,32,42,42
E12000002,North West,E08000011,Knowsley,E08000011,Knowsley,E02001336,Longview & Knowsley Park,-99,-99,-99,-99,-99,-99,-99,-99,-99,3,5,-99,4,-99,6,-99,3,-99,-99,-99,-99,3,-99,-99,-99,-99,-99,-99,-99,-99,-99,3,-99,15,36,34,34
E12000002,North West,E08000011,Knowsley,E08000011,Knowsley,E02001337,Mosscroft & Bakers Green,-99,-99,-99,-99,-99,-99,-99,-99,-99,5,9,9,8,9,-99,-99,-99,-99,-99,-99,-99,-99,-99,-99,-99,-99,-99,6,-99,-99,-99,-99,7,10,24,42,42
E12000002,North West,E08000011,Knowsley,E08000011,Knowsley,E02001338,Huyton Farm,-99,-99,-99,-99,-99,-99,-99,-99,-99,5,3,3,7,7,15,3,-99,-99,-99,-99,-99,-99,-99,-99,-99,-99,-99,-99,-99,-99,-99,6,7,13,16,27,27
E12000002,North West,E08000011,Knowsley,E08000011,Knowsley,E02001339,Whiston South,-99,-99,-99,-99,-99,-99,-99,-99,-99,12,6,7,6,6,-99,-99,-99,-99,-99,-99,-99,-99,-99,-99,-99,-99,-99,-99,-99,-99,-99,-99,-99,5,10,39,39
E12000002,North West,E08000011,Knowsley,E08000011,Knowsley,E02001340,Court Hey & Swanside,-99,-99,-99,-99,-99,-99,-99,-99,3,4,9,11,-99,5,5,3,-99,6,3,-99,-99,-99,5,-99,-99,-99,-99,-99,-99,-99,-99,4,17,34,35,43,43
E12000002,North West,E08000011,Knowsley,E08000011,Knowsley,E02001341,Huyton East,-99,-99,-99,-99,-99,-99,-99,-99,6,4,8,4,10,7,-99,-99,-99,-99,-99,3,-99,3,3,-99,-99,-99,4,5,-99,-99,-99,9,9,18,24,23,23
E12000002,North West,E08000011,Knowsley,E08000011,Knowsley,E02001342,Huyton West & Roby,-99,-99,-99,-99,-99,-99,-99,-99,-99,8,10,23,8,14,4,-99,-99,-99,-99,-99,-99,-99,-99,-99,-99,-99,-99,-99,-99,-99,-99,4,17,12,29,38,38
E12000002,North West,E08000011,Knowsley,E08000011,Knowsley,E02001343,"Halsnead, Cronton & Halewood East",-99,-99,-99,-99,-99,-99,-99,-99,-99,3,5,-99,3,-99,-99,-99,-99,-99,-99,-99,-99,-99,-99,-99,-99,-99,-99,-99,-99,-99,-99,-99,5,9,21,37,37
E12000002,North West,E08000011,Knowsley,E08000011,Knowsley,E02001344,Halewood North,-99,-99,-99,-99,-99,-99,-99,-99,3,6,7,12,16,6,-99,3,-99,-99,-99,-99,-99,4,4,-99,-99,-99,-99,-99,3,-99,-99,-99,12,16,23,40,40
E12000002,North West,E08000011,Knowsley,E08000011,Knowsley,E02001345,Halewood Central,-99,-99,-99,-99,-99,-99,-99,-99,-99,3,-99,-99,-99,8,3,4,-99,-99,-99,-99,-99,-99,-99,-99,-99,-99,-99,-99,-99,-99,-99,-99,-99,15,18,40,40
E12000002,North West,E08000011,Knowsley,E08000011,Knowsley,E02001346,Halewood South,-99,-99,-99,-99,-99,-99,-99,-99,3,11,5,6,-99,3,-99,-99,-99,-99,-99,-99,-99,-99,-99,-99,-99,-99,-99,-99,-99,-99,-99,7,6,14,24,38,38
E12000002,North West,E08000012,Liverpool,E08000012,Liverpool,E02001347,Fazakerley North,-99,-99,-99,-99,-99,-99,-99,-99,4,6,11,10,12,11,7,-99,-99,5,-99,-99,-99,-99,-99,-99,-99,-99,-99,-99,-99,3,-99,-99,14,17,38,46,46
E12000002,North West,E08000012,Liverpool,E08000012,Liverpool,E02001348,Walton Vale,-99,-99,-99,-99,-99,-99,-99,-99,-99,4,7,4,6,17,5,-99,-99,-99,-99,-99,-99,-99,-99,-99,-99,-99,-99,-99,-99,6,3,-99,9,18,24,61,61
E12000002,North West,E08000012,Liverpool,E08000012,Liverpool,E02001349,Orrell Park,-99,-99,-99,-99,-99,-99,-99,-99,3,-99,5,6,10,4,-99,-99,-99,-99,-99,-99,-99,-99,-99,-99,-99,-99,-99,-99,-99,-99,-99,3,5,20,40,48,48
E12000002,North West,E08000012,Liverpool,E08000012,Liverpool,E02001350,Croxteth West & Gillmoss,-99,-99,-99,-99,-99,-99,-99,-99,7,14,9,11,9,7,-99,-99,-99,-99,-99,3,-99,-99,-99,-99,-99,-99,-99,-99,-99,-99,-99,3,8,16,20,25,25
E12000002,North West,E08000012,Liverpool,E08000012,Liverpool,E02001351,Fazakerley South,-99,-99,-99,-99,-99,-99,-99,-99,-99,11,16,14,9,6,-99,-99,-99,3,-99,-99,3,-99,-99,-99,-99,-99,-99,-99,-99,-99,-99,-99,8,11,47,47,47
E12000002,North West,E08000012,Liverpool,E08000012,Liverpool,E02001352,Walton North,-99,-99,-99,-99,-99,-99,-99,-99,-99,-99,4,-99,4,6,3,-99,-99,-99,-99,-99,-99,-99,-99,-99,-99,-99,-99,-99,-99,3,-99,6,5,9,22,36,36
E12000002,North West,E08000012,Liverpool,E08000012,Liverpool,E02001353,Croxteth East,-99,-99,-99,-99,-99,-99,-99,-99,-99,-99,7,-99,5,3,5,-99,-99,-99,3,-99,-99,-99,-99,-99,-99,-99,-99,-99,-99,-99,-99,-99,9,19,31,43,43
E12000002,North West,E08000012,Liverpool,E08000012,Liverpool,E02001354,Walton East,-99,-99,-99,-99,-99,-99,-99,-99,3,9,5,8,6,-99,4,-99,-99,-99,-99,-99,3,-99,-99,-99,-99,-99,-99,-99,-99,-99,-99,5,8,14,27,49,49
E12000002,North West,E08000012,Liverpool,E08000012,Liverpool,E02001355,Walton Hall,-99,-99,-99,-99,-99,-99,-99,-99,-99,5,4,7,-99,-99,3,-99,3,-99,-99,-99,-99,-99,-99,-99,-99,-99,-99,-99,-99,-99,-99,4,6,10,18,30,30
E12000002,North West,E08000012,Liverpool,E08000012,Liverpool,E02001356,Norris Green East,-99,-99,-99,-99,-99,-99,-99,-99,-99,8,5,3,5,-99,-99,-99,3,-99,-99,-99,-99,-99,-99,-99,-99,-99,-99,-99,-99,-99,-99,-99,11,22,25,39,39
E12000002,North West,E08000012,Liverpool,E08000012,Liverpool,E02001357,Norris Green West,-99,-99,-99,-99,-99,-99,-99,-99,3,6,3,4,4,3,-99,-99,-99,4,-99,-99,-99,-99,-99,-99,-99,-99,-99,-99,-99,-99,-99,8,6,22,21,37,37
E12000002,North West,E08000012,Liverpool,E08000012,Liverpool,E02001358,Walton South,-99,-99,-99,-99,-99,-99,-99,-99,4,8,7,-99,5,9,5,4,6,-99,-99,-99,-99,-99,-99,-99,-99,-99,-99,-99,-99,-99,-99,4,7,12,24,28,28
E12000002,North West,E08000012,Liverpool,E08000012,Liverpool,E02001359,Croxteth Park,-99,-99,-99,-99,-99,-99,-99,-99,-99,3,5,-99,5,3,-99,-99,-99,-99,-99,-99,-99,-99,-99,-99,-99,-99,3,-99,-99,-99,-99,-99,-99,16,15,18,18
E12000002,North West,E08000012,Liverpool,E08000012,Liverpool,E02001360,Kirkdale North,-99,-99,-99,-99,-99,-99,-99,-99,-99,8,4,5,6,4,-99,-99,-99,4,4,-99,-99,-99,-99,-99,-99,-99,-99,-99,-99,-99,-99,6,14,17,42,40,40
E12000002,North West,E08000012,Liverpool,E08000012,Liverpool,E02001361,Anfield North,-99,-99,-99,-99,-99,-99,-99,-99,4,5,10,3,3,4,4,-99,5,-99,-99,-99,-99,-99,-99,-99,-99,-99,-99,-99,-99,-99,-99,3,5,11,38,48,48
E12000002,North West,E08000012,Liverpool,E08000012,Liverpool,E02001362,Muirhead Avenue,-99,-99,-99,-99,-99,-99,-99,-99,4,11,9,9,6,4,-99,4,-99,4,-99,-99,-99,3,-99,-99,-99,-99,-99,3,-99,-99,-99,4,12,22,37,41,41
E12000002,North West,E08000012,Liverpool,E08000012,Liverpool,E02001363,Yewtree,-99,-99,-99,-99,-99,-99,-99,-99,4,-99,5,6,4,3,3,3,3,3,-99,-99,-99,-99,-99,-99,-99,-99,-99,-99,-99,-99,-99,-99,10,18,14,30,30
E12000002,North West,E08000012,Liverpool,E08000012,Liverpool,E02001364,Anfield West,-99,-99,-99,-99,-99,-99,-99,4,3,-99,-99,6,6,3,-99,3,4,3,-99,-99,-99,-99,-99,-99,-99,-99,-99,-99,-99,3,-99,-99,-99,-99,11,30,30
E12000002,North West,E08000012,Liverpool,E08000012,Liverpool,E02001365,Anfield East,-99,-99,-99,-99,-99,-99,-99,-99,4,6,8,4,4,4,4,4,-99,-99,4,-99,-99,-99,-99,-99,-99,-99,-99,-99,-99,-99,-99,-99,6,13,18,27,27
E12000002,North West,E08000012,Liverpool,E08000012,Liverpool,E02001366,Tuebrook,-99,-99,-99,-99,-99,-99,-99,-99,-99,5,5,7,-99,-99,-99,3,-99,-99,-99,-99,-99,-99,-99,-99,-99,-99,-99,-99,-99,-99,-99,7,9,23,38,40,40
E12000002,North West,E08000012,Liverpool,E08000012,Liverpool,E02001367,Sandfield Park & Holly Lodge,-99,-99,-99,-99,-99,-99,-99,-99,3,6,8,4,-99,12,4,-99,-99,3,-99,-99,-99,-99,-99,-99,-99,-99,-99,-99,-99,-99,-99,5,12,28,41,27,27
E12000002,North West,E08000012,Liverpool,E08000012,Liverpool,E02001368,Kirkdale South & Vauxhall,-99,-99,-99,-99,-99,-99,-99,-99,3,7,4,3,4,7,-99,-99,-99,-99,-99,-99,3,-99,-99,-99,-99,-99,-99,-99,-99,-99,-99,3,12,24,23,62,62
E12000002,North West,E08000012,Liverpool,E08000012,Liverpool,E02001369,Everton West,-99,-99,-99,-99,-99,-99,-99,-99,5,4,7,5,3,3,-99,-99,-99,-99,-99,-99,-99,-99,4,-99,-99,-99,3,-99,-99,-99,3,7,10,9,33,55,55
E12000002,North West,E08000012,Liverpool,E08000012,Liverpool,E02001370,Everton East,-99,-99,-99,-99,-99,-99,-99,4,3,7,3,3,-99,8,-99,6,-99,3,-99,-99,-99,-99,-99,-99,-99,-99,-99,-99,-99,-99,-99,5,9,6,15,22,22
E12000002,North West,E08000012,Liverpool,E08000012,Liverpool,E02001371,Knotty Ash,-99,-99,-99,-99,-99,-99,-99,-99,7,5,11,16,7,8,-99,3,6,3,-99,-99,-99,-99,-99,-99,-99,-99,-99,-99,-99,-99,-99,5,6,11,21,35,35
E12000002,North West,E08000012,Liverpool,E08000012,Liverpool,E02001372,Dovecot,-99,-99,-99,-99,-99,-99,-99,-99,-99,4,9,6,4,5,23,8,-99,-99,-99,-99,3,-99,-99,-99,-99,-99,-99,-99,-99,-99,-99,4,3,10,28,35,35
E12000002,North West,E08000012,Liverpool,E08000012,Liverpool,E02001373,Fairfield East,-99,-99,-99,-99,-99,-99,-99,-99,3,3,4,-99,4,4,-99,-99,-99,-99,-99,-99,-99,-99,-99,-99,-99,-99,-99,-99,-99,4,-99,9,8,23,27,34,34
E12000002,North West,E08000012,Liverpool,E08000012,Liverpool,E02001374,Fairfield West & Newsham Park,-99,-99,-99,-99,-99,-99,-99,-99,-99,-99,5,5,8,-99,-99,-99,-99,-99,-99,-99,-99,-99,4,-99,-99,-99,3,-99,-99,3,-99,4,9,9,19,31,31
E12000002,North West,E08000012,Liverpool,E08000012,Liverpool,E02001375,Stoneycroft,-99,-99,-99,-99,-99,-99,-99,-99,4,5,11,-99,-99,-99,-99,-99,-99,-99,-99,-99,-99,-99,-99,-99,-99,-99,-99,-99,-99,-99,-99,3,7,20,25,20,20
E12000002,North West,E08000012,Liverpool,E08000012,Liverpool,E02001376,Kensington,-99,-99,-99,-99,-99,-99,-99,-99,-99,6,5,-99,3,7,6,5,3,-99,-99,-99,-99,-99,-99,-99,-99,-99,-99,-99,3,-99,-99,5,11,17,37,59,59
E12000002,North West,E08000012,Liverpool,E08000012,Liverpool,E02001377,Edge Hill,-99,-99,-99,-99,-99,-99,-99,-99,-99,4,6,6,5,7,6,3,-99,-99,-99,-99,-99,-99,-99,-99,-99,-99,4,-99,-99,3,6,-99,15,23,26,100,100
E12000002,North West,E08000012,Liverpool,E08000012,Liverpool,E02001378,Wavertree East,-99,-99,-99,-99,-99,-99,-99,-99,5,5,7,8,7,10,5,3,-99,-99,-99,-99,-99,-99,-99,-99,-99,-99,-99,-99,-99,-99,-99,-99,12,23,38,45,45
E12000002,North West,E08000012,Liverpool,E08000012,Liverpool,E02001380,Broad Green,-99,-99,-99,-99,-99,-99,-99,3,5,14,8,-99,3,3,-99,-99,-99,-99,-99,-99,-99,-99,3,-99,-99,-99,-99,-99,-99,-99,-99,4,8,15,34,46,46
E12000002,North West,E08000012,Liverpool,E08000012,Liverpool,E02001381,Wavertree West,-99,-99,-99,-99,-99,-99,-99,-99,-99,7,4,5,3,3,-99,3,3,-99,-99,-99,-99,-99,-99,-99,-99,-99,-99,4,3,-99,-99,8,4,25,33,37,37
E12000002,North West,E08000012,Liverpool,E08000012,Liverpool,E02001382,Childwall East,-99,-99,-99,-99,-99,-99,-99,-99,4,11,7,3,-99,-99,-99,3,-99,-99,-99,-99,-99,-99,3,-99,-99,-99,-99,-99,-99,-99,-99,-99,6,12,12,26,26
E12000002,North West,E08000012,Liverpool,E08000012,Liverpool,E02001383,"Chinatown, St James & Georgian Quarter",-99,-99,-99,-99,-99,-99,-99,-99,3,5,3,4,3,6,-99,-99,-99,-99,-99,-99,-99,-99,-99,-99,-99,-99,3,-99,3,-99,4,9,12,13,23,48,48
E12000002,North West,E08000012,Liverpool,E08000012,Liverpool,E02001384,Wavertree South,-99,-99,-99,-99,-99,-99,-99,-99,-99,3,6,5,-99,-99,-99,3,3,-99,-99,-99,-99,-99,-99,-99,-99,-99,-99,-99,-99,4,-99,5,21,28,52,98,98
E12000002,North West,E08000012,Liverpool,E08000012,Liverpool,E02001385,Toxteth Park,-99,-99,-99,-99,-99,-99,-99,-99,-99,6,7,-99,4,4,4,3,-99,-99,3,-99,-99,-99,-99,-99,3,12,18,14,4,4,4,-99,9,7,15,19,19
E12000002,North West,E08000012,Liverpool,E08000012,Liverpool,E02001386,Belle Vale,-99,-99,-99,-99,-99,-99,-99,-99,7,7,7,5,4,4,-99,-99,4,-99,-99,-99,-99,-99,3,-99,-99,-99,-99,-99,-99,-99,-99,3,13,12,25,34,34
E12000002,North West,E08000012,Liverpool,E08000012,Liverpool,E02001387,Childwall West & Wavertree Green,-99,-99,-99,-99,-99,-99,-99,-99,4,6,10,6,5,-99,3,-99,-99,-99,-99,-99,-99,-99,5,3,-99,-99,-99,-99,-99,-99,4,4,4,15,32,80,80
E12000002,North West,E08000012,Liverpool,E08000012,Liverpool,E02001388,Wavertree Penny Lane,-99,-99,-99,-99,-99,-99,-99,-99,4,6,5,4,4,4,3,-99,-99,-99,-99,-99,-99,-99,-99,-99,-99,-99,-99,-99,-99,3,-99,4,15,41,40,56,56
E12000002,North West,E08000012,Liverpool,E08000012,Liverpool,E02001389,Princes Park,-99,-99,-99,-99,-99,-99,-99,-99,4,3,6,-99,7,-99,-99,-99,7,-99,-99,-99,-99,-99,-99,-99,-99,6,-99,-99,-99,-99,-99,-99,5,11,13,22,22
E12000002,North West,E08000012,Liverpool,E08000012,Liverpool,E02001390,Toxteth,-99,-99,-99,-99,-99,-99,-99,3,6,3,3,3,6,8,5,9,-99,6,-99,-99,-99,4,-99,-99,-99,-99,-99,-99,4,-99,4,6,26,25,28,43,43
E12000002,North West,E08000012,Liverpool,E08000012,Liverpool,E02001391,Netherley,-99,-99,-99,-99,-99,-99,-99,-99,-99,4,8,3,4,4,4,3,-99,-99,-99,-99,-99,3,3,-99,-99,-99,-99,-99,-99,-99,-99,6,10,7,21,29,29
E12000002,North West,E08000012,Liverpool,E08000012,Liverpool,E02001392,Gateacre,-99,-99,-99,-99,-99,-99,-99,-99,4,7,3,-99,-99,3,-99,-99,-99,3,-99,-99,-99,-99,-99,-99,-99,-99,-99,-99,-99,-99,-99,6,7,14,21,28,28
E12000002,North West,E08000012,Liverpool,E08000012,Liverpool,E02001393,Calderstones,-99,-99,-99,-99,-99,-99,-99,-99,-99,4,7,4,-99,-99,-99,-99,-99,-99,-99,-99,-99,-99,-99,-99,-99,-99,-99,-99,-99,-99,-99,10,12,13,38,45,45
E12000002,North West,E08000012,Liverpool,E08000012,Liverpool,E02001394,Mossley Hill West & Sefton Park,-99,-99,-99,-99,-99,-99,-99,-99,7,8,10,4,6,4,-99,-99,-99,-99,-99,-99,-99,-99,-99,-99,-99,-99,3,-99,-99,-99,-99,6,10,16,24,35,35
E12000002,North West,E08000012,Liverpool,E08000012,Liverpool,E02001395,Mossley Hill East,-99,-99,-99,-99,-99,-99,-99,-99,-99,3,3,3,3,4,-99,3,-99,-99,-99,-99,-99,-99,-99,-99,-99,-99,-99,-99,-99,-99,-99,5,9,12,22,26,26
E12000002,North West,E08000012,Liverpool,E08000012,Liverpool,E02001396,Dingle,-99,-99,-99,-99,-99,-99,-99,3,4,3,7,-99,-99,5,-99,-99,-99,-99,-99,-99,-99,-99,-99,-99,-99,-99,-99,-99,-99,-99,-99,8,11,7,22,26,26
E12000002,North West,E08000012,Liverpool,E08000012,Liverpool,E02001397,Woolton,-99,-99,-99,-99,-99,-99,-99,-99,5,7,4,3,-99,-99,-99,4,-99,-99,-99,-99,-99,-99,3,-99,-99,-99,-99,-99,-99,3,-99,6,13,13,17,24,24
E12000002,North West,E08000012,Liverpool,E08000012,Liverpool,E02001398,St Michael's & Otterspool,-99,-99,-99,-99,-99,-99,-99,-99,5,8,4,6,3,-99,-99,-99,-99,-99,-99,-99,-99,-99,-99,-99,-99,-99,-99,-99,-99,-99,-99,-99,6,16,30,37,37
E12000002,North West,E08000012,Liverpool,E08000012,Liverpool,E02001399,West Allerton,-99,-99,-99,-99,-99,-99,-99,-99,-99,5,5,-99,3,-99,-99,-99,-99,-99,-99,-99,-99,-99,-99,-99,-99,-99,-99,-99,-99,-99,3,-99,10,25,19,54,54
E12000002,North West,E08000012,Liverpool,E08000012,Liverpool,E02001400,Allerton,-99,-99,-99,-99,-99,-99,-99,-99,-99,5,4,-99,4,-99,-99,-99,4,-99,-99,-99,-99,-99,-99,-99,-99,5,-99,-99,-99,3,-99,8,13,15,28,36,36
E12000002,North West,E08000012,Liverpool,E08000012,Liverpool,E02001401,Hunts Cross,-99,-99,-99,-99,-99,-99,-99,-99,3,4,-99,3,-99,-99,-99,3,-99,-99,-99,-99,-99,-99,-99,-99,-99,-99,-99,-99,-99,-99,-99,9,14,14,23,36,36
E12000002,North West,E08000012,Liverpool,E08000012,Liverpool,E02001402,Aigburth & Grassendale,-99,-99,-99,-99,-99,-99,-99,-99,5,9,7,6,5,3,3,-99,-99,-99,-99,-99,-99,-99,-99,-99,-99,-99,-99,-99,3,-99,3,9,7,17,29,48,48
E12000002,North West,E08000012,Liverpool,E08000012,Liverpool,E02001403,Garston,-99,-99,-99,-99,-99,-99,-99,-99,-99,5,-99,4,-99,-99,-99,-99,-99,-99,-99,-99,-99,-99,-99,-99,-99,-99,-99,-99,-99,-99,-99,3,6,14,25,49,49
E12000002,North West,E08000012,Liverpool,E08000012,Liverpool,E02001404,Speke West & Airport,-99,-99,-99,-99,-99,-99,-99,-99,-99,3,3,5,3,-99,-99,3,-99,-99,-99,-99,-99,-99,-99,-99,-99,-99,-99,-99,-99,-99,-99,3,13,23,33,57,57
E12000002,North West,E08000012,Liverpool,E08000012,Liverpool,E02001405,Speke East,-99,-99,-99,-99,-99,-99,-99,4,4,4,5,3,8,8,3,5,-99,-99,-99,-99,-99,-99,-99,-99,-99,-99,-99,-99,-99,-99,-99,6,7,26,35,46,46
E12000002,North West,E08000013,St. Helens,E08000013,St. Helens,E02001406,Rainford,-99,-99,-99,-99,-99,-99,-99,-99,3,6,6,-99,9,3,-99,-99,-99,-99,-99,-99,-99,-99,-99,-99,-99,-99,-99,-99,-99,-99,-99,3,11,5,22,12,12
E12000002,North West,E08000013,St. Helens,E08000013,St. Helens,E02001407,Billinge,-99,-99,-99,-99,-99,-99,-99,-99,-99,6,4,6,6,-99,-99,-99,-99,-99,-99,-99,-99,-99,-99,-99,-99,-99,-99,-99,-99,-99,-99,-99,-99,3,18,16,16
E12000002,North West,E08000013,St. Helens,E08000013,St. Helens,E02001408,Garswood,-99,-99,-99,-99,-99,-99,-99,-99,3,-99,-99,-99,3,3,-99,3,3,-99,-99,-99,-99,-99,-99,-99,-99,-99,-99,-99,-99,-99,-99,-99,-99,10,7,14,14
E12000002,North West,E08000013,St. Helens,E08000013,St. Helens,E02001409,Moss Bank,-99,-99,-99,-99,-99,-99,-99,-99,5,9,5,4,11,3,-99,4,3,3,-99,-99,-99,-99,-99,-99,-99,-99,-99,-99,-99,-99,-99,5,3,-99,29,35,35
E12000002,North West,E08000013,St. Helens,E08000013,St. Helens,E02001410,Haydock East,-99,-99,-99,-99,-99,-99,-99,-99,5,4,-99,10,10,11,-99,4,-99,-99,-99,-99,-99,-99,-99,-99,-99,-99,-99,-99,-99,-99,-99,4,5,7,4,9,9
E12000002,North West,E08000013,St. Helens,E08000013,St. Helens,E02001411,Haydock West,-99,-99,-99,-99,-99,-99,-99,-99,-99,4,3,6,9,4,6,8,-99,-99,-99,-99,-99,-99,-99,-99,-99,-99,-99,-99,-99,-99,-99,4,-99,10,21,16,16
E12000002,North West,E08000013,St. Helens,E08000013,St. Helens,E02001412,Windle & Dunton's Green,-99,-99,-99,-99,-99,-99,-99,-99,5,9,4,6,4,5,-99,-99,5,-99,-99,-99,-99,-99,-99,-99,-99,-99,-99,4,-99,-99,-99,-99,3,13,29,37,37
E12000002,North West,E08000013,St. Helens,E08000013,St. Helens,E02001413,Blackbrook,-99,-99,-99,-99,-99,-99,-99,-99,4,9,8,10,8,8,-99,4,3,-99,-99,-99,-99,3,-99,-99,-99,-99,-99,-99,-99,-99,-99,5,5,10,20,37,37
E12000002,North West,E08000013,St. Helens,E08000013,St. Helens,E02001414,Eccleston,-99,-99,-99,-99,-99,-99,-99,-99,-99,3,4,-99,-99,-99,-99,-99,-99,-99,-99,-99,-99,-99,-99,-99,-99,-99,-99,-99,-99,-99,-99,-99,6,9,26,17,17
E12000002,North West,E08000013,St. Helens,E08000013,St. Helens,E02001415,Earlestown North,-99,-99,-99,-99,-99,-99,-99,-99,-99,5,4,-99,4,-99,-99,-99,-99,-99,-99,-99,-99,-99,-99,-99,-99,-99,3,-99,-99,-99,3,9,24,16,17,33,33
E12000002,North West,E08000013,St. Helens,E08000013,St. Helens,E02001416,Broad Oak,-99,-99,-99,-99,-99,-99,-99,-99,-99,11,-99,11,15,3,-99,-99,4,-99,-99,-99,-99,-99,-99,-99,-99,-99,-99,4,-99,-99,-99,4,6,5,12,16,16
E12000002,North West,E08000013,St. Helens,E08000013,St. Helens,E02001417,Town Centre West,-99,-99,-99,-99,-99,-99,-99,-99,4,4,7,5,12,7,7,5,-99,-99,-99,-99,-99,-99,-99,-99,-99,-99,-99,-99,-99,-99,-99,-99,-99,5,25,14,14
E12000002,North West,E08000013,St. Helens,E08000013,St. Helens,E02001418,Earlestown South,-99,-99,-99,-99,-99,-99,-99,-99,4,6,6,4,6,-99,-99,3,-99,-99,3,-99,-99,-99,-99,-99,-99,-99,-99,-99,-99,3,-99,7,14,16,11,10,10
E12000002,North West,E08000013,St. Helens,E08000013,St. Helens,E02001419,Town Centre East & Fingerpost,-99,-99,-99,-99,-99,-99,-99,-99,-99,8,9,12,25,8,-99,4,7,3,-99,-99,-99,4,-99,-99,-99,-99,-99,-99,-99,-99,-99,-99,-99,8,13,22,22
E12000002,North West,E08000013,St. Helens,E08000013,St. Helens,E02001420,Newton-le-Willows,-99,-99,-99,-99,-99,-99,-99,-99,6,6,6,10,11,15,-99,-99,-99,4,-99,-99,-99,-99,-99,-99,-99,-99,-99,-99,-99,-99,-99,21,34,23,20,17,17
E12000002,North West,E08000013,St. Helens,E08000013,St. Helens,E02001421,West Park,-99,-99,-99,-99,-99,-99,-99,-99,-99,8,11,9,4,4,-99,7,-99,-99,-99,-99,-99,-99,-99,-99,-99,-99,-99,4,-99,3,3,-99,11,6,35,41,41
E12000002,North West,E08000013,St. Helens,E08000013,St. Helens,E02001422,Derbyshire Hill,-99,-99,-99,-99,-99,-99,-99,-99,6,6,4,8,20,4,6,-99,-99,-99,-99,-99,-99,-99,-99,-99,-99,-99,-99,-99,-99,-99,-99,-99,3,7,13,23,23
E12000002,North West,E08000013,St. Helens,E08000013,St. Helens,E02001423,Eccleston Park,-99,-99,-99,-99,-99,-99,-99,-99,4,8,8,5,6,5,-99,4,-99,-99,-99,-99,-99,-99,-99,-99,-99,-99,-99,6,-99,-99,-99,-99,6,14,23,31,31
E12000002,North West,E08000013,St. Helens,E08000013,St. Helens,E02001424,Thatto Heath & Lea Green,-99,-99,-99,-99,-99,-99,-99,-99,7,15,10,19,27,25,6,4,3,-99,-99,-99,-99,-99,-99,-99,-99,-99,-99,3,-99,-99,-99,7,23,26,32,66,66
E12000002,North West,E08000013,St. Helens,E08000013,St. Helens,E02001425,Sutton Leach,-99,-99,-99,-99,-99,-99,-99,-99,3,18,8,11,15,4,5,4,-99,-99,-99,-99,-99,-99,-99,-99,-99,-99,-99,-99,-99,-99,-99,4,10,16,12,42,42
E12000002,North West,E08000013,St. Helens,E08000013,St. Helens,E02001426,Rainhill North,-99,-99,-99,-99,-99,-99,-99,-99,5,3,7,11,9,5,-99,6,-99,-99,-99,-99,-99,-99,-99,-99,-99,-99,-99,-99,-99,-99,-99,3,4,3,23,22,22
E12000002,North West,E08000013,St. Helens,E08000013,St. Helens,E02001427,Bold & Clock Face,-99,-99,-99,-99,-99,-99,-99,3,6,8,6,7,14,10,3,6,3,-99,-99,-99,-99,-99,-99,-99,-99,-99,-99,-99,-99,-99,-99,5,9,9,29,47,47
E12000002,North West,E08000013,St. Helens,E08000013,St. Helens,E02001428,Rainhill South,-99,-99,-99,-99,-99,-99,-99,-99,3,17,6,-99,3,-99,-99,3,-99,-99,-99,-99,-99,-99,-99,-99,-99,-99,-99,-99,-99,-99,-99,-99,6,12,18,24,24
E12000002,North West,E08000014,Sefton,E08000014,Sefton,E02001429,Crossens,-99,-99,-99,-99,-99,-99,-99,-99,5,-99,4,12,7,3,5,3,-99,-99,-99,-99,-99,-99,-99,-99,-99,-99,-99,-99,-99,-99,3,-99,3,4,9,15,15
E12000002,North West,E08000014,Sefton,E08000014,Sefton,E02001430,Marshside,-99,-99,-99,-99,-99,-99,-99,-99,-99,5,5,5,4,4,3,-99,-99,-99,-99,-99,-99,-99,-99,-99,-99,-99,-99,-99,-99,-99,-99,-99,-99,7,4,16,16
E12000002,North West,E08000014,Sefton,E08000014,Sefton,E02001431,Hesketh Park,-99,-99,-99,-99,-99,-99,-99,-99,4,10,7,7,11,6,5,10,-99,8,-99,7,-99,-99,-99,3,-99,-99,-99,-99,-99,-99,-99,4,6,5,11,14,14
E12000002,North West,E08000014,Sefton,E08000014,Sefton,E02001432,Southport Waterfront,-99,-99,-99,-99,-99,-99,-99,-99,3,14,5,3,8,10,6,-99,-99,4,4,3,-99,-99,-99,-99,-99,-99,-99,-99,-99,3,-99,6,-99,10,11,13,13
E12000002,North West,E08000014,Sefton,E08000014,Sefton,E02001433,Southport High Park,-99,-99,-99,-99,-99,-99,-99,-99,4,7,9,7,10,5,5,4,4,-99,3,-99,-99,-99,-99,-99,-99,-99,-99,-99,-99,-99,3,-99,-99,3,10,9,9
E12000002,North West,E08000014,Sefton,E08000014,Sefton,E02001434,Meols Cop,-99,-99,-99,-99,-99,-99,-99,-99,-99,9,11,12,12,-99,3,5,6,-99,3,-99,-99,-99,-99,4,-99,-99,-99,-99,-99,-99,-99,3,7,15,9,14,14
E12000002,North West,E08000014,Sefton,E08000014,Sefton,E02001435,Southport South,-99,-99,-99,-99,-99,-99,-99,3,3,-99,4,5,7,7,3,3,5,-99,-99,-99,-99,-99,-99,-99,-99,-99,-99,-99,-99,-99,-99,8,-99,6,6,22,22
E12000002,North West,E08000014,Sefton,E08000014,Sefton,E02001436,Southport Kew,-99,-99,-99,-99,-99,-99,-99,-99,-99,6,10,19,10,5,8,-99,3,-99,-99,3,-99,-99,-99,-99,-99,4,-99,-99,-99,-99,-99,3,3,7,23,15,15
E12000002,North West,E08000014,Sefton,E08000014,Sefton,E02001437,Birkdale,-99,-99,-99,-99,-99,-99,-99,-99,10,14,5,10,-99,9,7,4,-99,4,-99,3,-99,-99,-99,-99,3,-99,-99,-99,3,-99,-99,-99,-99,8,19,27,27
E12000002,North West,E08000014,Sefton,E08000014,Sefton,E02001438,Hillside,-99,-99,-99,-99,-99,-99,-99,-99,-99,6,5,5,5,5,6,-99,-99,-99,-99,-99,-99,-99,-99,-99,-99,-99,-99,-99,4,-99,3,-99,-99,5,13,12,12
E12000002,North West,E08000014,Sefton,E08000014,Sefton,E02001439,Ainsdale East,-99,-99,-99,-99,-99,-99,-99,-99,4,5,8,6,3,-99,3,-99,-99,-99,-99,-99,-99,-99,-99,-99,-99,-99,-99,-99,-99,-99,-99,-99,3,5,7,11,11
E12000002,North West,E08000014,Sefton,E08000014,Sefton,E02001440,Ainsdale West,-99,-99,-99,-99,-99,-99,-99,-99,-99,5,5,4,5,-99,-99,-99,-99,-99,-99,-99,-99,-99,-99,-99,-99,-99,-99,-99,-99,-99,-99,4,-99,5,4,19,19
E12000002,North West,E08000014,Sefton,E08000014,Sefton,E02001441,Formby West & Freshfield North,-99,-99,-99,-99,-99,-99,-99,-99,-99,6,5,-99,3,5,-99,-99,-99,-99,-99,-99,-99,-99,-99,-99,-99,-99,-99,-99,-99,-99,-99,-99,3,8,8,21,21
E12000002,North West,E08000014,Sefton,E08000014,Sefton,E02001442,Formby Central & Freshfield South,-99,-99,-99,-99,-99,-99,-99,-99,-99,5,-99,3,-99,5,-99,-99,-99,-99,-99,-99,-99,-99,-99,-99,-99,-99,-99,-99,-99,3,-99,-99,3,8,14,29,29
E12000002,North West,E08000014,Sefton,E08000014,Sefton,E02001443,Formby South West,-99,-99,-99,-99,-99,-99,-99,-99,5,-99,-99,-99,-99,-99,3,-99,-99,-99,-99,-99,-99,-99,-99,-99,-99,-99,-99,-99,-99,-99,-99,-99,5,4,12,13,13
E12000002,North West,E08000014,Sefton,E08000014,Sefton,E02001444,Formby South East & Ince Blundell,-99,-99,-99,-99,-99,-99,-99,-99,-99,3,-99,3,-99,-99,5,3,-99,-99,-99,-99,-99,-99,-99,-99,-99,-99,-99,-99,-99,-99,-99,-99,3,7,15,27,27
E12000002,North West,E08000014,Sefton,E08000014,Sefton,E02001445,Maghull North West & Lydiate,-99,-99,-99,-99,-99,-99,-99,-99,-99,7,5,8,6,-99,-99,-99,4,-99,-99,-99,-99,-99,-99,-99,-99,-99,-99,-99,-99,-99,-99,3,-99,11,26,34,34
E12000002,North West,E08000014,Sefton,E08000014,Sefton,E02001446,Maghull North East,-99,-99,-99,-99,-99,-99,-99,-99,4,8,4,6,3,4,-99,-99,-99,-99,-99,-99,-99,-99,-99,-99,-99,-99,-99,-99,-99,-99,-99,3,4,10,20,28,28
E12000002,North West,E08000014,Sefton,E08000014,Sefton,E02001447,Maghull South East,-99,-99,-99,-99,-99,-99,-99,-99,-99,5,4,3,4,-99,-99,-99,-99,-99,-99,-99,-99,-99,-99,-99,3,-99,-99,-99,-99,-99,-99,3,3,-99,12,17,17
E12000002,North West,E08000014,Sefton,E08000014,Sefton,E02001448,Maghull South West,-99,-99,-99,-99,-99,-99,-99,-99,3,3,6,9,-99,8,-99,-99,-99,-99,-99,-99,-99,-99,-99,3,-99,-99,-99,-99,-99,4,-99,-99,4,6,22,36,36
E12000002,North West,E08000014,Sefton,E08000014,Sefton,E02001449,Hightown & Thornton,-99,-99,-99,-99,-99,-99,-99,-99,-99,7,9,6,6,8,3,4,-99,-99,-99,-99,-99,-99,-99,-99,-99,-99,-99,-99,-99,-99,6,4,4,7,18,32,32
E12000002,North West,E08000014,Sefton,E08000014,Sefton,E02001450,Blundellsands,-99,-99,-99,-99,-99,-99,-99,-99,4,5,4,3,-99,-99,-99,3,-99,-99,-99,-99,-99,-99,-99,-99,-99,-99,-99,-99,3,-99,3,4,8,14,20,39,39
E12000002,North West,E08000014,Sefton,E08000014,Sefton,E02001451,Netherton North,-99,-99,-99,-99,-99,-99,-99,-99,-99,7,6,5,9,-99,-99,-99,3,3,-99,-99,-99,-99,-99,-99,-99,-99,-99,-99,-99,-99,-99,6,3,10,23,36,36
E12000002,North West,E08000014,Sefton,E08000014,Sefton,E02001452,Ford,-99,-99,-99,-99,-99,-99,-99,-99,-99,6,5,6,5,-99,-99,-99,-99,-99,-99,-99,-99,-99,-99,-99,-99,-99,-99,-99,-99,-99,-99,-99,-99,6,26,29,29
E12000002,North West,E08000014,Sefton,E08000014,Sefton,E02001453,Crosby East,-99,-99,-99,-99,-99,-99,-99,-99,3,-99,8,7,5,4,-99,-99,-99,-99,-99,-99,-99,-99,-99,-99,-99,-99,-99,-99,-99,3,3,5,3,11,25,52,52
E12000002,North West,E08000014,Sefton,E08000014,Sefton,E02001454,Aintree East & Waddicar,-99,-99,-99,-99,-99,-99,3,-99,-99,4,5,3,3,-99,3,-99,-99,-99,-99,-99,-99,-99,-99,-99,3,-99,-99,-99,-99,-99,-99,4,4,17,21,42,42
E12000002,North West,E08000014,Sefton,E08000014,Sefton,E02001455,Aintree West & Old Roan,-99,-99,-99,-99,-99,-99,-99,-99,-99,4,7,-99,3,3,-99,-99,-99,-99,-99,-99,-99,-99,-99,-99,-99,-99,-99,-99,-99,-99,-99,3,6,9,22,42,42
E12000002,North West,E08000014,Sefton,E08000014,Sefton,E02001456,Brighton le Sands & Crosby West,-99,-99,-99,-99,-99,-99,-99,-99,-99,7,-99,4,4,7,-99,-99,-99,-99,-99,-99,-99,-99,-99,-99,-99,-99,-99,-99,-99,-99,-99,-99,-99,10,16,27,27
E12000002,North West,E08000014,Sefton,E08000014,Sefton,E02001457,Netherton South,-99,-99,-99,-99,-99,-99,-99,-99,-99,-99,3,8,4,7,5,-99,-99,-99,-99,-99,-99,-99,-99,-99,-99,-99,-99,-99,-99,-99,-99,4,7,8,13,19,19
E12000002,North West,E08000014,Sefton,E08000014,Sefton,E02001458,Waterloo,-99,-99,-99,-99,-99,-99,-99,-99,-99,3,5,7,-99,3,-99,-99,-99,-99,-99,-99,-99,-99,-99,-99,-99,-99,-99,-99,-99,-99,-99,7,6,14,17,39,39
E12000002,North West,E08000014,Sefton,E08000014,Sefton,E02001459,Litherland North,-99,-99,-99,-99,-99,-99,-99,-99,-99,4,4,-99,3,-99,-99,-99,-99,-99,-99,-99,-99,-99,-99,-99,-99,-99,-99,5,-99,-99,-99,-99,7,13,20,29,29
E12000002,North West,E08000014,Sefton,E08000014,Sefton,E02001460,Seaforth North,-99,-99,-99,-99,-99,-99,-99,-99,3,4,9,5,4,5,-99,-99,4,-99,-99,-99,-99,-99,-99,-99,-99,-99,-99,-99,-99,-99,-99,-99,-99,8,15,30,30
E12000002,North West,E08000014,Sefton,E08000014,Sefton,E02001461,Litherland South,-99,-99,-99,-99,-99,-99,-99,-99,-99,5,3,3,4,3,4,6,5,-99,-99,-99,-99,-99,-99,-99,-99,-99,-99,-99,-99,-99,-99,4,7,12,33,28,28
E12000002,North West,E08000014,Sefton,E08000014,Sefton,E02001462,Seaforth South,-99,-99,-99,-99,-99,-99,-99,-99,-99,6,3,7,6,-99,-99,4,-99,-99,-99,-99,-99,-99,-99,-99,-99,-99,-99,-99,-99,-99,-99,3,5,11,16,18,18
E12000002,North West,E08000014,Sefton,E08000014,Sefton,E02001463,Orrell,-99,-99,-99,-99,-99,-99,-99,-99,-99,7,5,3,3,5,3,-99,-99,-99,-99,-99,-99,-99,-99,-99,-99,-99,-99,-99,-99,3,3,3,4,10,22,30,30
E12000002,North West,E08000014,Sefton,E08000014,Sefton,E02001464,Bootle North,-99,-99,-99,-99,-99,-99,-99,-99,-99,11,5,9,-99,7,3,3,3,-99,-99,-99,-99,-99,-99,-99,-99,-99,-99,-99,-99,-99,-99,-99,7,8,16,29,29
E12000002,North West,E08000014,Sefton,E08000014,Sefton,E02001465,Bootle South,-99,-99,-99,-99,-99,-99,-99,-99,4,6,5,5,9,4,4,-99,5,-99,-99,-99,3,-99,-99,-99,-99,-99,-99,-99,-99,-99,-99,3,8,23,18,30,30
E12000002,North West,E08000014,Sefton,E08000014,Sefton,E02001466,Bootle East,-99,-99,-99,-99,-99,-99,-99,-99,-99,4,7,5,-99,7,6,3,-99,-99,3,-99,-99,-99,5,-99,-99,-99,-99,-99,3,-99,4,4,18,20,31,26,26
E12000002,North West,E08000015,Wirral,E08000015,Wirral,E02001467,New Brighton,-99,-99,-99,-99,-99,-99,-99,-99,3,5,5,8,6,4,5,5,-99,-99,-99,-99,-99,-99,-99,-99,-99,-99,-99,-99,-99,3,8,-99,3,9,11,12,12
E12000002,North West,E08000015,Wirral,E08000015,Wirral,E02001468,Wallasey East,-99,-99,-99,-99,-99,-99,-99,-99,-99,6,11,13,-99,6,-99,6,-99,-99,-99,-99,-99,-99,-99,-99,-99,-99,-99,-99,-99,-99,-99,6,-99,11,17,23,23
E12000002,North West,E08000015,Wirral,E08000015,Wirral,E02001469,Wallasey Village,-99,-99,-99,-99,-99,-99,-99,-99,3,6,3,3,6,4,-99,-99,-99,-99,-99,-99,-99,-99,-99,-99,-99,-99,-99,-99,-99,-99,7,5,8,22,16,15,15
E12000002,North West,E08000015,Wirral,E08000015,Wirral,E02001470,Wallasey Central,-99,-99,-99,-99,-99,-99,-99,-99,-99,3,-99,-99,3,3,-99,-99,-99,-99,-99,-99,-99,-99,-99,3,-99,-99,-99,-99,-99,-99,4,5,7,22,25,33,33
E12000002,North West,E08000015,Wirral,E08000015,Wirral,E02001471,Egremont,-99,-99,-99,-99,-99,-99,-99,-99,-99,6,3,3,4,3,-99,-99,-99,-99,-99,-99,-99,-99,-99,-99,-99,-99,-99,-99,-99,-99,-99,-99,5,13,23,22,22
E12000002,North West,E08000015,Wirral,E08000015,Wirral,E02001472,Leasowe,-99,-99,-99,-99,-99,-99,-99,-99,-99,4,3,7,-99,-99,-99,3,-99,4,-99,-99,-99,-99,-99,-99,-99,-99,-99,-99,-99,-99,4,4,5,10,19,16,16
E12000002,North West,E08000015,Wirral,E08000015,Wirral,E02001473,Liscard,-99,-99,-99,-99,-99,-99,-99,-99,-99,6,10,-99,4,-99,4,6,-99,7,-99,-99,-99,-99,-99,-99,-99,-99,-99,-99,-99,-99,-99,5,4,20,13,22,22
E12000002,North West,E08000015,Wirral,E08000015,Wirral,E02001474,Seacombe,-99,-99,-99,-99,-99,-99,-99,-99,-99,4,-99,8,5,4,-99,-99,5,3,-99,-99,-99,-99,-99,-99,-99,-99,-99,-99,-99,-99,-99,3,10,10,21,13,13
E12000002,North West,E08000015,Wirral,E08000015,Wirral,E02001475,Leasowe South & Moreton East,-99,-99,-99,-99,-99,-99,-99,-99,-99,8,-99,-99,-99,3,-99,3,-99,-99,-99,-99,-99,-99,-99,-99,-99,-99,-99,-99,-99,-99,-99,5,3,9,19,18,18
E12000002,North West,E08000015,Wirral,E08000015,Wirral,E02001476,Poulton,-99,-99,-99,-99,-99,-99,-99,-99,5,3,5,5,6,4,4,4,5,-99,3,-99,-99,-99,-99,-99,-99,-99,-99,-99,-99,-99,-99,11,4,12,23,26,26
E12000002,North West,E08000015,Wirral,E08000015,Wirral,E02001477,Bidston Hill,-99,-99,-99,-99,-99,-99,-99,-99,3,6,5,5,4,-99,5,5,5,-99,-99,-99,-99,-99,-99,-99,-99,-99,-99,-99,-99,-99,-99,12,4,9,12,27,27
E12000002,North West,E08000015,Wirral,E08000015,Wirral,E02001478,Moreton West,-99,-99,-99,-99,-99,-99,-99,-99,-99,-99,5,10,8,6,4,-99,3,4,-99,5,5,3,-99,-99,-99,-99,-99,-99,-99,-99,-99,5,5,12,14,21,21
E12000002,North West,E08000015,Wirral,E08000015,Wirral,E02001479,Great Meols,-99,-99,-99,-99,-99,-99,-99,-99,-99,-99,-99,-99,4,-99,5,3,-99,-99,-99,-99,-99,-99,-99,-99,-99,-99,-99,-99,-99,-99,-99,4,3,3,11,16,16
E12000002,North West,E08000015,Wirral,E08000015,Wirral,E02001480,Hoylake,-99,-99,-99,-99,-99,-99,-99,-99,-99,7,13,6,9,-99,13,3,4,3,-99,-99,-99,-99,-99,-99,-99,-99,-99,-99,-99,-99,-99,5,3,5,10,20,20
E12000002,North West,E08000015,Wirral,E08000015,Wirral,E02001481,Claughton North,-99,-99,-99,-99,-99,-99,-99,-99,-99,-99,4,11,5,3,7,13,3,-99,6,4,-99,-99,-99,-99,-99,-99,-99,-99,-99,-99,6,5,14,18,22,31,31
E12000002,North West,E08000015,Wirral,E08000015,Wirral,E02001482,Birkenhead Central,-99,-99,-99,-99,-99,-99,-99,-99,3,5,4,5,-99,4,-99,5,3,4,-99,-99,-99,-99,-99,-99,-99,-99,-99,-99,-99,-99,-99,4,11,17,25,22,22
E12000002,North West,E08000015,Wirral,E08000015,Wirral,E02001483,Saughall Massie,-99,-99,-99,-99,-99,-99,-99,-99,-99,8,6,4,5,4,3,-99,-99,3,-99,-99,3,-99,-99,-99,-99,-99,-99,-99,-99,-99,-99,3,4,6,4,15,15
E12000002,North West,E08000015,Wirral,E08000015,Wirral,E02001484,Upton West,-99,-99,-99,-99,-99,-99,-99,-99,-99,4,8,4,20,7,6,8,3,-99,-99,-99,-99,-99,-99,-99,-99,-99,-99,-99,-99,-99,-99,6,7,8,15,16,16
E12000002,North West,E08000015,Wirral,E08000015,Wirral,E02001485,Noctorum North & Upton East,-99,-99,-99,-99,-99,-99,-99,-99,4,6,4,7,-99,5,4,4,4,4,4,-99,-99,-99,-99,-99,-99,-99,-99,-99,-99,-99,-99,5,11,12,16,14,14
E12000002,North West,E08000015,Wirral,E08000015,Wirral,E02001486,Claughton South & Oxton North,-99,-99,-99,-99,-99,-99,-99,-99,-99,7,8,12,7,13,30,10,6,-99,3,5,-99,-99,-99,-99,-99,-99,-99,-99,-99,3,4,5,13,14,28,10,10
E12000002,North West,E08000015,Wirral,E08000015,Wirral,E02001487,Birkenhead South,-99,-99,-99,-99,-99,-99,-99,-99,3,3,-99,6,4,-99,6,6,-99,4,3,-99,-99,-99,-99,-99,-99,-99,-99,-99,-99,-99,7,9,23,21,24,23,23
E12000002,North West,E08000015,Wirral,E08000015,Wirral,E02001488,Oxton South,-99,-99,-99,-99,-99,-99,-99,-99,3,-99,6,-99,7,-99,3,7,-99,-99,-99,-99,-99,-99,-99,-99,-99,-99,-99,-99,-99,-99,3,8,13,18,12,14,14
E12000002,North West,E08000015,Wirral,E08000015,Wirral,E02001489,Greasby,-99,-99,-99,-99,-99,-99,-99,-99,-99,6,4,4,3,-99,-99,-99,3,-99,-99,3,4,-99,-99,-99,-99,-99,-99,-99,-99,-99,-99,-99,4,4,13,18,18
E12000002,North West,E08000015,Wirral,E08000015,Wirral,E02001490,Noctorum South,-99,-99,-99,-99,-99,-99,-99,-99,-99,7,4,3,4,6,-99,4,-99,-99,-99,-99,-99,-99,-99,-99,-99,-99,-99,-99,-99,-99,5,13,9,29,21,16,16
E12000002,North West,E08000015,Wirral,E08000015,Wirral,E02001491,Woodchurch,-99,-99,-99,-99,-99,-99,-99,-99,-99,5,12,6,4,7,21,11,13,6,-99,-99,-99,-99,-99,-99,-99,-99,-99,-99,-99,-99,-99,6,8,8,13,20,20
E12000002,North West,E08000015,Wirral,E08000015,Wirral,E02001492,West Kirby,-99,-99,-99,-99,-99,-99,-99,-99,-99,5,6,4,4,3,-99,6,-99,-99,-99,-99,-99,-99,-99,-99,-99,-99,-99,-99,-99,-99,-99,-99,4,11,14,17,17
E12000002,North West,E08000015,Wirral,E08000015,Wirral,E02001493,Tranmere,-99,-99,-99,-99,-99,-99,-99,-99,4,6,5,7,11,4,9,5,-99,-99,3,-99,-99,-99,-99,-99,-99,-99,-99,-99,-99,-99,-99,8,15,19,17,15,15
E12000002,North West,E08000015,Wirral,E08000015,Wirral,E02001494,Caldy & Newton,-99,-99,-99,-99,-99,-99,-99,-99,-99,3,6,-99,-99,4,-99,6,-99,-99,-99,-99,-99,-99,-99,-99,-99,-99,3,-99,-99,-99,-99,5,7,6,7,21,21
E12000002,North West,E08000015,Wirral,E08000015,Wirral,E02001495,Egerton Park,-99,-99,-99,-99,-99,-99,-99,-99,3,4,6,4,4,-99,-99,-99,4,-99,-99,-99,7,-99,3,-99,-99,-99,-99,-99,-99,4,4,10,23,20,11,21,21
E12000002,North West,E08000015,Wirral,E08000015,Wirral,E02001496,Prenton,-99,-99,-99,-99,-99,-99,-99,-99,-99,-99,3,-99,-99,-99,-99,-99,3,-99,-99,-99,-99,-99,-99,-99,-99,-99,-99,-99,-99,-99,5,6,12,11,14,17,17
E12000002,North West,E08000015,Wirral,E08000015,Wirral,E02001497,Bebington New Ferry,-99,-99,-99,-99,-99,-99,-99,-99,-99,9,3,7,4,3,-99,-99,4,3,-99,-99,-99,-99,-99,-99,-99,-99,-99,-99,-99,-99,-99,-99,8,17,9,13,13
E12000002,North West,E08000015,Wirral,E08000015,Wirral,E02001498,Woodhey,-99,-99,-99,-99,-99,-99,-99,-99,3,-99,-99,6,-99,-99,-99,3,-99,4,-99,-99,-99,-99,-99,-99,-99,-99,-99,-99,-99,-99,-99,6,14,13,12,15,15
E12000002,North West,E08000015,Wirral,E08000015,Wirral,E02001499,Thursaston & Irby,-99,-99,-99,-99,-99,-99,-99,-99,5,5,-99,4,4,-99,-99,4,-99,-99,-99,6,15,7,-99,-99,-99,-99,-99,-99,-99,-99,-99,-99,-99,10,19,15,15
E12000002,North West,E08000015,Wirral,E08000015,Wirral,E02001500,Pensby & Thingwall,-99,-99,-99,-99,-99,-99,-99,-99,-99,3,4,4,-99,5,9,5,-99,-99,-99,-99,-99,-99,-99,-99,-99,-99,-99,-99,-99,-99,7,-99,5,7,9,19,19
E12000002,North West,E08000015,Wirral,E08000015,Wirral,E02001501,Higher Bebington,-99,-99,-99,-99,-99,-99,-99,-99,-99,5,4,3,-99,4,-99,5,-99,-99,-99,-99,-99,-99,-99,-99,-99,-99,-99,-99,-99,-99,9,4,9,12,14,12,12
E12000002,North West,E08000015,Wirral,E08000015,Wirral,E02001502,Lower Bebington & Bromborough Pool,-99,-99,-99,-99,-99,-99,-99,-99,-99,4,-99,9,9,3,-99,4,5,5,-99,-99,-99,-99,-99,-99,-99,-99,-99,-99,-99,-99,4,6,10,20,20,19,19
E12000002,North West,E08000015,Wirral,E08000015,Wirral,E02001503,Heswall,-99,-99,-99,-99,-99,-99,-99,-99,4,5,5,6,3,3,-99,-99,3,-99,4,-99,-99,-99,-99,-99,-99,-99,-99,-99,-99,-99,-99,-99,4,-99,6,12,12
E12000002,North West,E08000015,Wirral,E08000015,Wirral,E02001504,"Poulton, Raby Mere & Thornton Hough",-99,-99,-99,-99,-99,-99,-99,-99,-99,7,13,4,-99,5,8,-99,3,3,-99,-99,-99,-99,-99,-99,-99,-99,-99,-99,-99,-99,-99,3,9,7,9,13,13
E12000002,North West,E08000015,Wirral,E08000015,Wirral,E02001505,Bromborough North,-99,-99,-99,-99,-99,-99,-99,-99,3,40,70,63,22,24,14,12,8,-99,-99,-99,-99,-99,-99,-99,-99,-99,-99,-99,-99,-99,-99,-99,10,6,11,22,22
E12000002,North West,E08000015,Wirral,E08000015,Wirral,E02001506,Gayton & Lower Heswall,-99,-99,-99,-99,-99,-99,-99,-99,-99,5,-99,3,-99,-99,-99,-99,-99,3,-99,-99,-99,-99,-99,-99,-99,-99,-99,-99,-99,-99,5,6,7,6,15,21,21
E12000002,North West,E08000015,Wirral,E08000015,Wirral,E02001507,Bromborough South,-99,-99,-99,-99,-99,-99,-99,-99,-99,6,9,-99,-99,-99,-99,-99,-99,-99,-99,-99,-99,-99,-99,-99,-99,-99,-99,-99,-99,-99,-99,8,8,13,6,11,11
E12000002,North West,E08000015,Wirral,E08000015,Wirral,E02001508,Eastham,-99,-99,-99,-99,-99,-99,-99,-99,-99,3,7,6,-99,-99,-99,-99,-99,-99,-99,-99,-99,-99,-99,-99,-99,-99,-99,-99,-99,-99,-99,4,7,5,7,15,15
E12000003,Yorkshire and The Humber,E08000016,Barnsley,E08000016,Barnsley,E02001509,Royston West,-99,-99,-99,-99,-99,-99,-99,-99,6,4,-99,5,4,11,12,4,3,4,9,3,5,3,-99,-99,4,-99,-99,-99,-99,-99,-99,6,-99,-99,4,15,15
E12000003,Yorkshire and The Humber,E08000016,Barnsley,E08000016,Barnsley,E02001510,Royston East & Carlton,-99,-99,-99,-99,-99,-99,-99,-99,-99,5,-99,-99,4,8,-99,-99,-99,-99,-99,4,4,-99,-99,-99,-99,-99,-99,-99,-99,-99,-99,5,6,-99,8,20,20
E12000003,Yorkshire and The Humber,E08000016,Barnsley,E08000016,Barnsley,E02001511,Shafton & Upper Cudworth,-99,-99,-99,-99,-99,-99,-99,-99,4,-99,-99,5,6,18,4,8,-99,3,3,-99,-99,3,-99,-99,-99,-99,-99,-99,-99,-99,-99,4,-99,-99,4,7,7
E12000003,Yorkshire and The Humber,E08000016,Barnsley,E08000016,Barnsley,E02001512,Mapplewell & Staincross,-99,-99,-99,-99,-99,-99,-99,-99,9,7,5,14,15,18,25,4,-99,4,7,4,-99,-99,3,3,-99,3,4,4,-99,-99,-99,5,-99,-99,3,10,10
E12000003,Yorkshire and The Humber,E08000016,Barnsley,E08000016,Barnsley,E02001513,Darton & Kexborough,-99,-99,-99,-99,-99,-99,-99,-99,-99,-99,4,3,7,10,6,4,-99,4,4,-99,4,-99,-99,-99,-99,-99,-99,-99,-99,-99,-99,5,-99,-99,4,11,11
E12000003,Yorkshire and The Humber,E08000016,Barnsley,E08000016,Barnsley,E02001514,Grimethorpe & Brierley,-99,-99,-99,-99,-99,-99,-99,-99,3,-99,8,-99,3,-99,-99,6,-99,-99,-99,-99,7,3,-99,-99,-99,-99,-99,3,-99,3,-99,-99,5,4,6,10,10
E12000003,Yorkshire and The Humber,E08000016,Barnsley,E08000016,Barnsley,E02001515,Athersley,-99,-99,-99,-99,-99,-99,-99,-99,-99,-99,4,3,6,5,5,-99,3,3,5,3,4,3,-99,-99,-99,-99,-99,3,5,-99,-99,6,5,-99,6,3,3
E12000003,Yorkshire and The Humber,E08000016,Barnsley,E08000016,Barnsley,E02001516,Cudworth Village,-99,-99,-99,-99,-99,-99,-99,-99,-99,-99,3,-99,4,6,-99,27,3,5,-99,5,3,3,-99,-99,-99,-99,-99,-99,-99,-99,-99,-99,3,6,4,9,9
E12000003,Yorkshire and The Humber,E08000016,Barnsley,E08000016,Barnsley,E02001517,Monk Bretton,-99,-99,-99,-99,-99,-99,-99,-99,-99,6,-99,3,7,9,-99,5,4,-99,5,3,5,-99,-99,-99,-99,-99,-99,3,-99,-99,-99,-99,7,6,6,11,11
E12000003,Yorkshire and The Humber,E08000016,Barnsley,E08000016,Barnsley,E02001518,Honeywell,-99,-99,-99,-99,-99,-99,-99,3,12,7,5,7,5,12,4,3,3,-99,4,-99,4,3,-99,-99,-99,-99,-99,-99,-99,-99,-99,6,-99,-99,9,22,22
E12000003,Yorkshire and The Humber,E08000016,Barnsley,E08000016,Barnsley,E02001519,Lundwood,-99,-99,-99,-99,-99,-99,-99,-99,3,-99,-99,3,4,6,3,9,17,16,-99,9,-99,4,3,-99,-99,-99,-99,-99,-99,-99,-99,3,6,4,-99,10,10
E12000003,Yorkshire and The Humber,E08000016,Barnsley,E08000016,Barnsley,E02001520,Wilthorpe & Barugh Green,-99,-99,-99,-99,-99,-99,-99,-99,-99,5,7,4,5,7,6,5,-99,4,4,3,7,3,-99,-99,4,3,-99,-99,4,-99,-99,5,-99,-99,12,16,16
E12000003,Yorkshire and The Humber,E08000016,Barnsley,E08000016,Barnsley,E02001521,Barnsley Town & Park Road,-99,-99,-99,-99,-99,-99,-99,-99,6,3,6,3,3,8,5,3,4,5,10,19,24,23,5,-99,3,-99,-99,-99,-99,3,-99,-99,4,4,7,13,13
E12000003,Yorkshire and The Humber,E08000016,Barnsley,E08000016,Barnsley,E02001522,Thurnscoe,-99,-99,-99,-99,-99,-99,-99,-99,3,9,7,10,-99,-99,-99,-99,-99,6,-99,7,-99,-99,-99,-99,-99,-99,-99,-99,-99,-99,-99,-99,-99,-99,7,5,5
E12000003,Yorkshire and The Humber,E08000016,Barnsley,E08000016,Barnsley,E02001523,Ardsley & Stairfoot,-99,-99,-99,-99,-99,-99,-99,-99,-99,-99,5,3,3,8,5,5,8,8,-99,5,4,7,4,-99,-99,-99,3,-99,3,-99,-99,-99,-99,-99,6,19,19
E12000003,Yorkshire and The Humber,E08000016,Barnsley,E08000016,Barnsley,E02001524,"Silkstone, Hoylandswaine & Cawthorne",-99,-99,-99,-99,-99,-99,-99,-99,-99,5,-99,3,4,-99,-99,-99,3,-99,-99,-99,3,-99,-99,-99,-99,-99,-99,-99,-99,-99,-99,-99,-99,3,9,11,11
E12000003,Yorkshire and The Humber,E08000016,Barnsley,E08000016,Barnsley,E02001525,Worsbrough Common,-99,-99,-99,-99,-99,-99,-99,-99,3,6,7,5,-99,6,10,24,4,5,6,-99,5,9,4,-99,3,-99,5,3,-99,-99,-99,-99,-99,-99,8,9,9
E12000003,Yorkshire and The Humber,E08000016,Barnsley,E08000016,Barnsley,E02001526,Kendray,-99,-99,-99,-99,-99,-99,-99,-99,-99,-99,-99,3,4,5,9,7,7,-99,6,3,-99,-99,-99,-99,-99,-99,-99,-99,-99,-99,-99,-99,-99,3,-99,16,16
E12000003,Yorkshire and The Humber,E08000016,Barnsley,E08000016,Barnsley,E02001527,Dodworth,-99,-99,-99,-99,-99,-99,-99,-99,-99,-99,4,8,4,3,3,6,-99,-99,-99,-99,-99,-99,-99,-99,-99,-99,-99,-99,-99,-99,-99,-99,-99,-99,8,4,4
E12000003,Yorkshire and The Humber,E08000016,Barnsley,E08000016,Barnsley,E02001528,Darfield & Great Houghton,-99,-99,-99,-99,-99,-99,-99,-99,-99,-99,3,-99,7,5,6,3,3,3,7,9,30,5,3,3,-99,-99,-99,-99,11,-99,3,-99,5,16,12,11,11
E12000003,Yorkshire and The Humber,E08000016,Barnsley,E08000016,Barnsley,E02001529,Worsbrough,-99,-99,-99,-99,-99,-99,-99,-99,5,8,6,17,10,6,6,5,6,-99,5,5,-99,-99,-99,-99,-99,-99,-99,3,5,-99,-99,-99,-99,-99,5,9,9
E12000003,Yorkshire and The Humber,E08000016,Barnsley,E08000016,Barnsley,E02001530,Goldthorpe,-99,-99,-99,-99,-99,-99,-99,-99,5,3,-99,-99,-99,5,5,-99,4,-99,3,-99,-99,-99,-99,-99,-99,-99,-99,-99,-99,-99,-99,-99,-99,-99,4,12,12
E12000003,Yorkshire and The Humber,E08000016,Barnsley,E08000016,Barnsley,E02001531,Wombwell North,-99,-99,-99,-99,-99,-99,-99,-99,5,-99,4,6,-99,11,-99,4,8,-99,3,8,-99,4,-99,3,-99,-99,-99,-99,9,-99,-99,-99,3,-99,10,10,10
E12000003,Yorkshire and The Humber,E08000016,Barnsley,E08000016,Barnsley,E02001532,Penistone,-99,-99,-99,-99,-99,-99,-99,-99,7,7,7,9,20,14,3,-99,4,-99,-99,-99,-99,-99,-99,-99,-99,-99,-99,-99,-99,-99,-99,5,-99,3,8,20,20
E12000003,Yorkshire and The Humber,E08000016,Barnsley,E08000016,Barnsley,E02001533,Bolton-upon-Dearne,-99,-99,-99,-99,-99,-99,-99,-99,5,5,-99,5,5,8,3,-99,-99,5,-99,-99,-99,-99,-99,-99,-99,-99,-99,-99,-99,-99,-99,-99,-99,-99,3,8,8
E12000003,Yorkshire and The Humber,E08000016,Barnsley,E08000016,Barnsley,E02001534,Wombwell South,-99,-99,-99,-99,-99,-99,-99,-99,4,3,28,6,3,3,4,-99,-99,3,10,-99,-99,-99,6,-99,-99,-99,-99,4,5,-99,4,7,3,3,6,19,19
E12000003,Yorkshire and The Humber,E08000016,Barnsley,E08000016,Barnsley,E02001535,"Ingbirchworth, Dunford Bridge & Thurgoland",-99,-99,-99,-99,-99,-99,-99,-99,-99,-99,-99,3,5,7,-99,-99,-99,-99,-99,-99,-99,-99,-99,-99,-99,-99,-99,-99,-99,-99,-99,-99,-99,-99,13,7,7
E12000003,Yorkshire and The Humber,E08000016,Barnsley,E08000016,Barnsley,E02001536,Birdwell,-99,-99,-99,-99,-99,-99,-99,-99,3,5,8,7,-99,4,3,-99,-99,-99,-99,3,-99,5,4,-99,-99,-99,4,-99,-99,-99,-99,3,3,3,9,12,12
E12000003,Yorkshire and The Humber,E08000016,Barnsley,E08000016,Barnsley,E02001537,Elsecar,-99,-99,-99,-99,-99,-99,-99,-99,-99,-99,5,3,3,5,5,-99,3,-99,-99,3,-99,-99,-99,-99,-99,-99,-99,-99,-99,-99,-99,-99,4,7,-99,9,9
E12000003,Yorkshire and The Humber,E08000016,Barnsley,E08000016,Barnsley,E02001538,Hoyland,-99,-99,-99,-99,-99,-99,-99,-99,3,5,3,4,5,10,-99,4,-99,3,-99,-99,6,4,-99,-99,-99,-99,-99,-99,-99,-99,-99,-99,-99,-99,-99,11,11
E12000003,Yorkshire and The Humber,E08000017,Doncaster,E08000017,Doncaster,E02001539,Moorends,-99,-99,-99,-99,-99,-99,-99,-99,-99,3,-99,-99,8,8,-99,4,7,-99,4,-99,-99,-99,-99,-99,-99,-99,-99,-99,-99,-99,-99,-99,-99,-99,-99,4,4
E12000003,Yorkshire and The Humber,E08000017,Doncaster,E08000017,Doncaster,E02001540,"Askern, Campsall & Norton",-99,-99,-99,-99,-99,-99,-99,-99,3,4,3,5,4,8,3,9,3,6,-99,-99,-99,-99,-99,-99,-99,-99,-99,-99,-99,-99,-99,-99,4,-99,8,24,24
E12000003,Yorkshire and The Humber,E08000017,Doncaster,E08000017,Doncaster,E02001541,Thorne,-99,-99,-99,-99,-99,-99,-99,-99,-99,4,-99,-99,27,24,8,10,7,6,6,-99,-99,-99,-99,-99,-99,-99,-99,-99,-99,-99,-99,3,-99,-99,3,5,5
E12000003,Yorkshire and The Humber,E08000017,Doncaster,E08000017,Doncaster,E02001542,Stainforth,-99,-99,-99,-99,-99,-99,-99,-99,-99,-99,4,3,17,15,4,5,5,13,10,8,3,-99,-99,-99,-99,-99,-99,-99,-99,-99,-99,-99,3,-99,3,11,11
E12000003,Yorkshire and The Humber,E08000017,Doncaster,E08000017,Doncaster,E02001543,Carcroft,-99,-99,-99,-99,-99,-99,-99,-99,-99,-99,3,8,4,4,3,-99,-99,3,3,-99,-99,-99,-99,-99,-99,-99,-99,-99,-99,-99,-99,-99,-99,-99,-99,8,8
E12000003,Yorkshire and The Humber,E08000017,Doncaster,E08000017,Doncaster,E02001544,Hatfield West,-99,-99,-99,-99,-99,-99,-99,-99,-99,3,-99,4,9,5,9,-99,6,14,9,3,4,-99,-99,-99,-99,-99,-99,-99,-99,-99,-99,-99,3,-99,5,10,10
E12000003,Yorkshire and The Humber,E08000017,Doncaster,E08000017,Doncaster,E02001545,Kirk Sandall & Barnby Dun,-99,-99,-99,-99,-99,-99,-99,-99,4,-99,-99,-99,5,11,-99,5,6,-99,4,-99,-99,-99,-99,-99,-99,-99,-99,3,-99,-99,-99,-99,-99,5,9,11,11
E12000003,Yorkshire and The Humber,E08000017,Doncaster,E08000017,Doncaster,E02001546,Hatfield East,-99,-99,-99,-99,-99,-99,-99,-99,-99,-99,5,7,6,-99,4,3,12,13,26,5,-99,-99,-99,4,-99,-99,-99,3,-99,-99,-99,6,-99,-99,6,8,8
E12000003,Yorkshire and The Humber,E08000017,Doncaster,E08000017,Doncaster,E02001547,Adwick le Street & Woodlands,-99,-99,-99,-99,-99,-99,-99,-99,-99,3,-99,-99,3,7,5,3,4,7,-99,5,-99,-99,-99,-99,-99,-99,-99,-99,-99,-99,-99,-99,-99,3,4,10,10
E12000003,Yorkshire and The Humber,E08000017,Doncaster,E08000017,Doncaster,E02001548,Bentley & Toll Bar,-99,-99,-99,-99,-99,-99,-99,-99,-99,-99,-99,11,6,8,6,9,12,-99,-99,6,-99,-99,-99,-99,-99,-99,-99,-99,-99,-99,-99,-99,-99,-99,6,12,12
E12000003,Yorkshire and The Humber,E08000017,Doncaster,E08000017,Doncaster,E02001549,Edenthorpe & Mere Lane,-99,-99,-99,-99,-99,-99,-99,-99,-99,-99,-99,-99,4,3,-99,-99,-99,4,-99,4,-99,-99,-99,-99,-99,-99,-99,-99,-99,-99,-99,-99,-99,5,8,8,8
E12000003,Yorkshire and The Humber,E08000017,Doncaster,E08000017,Doncaster,E02001550,Scawthorpe,-99,-99,-99,-99,-99,-99,-99,-99,5,6,3,-99,8,10,5,3,4,-99,-99,4,-99,-99,-99,-99,-99,-99,-99,-99,-99,-99,-99,-99,-99,5,7,12,12
E12000003,Yorkshire and The Humber,E08000017,Doncaster,E08000017,Doncaster,E02001551,Bentley Rise,-99,-99,-99,-99,-99,-99,-99,-99,-99,-99,-99,5,5,4,5,-99,-99,-99,5,7,8,-99,-99,-99,4,-99,-99,-99,-99,-99,-99,-99,-99,4,-99,9,9
E12000003,Yorkshire and The Humber,E08000017,Doncaster,E08000017,Doncaster,E02001552,Armthorpe North,-99,-99,-99,-99,-99,-99,-99,-99,-99,3,-99,4,5,8,4,16,10,5,-99,-99,-99,-99,-99,-99,-99,-99,-99,-99,-99,-99,-99,-99,-99,-99,4,13,13
E12000003,Yorkshire and The Humber,E08000017,Doncaster,E08000017,Doncaster,E02001553,Wheatley Hills,-99,-99,-99,-99,-99,-99,-99,-99,-99,5,-99,5,6,12,8,17,6,6,6,5,3,3,-99,-99,-99,-99,-99,-99,-99,-99,-99,-99,3,6,5,16,16
E12000003,Yorkshire and The Humber,E08000017,Doncaster,E08000017,Doncaster,E02001554,Cusworth,-99,-99,-99,-99,-99,-99,-99,-99,-99,4,3,5,6,5,3,4,-99,4,4,-99,-99,-99,-99,-99,-99,-99,-99,-99,-99,-99,-99,-99,6,-99,-99,11,11
E12000003,Yorkshire and The Humber,E08000017,Doncaster,E08000017,Doncaster,E02001555,Armthorpe South,-99,-99,-99,-99,-99,-99,-99,-99,-99,-99,-99,6,3,6,-99,12,7,4,-99,-99,-99,-99,-99,-99,-99,-99,-99,-99,-99,-99,-99,-99,-99,3,5,7,7
E12000003,Yorkshire and The Humber,E08000017,Doncaster,E08000017,Doncaster,E02001556,Intake,-99,-99,-99,-99,-99,-99,-99,-99,-99,-99,-99,5,11,9,12,10,4,9,3,3,-99,-99,3,-99,-99,-99,-99,-99,-99,-99,-99,-99,-99,7,8,13,13
E12000003,Yorkshire and The Humber,E08000017,Doncaster,E08000017,Doncaster,E02001557,Belle Vue & Town Fields,-99,-99,-99,-99,-99,-99,-99,-99,-99,4,-99,3,9,8,7,21,8,6,5,-99,8,6,6,7,4,-99,-99,-99,-99,-99,-99,-99,-99,5,8,20,20
E12000003,Yorkshire and The Humber,E08000017,Doncaster,E08000017,Doncaster,E02001558,"Cadeby, Hickleton & Hampole",-99,-99,-99,-99,-99,-99,-99,-99,-99,-99,-99,-99,3,4,3,6,-99,3,-99,-99,3,-99,-99,-99,-99,-99,-99,-99,-99,-99,-99,-99,-99,8,4,6,6
E12000003,Yorkshire and The Humber,E08000017,Doncaster,E08000017,Doncaster,E02001559,Sprotbrough,-99,-99,-99,-99,-99,-99,-99,-99,4,6,3,-99,5,7,7,3,-99,-99,-99,-99,-99,-99,-99,-99,-99,-99,-99,-99,-99,-99,-99,-99,-99,5,5,12,12
E12000003,Yorkshire and The Humber,E08000017,Doncaster,E08000017,Doncaster,E02001560,Central Doncaster & Hyde Park,-99,-99,-99,-99,-99,-99,-99,-99,-99,7,-99,-99,3,-99,3,7,8,4,-99,-99,-99,-99,-99,-99,-99,-99,-99,-99,-99,-99,-99,-99,4,3,5,10,10
E12000003,Yorkshire and The Humber,E08000017,Doncaster,E08000017,Doncaster,E02001561,Hexthorpe & Balby North,-99,-99,-99,-99,-99,-99,-99,-99,-99,-99,-99,-99,6,6,8,5,-99,3,3,3,-99,-99,-99,-99,-99,-99,-99,-99,-99,-99,-99,-99,-99,-99,-99,7,7
E12000003,Yorkshire and The Humber,E08000017,Doncaster,E08000017,Doncaster,E02001562,Cantley Park,-99,-99,-99,-99,-99,-99,-99,-99,-99,-99,-99,3,5,-99,4,-99,4,-99,-99,-99,-99,-99,-99,-99,-99,-99,-99,-99,-99,-99,-99,-99,-99,4,3,10,10
E12000003,Yorkshire and The Humber,E08000017,Doncaster,E08000017,Doncaster,E02001563,Bessacarr Bawtry Road,-99,-99,-99,-99,-99,-99,-99,3,3,-99,4,5,8,-99,3,-99,3,6,7,-99,-99,-99,-99,-99,-99,-99,-99,-99,-99,-99,-99,-99,3,6,13,18,18
E12000003,Yorkshire and The Humber,E08000017,Doncaster,E08000017,Doncaster,E02001564,"Old Cantley, Auckley & Finningley",-99,-99,-99,-99,-99,-99,-99,-99,-99,3,3,-99,4,6,3,4,-99,-99,-99,-99,-99,-99,-99,-99,-99,-99,-99,-99,-99,-99,-99,-99,3,-99,-99,13,13
E12000003,Yorkshire and The Humber,E08000017,Doncaster,E08000017,Doncaster,E02001565,Bessacarr Grange & Lakeside,-99,-99,-99,-99,-99,-99,-99,-99,8,-99,4,-99,-99,6,6,-99,-99,5,4,3,-99,-99,-99,-99,-99,-99,-99,-99,-99,-99,-99,-99,-99,10,10,18,18
E12000003,Yorkshire and The Humber,E08000017,Doncaster,E08000017,Doncaster,E02001566,Balby Carr,-99,-99,-99,-99,-99,-99,-99,-99,-99,3,-99,5,4,11,4,3,6,-99,-99,-99,-99,-99,-99,-99,-99,-99,-99,-99,-99,-99,-99,-99,-99,-99,3,11,11
E12000003,Yorkshire and The Humber,E08000017,Doncaster,E08000017,Doncaster,E02001567,Balby South,-99,-99,-99,-99,-99,-99,-99,-99,-99,-99,-99,3,-99,6,-99,5,3,3,3,-99,5,-99,-99,-99,-99,-99,-99,-99,-99,-99,-99,-99,5,7,-99,12,12
E12000003,Yorkshire and The Humber,E08000017,Doncaster,E08000017,Doncaster,E02001568,Mexborough East,-99,-99,-99,-99,-99,-99,-99,-99,-99,-99,-99,-99,-99,-99,-99,6,3,-99,4,-99,-99,-99,3,-99,-99,-99,-99,-99,-99,-99,-99,-99,3,-99,-99,4,4
E12000003,Yorkshire and The Humber,E08000017,Doncaster,E08000017,Doncaster,E02001569,Mexborough West,-99,-99,-99,-99,-99,-99,-99,-99,-99,-99,3,11,6,7,14,5,-99,7,3,-99,-99,-99,-99,-99,-99,-99,-99,-99,-99,-99,-99,-99,3,28,12,7,7
E12000003,Yorkshire and The Humber,E08000017,Doncaster,E08000017,Doncaster,E02001570,Conisbrough North,-99,-99,-99,-99,-99,-99,-99,-99,-99,3,-99,3,-99,4,6,6,3,-99,-99,4,-99,3,-99,-99,-99,-99,-99,-99,-99,-99,-99,-99,-99,5,-99,10,10
E12000003,Yorkshire and The Humber,E08000017,Doncaster,E08000017,Doncaster,E02001571,"Warmsworth, Braithwell & Stainton",-99,-99,-99,-99,-99,-99,-99,-99,-99,-99,-99,-99,-99,-99,-99,-99,-99,-99,3,-99,-99,-99,-99,-99,-99,-99,-99,-99,-99,-99,-99,-99,-99,11,3,12,12
E12000003,Yorkshire and The Humber,E08000017,Doncaster,E08000017,Doncaster,E02001572,Edlington,-99,-99,-99,-99,-99,-99,-99,-99,-99,-99,3,3,-99,6,-99,-99,5,4,-99,-99,-99,-99,-99,-99,-99,-99,-99,-99,-99,-99,-99,-99,-99,-99,7,9,9
E12000003,Yorkshire and The Humber,E08000017,Doncaster,E08000017,Doncaster,E02001573,Conisbrough South,-99,-99,-99,-99,-99,-99,-99,-99,-99,-99,4,4,4,5,6,3,-99,-99,-99,-99,-99,-99,-99,-99,-99,-99,-99,-99,-99,-99,-99,-99,-99,4,4,-99,-99
E12000003,Yorkshire and The Humber,E08000017,Doncaster,E08000017,Doncaster,E02001574,Rossington,-99,-99,-99,-99,-99,-99,-99,-99,-99,-99,-99,-99,5,6,-99,5,7,-99,-99,-99,-99,5,-99,-99,-99,-99,-99,-99,-99,-99,-99,-99,-99,-99,4,13,13
E12000003,Yorkshire and The Humber,E08000017,Doncaster,E08000017,Doncaster,E02001575,New Rossington,-99,-99,-99,-99,-99,-99,-99,-99,-99,-99,3,4,10,12,5,9,-99,10,10,-99,-99,-99,-99,-99,-99,-99,-99,-99,-99,-99,-99,-99,4,6,4,8,8
E12000003,Yorkshire and The Humber,E08000017,Doncaster,E08000017,Doncaster,E02001576,"Bawtry, Austerfield & Hayfield",-99,-99,-99,-99,-99,-99,-99,-99,-99,-99,3,-99,-99,3,-99,-99,-99,-99,-99,-99,-99,-99,-99,-99,-99,-99,-99,-99,-99,-99,-99,3,4,7,14,15,15
E12000003,Yorkshire and The Humber,E08000017,Doncaster,E08000017,Doncaster,E02001577,Tickhill & Wadworth,-99,-99,-99,-99,-99,-99,-99,-99,3,-99,-99,5,-99,-99,3,4,-99,5,-99,-99,-99,23,-99,-99,-99,-99,-99,-99,-99,-99,-99,-99,-99,3,5,17,17
E12000003,Yorkshire and The Humber,E08000018,Rotherham,E08000018,Rotherham,E02001578,Brampton & West Melton,-99,-99,-99,-99,-99,-99,-99,-99,5,4,4,8,7,12,8,11,-99,6,4,4,3,5,-99,4,4,-99,-99,-99,3,-99,-99,3,4,5,7,15,15
E12000003,Yorkshire and The Humber,E08000018,Rotherham,E08000018,Rotherham,E02001579,Wath upon Dearne,-99,-99,-99,-99,-99,-99,-99,-99,4,5,4,13,4,10,8,-99,6,3,4,-99,-99,-99,-99,-99,-99,-99,-99,-99,-99,-99,-99,3,3,4,5,19,19
E12000003,Yorkshire and The Humber,E08000018,Rotherham,E08000018,Rotherham,E02001580,Swinton North,-99,-99,-99,-99,-99,-99,-99,-99,3,4,4,4,8,-99,7,-99,3,6,3,-99,-99,-99,-99,-99,-99,-99,-99,-99,3,-99,-99,-99,-99,3,7,20,20
E12000003,Yorkshire and The Humber,E08000018,Rotherham,E08000018,Rotherham,E02001581,Swinton South,-99,-99,-99,-99,-99,-99,-99,-99,-99,-99,5,5,5,5,3,8,3,5,-99,-99,-99,-99,-99,-99,-99,-99,-99,-99,-99,-99,-99,3,-99,3,4,6,6
E12000003,Yorkshire and The Humber,E08000018,Rotherham,E08000018,Rotherham,E02001582,Rawmarsh North West,-99,-99,-99,-99,-99,-99,-99,-99,4,6,-99,3,3,7,3,-99,6,-99,5,4,4,-99,-99,-99,3,-99,-99,-99,-99,-99,-99,-99,-99,-99,12,17,17
E12000003,Yorkshire and The Humber,E08000018,Rotherham,E08000018,Rotherham,E02001583,Rawmarsh North East,-99,-99,-99,-99,-99,-99,-99,-99,-99,-99,-99,3,5,5,3,4,-99,5,-99,-99,-99,-99,3,3,-99,-99,-99,-99,-99,-99,-99,-99,-99,-99,6,10,10
E12000003,Yorkshire and The Humber,E08000018,Rotherham,E08000018,Rotherham,E02001584,Thorpe Hesley,-99,-99,-99,-99,-99,-99,-99,-99,6,4,7,5,4,3,-99,-99,3,3,-99,-99,-99,-99,-99,-99,-99,-99,-99,-99,-99,-99,-99,-99,-99,-99,3,13,13
E12000003,Yorkshire and The Humber,E08000018,Rotherham,E08000018,Rotherham,E02001585,Rawmarsh South,-99,-99,-99,-99,-99,-99,-99,-99,3,9,4,3,5,8,5,-99,7,5,-99,-99,-99,-99,7,-99,3,-99,-99,-99,-99,-99,-99,-99,-99,-99,8,11,11
E12000003,Yorkshire and The Humber,E08000018,Rotherham,E08000018,Rotherham,E02001586,Greasborough,-99,-99,-99,-99,-99,-99,-99,-99,4,-99,-99,6,6,8,3,4,7,-99,-99,3,3,-99,-99,-99,-99,6,-99,3,-99,-99,4,-99,-99,3,4,8,8
E12000003,Yorkshire and The Humber,E08000018,Rotherham,E08000018,Rotherham,E02001587,Thrybergh & Hooton Roberts,-99,-99,-99,-99,-99,-99,-99,-99,-99,3,-99,4,4,5,-99,6,4,7,-99,-99,4,-99,-99,-99,-99,-99,-99,-99,-99,-99,-99,-99,3,-99,6,3,3
E12000003,Yorkshire and The Humber,E08000018,Rotherham,E08000018,Rotherham,E02001588,Kimberworth Park,-99,-99,-99,-99,-99,-99,-99,-99,-99,4,7,4,5,5,-99,-99,6,-99,5,-99,6,4,-99,-99,-99,-99,-99,-99,-99,-99,-99,-99,-99,3,4,9,9
E12000003,Yorkshire and The Humber,E08000018,Rotherham,E08000018,Rotherham,E02001589,Ravenfield & Bramley North,-99,-99,-99,-99,-99,-99,-99,-99,3,5,-99,7,6,9,5,7,6,-99,4,-99,-99,-99,-99,-99,4,-99,-99,-99,-99,-99,-99,3,5,12,17,12,12
E12000003,Yorkshire and The Humber,E08000018,Rotherham,E08000018,Rotherham,E02001590,East Herringthorpe,-99,-99,-99,-99,-99,-99,-99,-99,-99,3,3,3,-99,5,-99,6,4,5,4,-99,4,9,-99,-99,-99,-99,3,-99,-99,-99,-99,4,-99,-99,11,7,7
E12000003,Yorkshire and The Humber,E08000018,Rotherham,E08000018,Rotherham,E02001591,Eastwood & East Dene,-99,-99,-99,-99,-99,-99,-99,-99,6,6,-99,3,9,-99,-99,4,-99,3,9,8,5,4,-99,-99,-99,-99,-99,5,14,-99,-99,-99,8,10,14,29,29
E12000003,Yorkshire and The Humber,E08000018,Rotherham,E08000018,Rotherham,E02001592,Kimberworth,-99,-99,-99,-99,-99,-99,-99,-99,-99,-99,-99,7,4,8,-99,4,5,3,-99,-99,-99,-99,5,-99,-99,-99,-99,-99,-99,-99,3,4,9,3,5,11,11
E12000003,Yorkshire and The Humber,E08000018,Rotherham,E08000018,Rotherham,E02001593,Masbrough & Bradgate,-99,-99,-99,-99,-99,-99,-99,-99,3,3,3,3,4,-99,3,3,3,5,-99,5,-99,6,-99,-99,-99,4,-99,7,-99,3,-99,-99,6,8,7,47,47
E12000003,Yorkshire and The Humber,E08000018,Rotherham,E08000018,Rotherham,E02001594,Rotherham Central,-99,-99,-99,-99,-99,-99,-99,-99,4,7,6,10,3,6,-99,-99,7,3,3,4,9,4,-99,3,-99,-99,-99,-99,-99,-99,-99,-99,-99,9,9,17,17
E12000003,Yorkshire and The Humber,E08000018,Rotherham,E08000018,Rotherham,E02001595,Maltby West & Hellaby,-99,-99,-99,-99,-99,-99,-99,-99,-99,5,5,7,5,18,3,4,6,-99,7,-99,4,-99,-99,-99,-99,-99,-99,-99,-99,-99,-99,3,-99,6,6,20,20
E12000003,Yorkshire and The Humber,E08000018,Rotherham,E08000018,Rotherham,E02001596,Wickersley North,-99,-99,-99,-99,-99,-99,-99,-99,-99,5,5,6,9,8,4,9,12,3,5,-99,-99,-99,-99,-99,-99,-99,-99,-99,-99,-99,-99,5,-99,3,12,11,11
E12000003,Yorkshire and The Humber,E08000018,Rotherham,E08000018,Rotherham,E02001597,Maltby East,-99,-99,-99,-99,-99,-99,-99,-99,-99,7,6,9,15,7,-99,-99,-99,3,3,-99,3,-99,-99,3,-99,-99,-99,5,-99,-99,-99,3,-99,-99,-99,13,13
E12000003,Yorkshire and The Humber,E08000018,Rotherham,E08000018,Rotherham,E02001598,Herringthorpe,-99,-99,-99,-99,-99,-99,-99,-99,3,7,6,11,11,10,7,-99,14,-99,4,-99,3,3,3,-99,-99,-99,3,-99,-99,-99,-99,3,8,9,11,32,32
E12000003,Yorkshire and The Humber,E08000018,Rotherham,E08000018,Rotherham,E02001599,Wickersley South & Bramley South,-99,-99,-99,-99,-99,-99,-99,-99,6,-99,3,-99,6,5,3,-99,-99,8,3,-99,-99,-99,-99,-99,-99,-99,-99,-99,-99,-99,-99,4,5,9,9,14,14
E12000003,Yorkshire and The Humber,E08000018,Rotherham,E08000018,Rotherham,E02001600,Rotherham South,-99,-99,-99,-99,-99,-99,-99,-99,5,7,7,12,11,6,10,7,6,6,-99,4,10,7,10,8,14,-99,5,4,4,-99,3,3,14,21,36,43,43
E12000003,Yorkshire and The Humber,E08000018,Rotherham,E08000018,Rotherham,E02001601,Whiston,-99,-99,-99,-99,-99,-99,-99,-99,4,5,4,-99,3,3,-99,-99,5,-99,3,-99,-99,-99,-99,-99,-99,-99,-99,-99,-99,-99,-99,-99,3,4,4,6,6
E12000003,Yorkshire and The Humber,E08000018,Rotherham,E08000018,Rotherham,E02001602,Brinsworth,-99,-99,-99,-99,-99,-99,-99,-99,-99,-99,4,6,3,7,-99,-99,-99,-99,8,3,-99,6,3,-99,3,-99,-99,-99,-99,-99,-99,-99,5,-99,9,14,14
E12000003,Yorkshire and The Humber,E08000018,Rotherham,E08000018,Rotherham,E02001603,Thurcroft,-99,-99,-99,-99,-99,-99,-99,-99,3,6,-99,3,6,-99,3,4,5,3,-99,-99,4,-99,-99,-99,-99,-99,-99,-99,-99,-99,-99,-99,5,9,8,6,6
E12000003,Yorkshire and The Humber,E08000018,Rotherham,E08000018,Rotherham,E02001604,"Catcliffe, Treeton & Waverley",-99,-99,-99,-99,-99,-99,-99,3,7,3,5,3,5,13,-99,-99,3,3,3,3,4,4,-99,-99,-99,-99,-99,-99,-99,-99,3,3,8,16,12,26,26
E12000003,Yorkshire and The Humber,E08000018,Rotherham,E08000018,Rotherham,E02001605,Laughton & Throapham,-99,-99,-99,-99,-99,-99,-99,-99,-99,3,8,6,10,12,7,4,-99,-99,-99,4,5,-99,-99,-99,-99,-99,-99,-99,-99,-99,-99,4,-99,3,-99,9,9
E12000003,Yorkshire and The Humber,E08000018,Rotherham,E08000018,Rotherham,E02001606,Dinnington,-99,-99,-99,-99,-99,-99,-99,-99,-99,-99,4,8,4,6,13,3,10,-99,-99,-99,3,-99,5,-99,-99,-99,-99,-99,-99,-99,-99,-99,-99,-99,6,18,18
E12000003,Yorkshire and The Humber,E08000018,Rotherham,E08000018,Rotherham,E02001607,Aston,-99,-99,-99,-99,-99,-99,-99,-99,5,3,3,-99,4,6,3,-99,3,-99,-99,-99,-99,3,-99,3,6,-99,-99,-99,-99,-99,-99,7,9,-99,4,20,20
E12000003,Yorkshire and The Humber,E08000018,Rotherham,E08000018,Rotherham,E02001608,Swallownest & Wales,-99,-99,-99,-99,-99,-99,-99,-99,3,4,6,8,-99,5,-99,5,4,-99,-99,5,-99,-99,-99,-99,-99,-99,-99,-99,-99,-99,-99,6,-99,-99,11,16,16
E12000003,Yorkshire and The Humber,E08000018,Rotherham,E08000018,Rotherham,E02001609,Anston & Woodsetts,-99,-99,-99,-99,-99,-99,-99,-99,3,3,4,5,5,8,-99,-99,3,6,6,-99,-99,-99,-99,-99,4,-99,-99,-99,-99,-99,-99,3,-99,4,4,8,8
E12000003,Yorkshire and The Humber,E08000018,Rotherham,E08000018,Rotherham,E02001610,"Kiveton, Todwick & Harthill",-99,-99,-99,-99,-99,-99,-99,-99,-99,-99,3,-99,-99,4,-99,-99,5,-99,-99,-99,-99,-99,-99,-99,4,3,-99,-99,-99,-99,4,3,-99,-99,3,10,10
E12000003,Yorkshire and The Humber,E08000019,Sheffield,E08000019,Sheffield,E02001611,Stocksbridge,-99,-99,-99,-99,-99,-99,-99,3,-99,-99,-99,9,35,18,30,3,-99,-99,-99,-99,-99,-99,-99,-99,-99,-99,-99,-99,-99,-99,-99,-99,4,3,8,7,7
E12000003,Yorkshire and The Humber,E08000019,Sheffield,E08000019,Sheffield,E02001612,Deepcar & Bolsterstone,-99,-99,-99,-99,-99,-99,-99,-99,-99,-99,3,-99,-99,3,-99,3,-99,-99,-99,-99,-99,-99,-99,-99,-99,-99,-99,-99,-99,-99,-99,-99,-99,-99,5,7,7
E12000003,Yorkshire and The Humber,E08000019,Sheffield,E08000019,Sheffield,E02001613,High Green & Burncross,-99,-99,-99,-99,-99,-99,-99,6,6,9,6,4,5,10,6,-99,5,-99,-99,3,-99,-99,-99,-99,-99,-99,-99,3,-99,-99,-99,-99,4,-99,6,8,8
E12000003,Yorkshire and The Humber,E08000019,Sheffield,E08000019,Sheffield,E02001614,Chapeltown,-99,-99,-99,-99,-99,-99,-99,12,4,5,5,8,25,14,7,5,8,-99,4,-99,-99,-99,-99,-99,-99,-99,-99,-99,-99,-99,13,5,3,4,10,26,26
E12000003,Yorkshire and The Humber,E08000019,Sheffield,E08000019,Sheffield,E02001615,Grenoside & Ecclesfield North,-99,-99,-99,-99,-99,-99,-99,-99,5,6,7,6,7,-99,-99,3,-99,-99,-99,-99,-99,-99,-99,-99,-99,-99,-99,-99,-99,-99,-99,-99,3,4,4,8,8
E12000003,Yorkshire and The Humber,E08000019,Sheffield,E08000019,Sheffield,E02001616,Ecclesfield South,-99,-99,-99,-99,-99,-99,-99,4,4,8,6,6,5,6,-99,-99,4,-99,-99,-99,-99,-99,-99,-99,3,-99,-99,3,-99,-99,3,-99,3,4,8,11,11
E12000003,Yorkshire and The Humber,E08000019,Sheffield,E08000019,Sheffield,E02001617,Shiregreen North,-99,-99,-99,-99,-99,-99,-99,3,7,7,10,7,5,10,4,-99,4,4,-99,-99,-99,-99,4,-99,-99,3,-99,4,-99,-99,-99,-99,-99,-99,6,4,4
E12000003,Yorkshire and The Humber,E08000019,Sheffield,E08000019,Sheffield,E02001618,Oughtibridge & Bradfield,-99,-99,-99,-99,-99,-99,-99,6,12,6,3,4,6,4,4,-99,-99,-99,-99,-99,-99,-99,-99,3,-99,-99,-99,-99,-99,-99,-99,3,-99,5,8,20,20
E12000003,Yorkshire and The Humber,E08000019,Sheffield,E08000019,Sheffield,E02001619,Parson Cross,-99,-99,-99,-99,-99,-99,-99,4,-99,9,8,8,6,15,4,5,-99,-99,-99,4,5,3,-99,-99,-99,8,-99,-99,-99,3,-99,3,6,3,9,20,20
E12000003,Yorkshire and The Humber,E08000019,Sheffield,E08000019,Sheffield,E02001620,Shiregreen South,-99,-99,-99,-99,-99,-99,-99,-99,9,6,9,7,8,7,-99,5,-99,-99,-99,-99,-99,-99,-99,-99,9,-99,-99,-99,-99,-99,-99,6,-99,-99,4,10,10
E12000003,Yorkshire and The Humber,E08000019,Sheffield,E08000019,Sheffield,E02001621,Sheffield Lane Top & Longley Park,-99,-99,-99,-99,-99,-99,-99,-99,-99,10,8,8,7,7,-99,3,4,-99,5,4,6,3,4,-99,-99,-99,6,-99,3,-99,-99,4,-99,-99,3,15,15
E12000003,Yorkshire and The Humber,E08000019,Sheffield,E08000019,Sheffield,E02001622,Southey Green West,-99,-99,-99,-99,-99,-99,-99,-99,6,6,7,9,5,10,4,5,-99,-99,-99,6,4,-99,-99,-99,-99,3,4,-99,-99,-99,-99,4,5,6,7,5,5
E12000003,Yorkshire and The Humber,E08000019,Sheffield,E08000019,Sheffield,E02001623,Firth Park,-99,-99,-99,-99,-99,-99,-99,6,7,8,16,8,17,13,10,-99,-99,-99,5,8,12,16,-99,-99,4,8,-99,-99,-99,-99,8,4,3,-99,10,17,17
E12000003,Yorkshire and The Humber,E08000019,Sheffield,E08000019,Sheffield,E02001624,Brightside & Wincobank,-99,-99,-99,-99,-99,-99,-99,-99,8,12,3,6,12,3,-99,6,-99,-99,4,6,-99,4,-99,8,-99,-99,3,-99,-99,3,3,-99,5,5,11,20,20
E12000003,Yorkshire and The Humber,E08000019,Sheffield,E08000019,Sheffield,E02001625,Southey Green East,-99,-99,-99,-99,-99,-99,-99,4,5,11,6,11,12,8,-99,6,-99,3,-99,-99,-99,-99,6,-99,-99,3,-99,-99,-99,-99,-99,6,5,3,6,10,10
E12000003,Yorkshire and The Humber,E08000019,Sheffield,E08000019,Sheffield,E02001626,Wadsley & Marlcliffe,-99,-99,-99,-99,-99,-99,-99,-99,6,6,4,4,-99,4,-99,-99,-99,4,-99,-99,-99,-99,-99,-99,-99,-99,-99,-99,-99,-99,-99,-99,-99,-99,-99,10,10
E12000003,Yorkshire and The Humber,E08000019,Sheffield,E08000019,Sheffield,E02001627,"Hillsborough, Owlerton & Wadsley Bridge",-99,-99,-99,-99,-99,-99,-99,3,5,7,8,-99,-99,3,-99,-99,3,-99,-99,-99,-99,-99,-99,-99,-99,-99,-99,-99,-99,-99,-99,-99,-99,3,7,5,5
E12000003,Yorkshire and The Humber,E08000019,Sheffield,E08000019,Sheffield,E02001628,Tinsley & Carbrook,-99,-99,-99,-99,-99,-99,-99,-99,3,5,5,3,-99,-99,-99,-99,-99,-99,5,4,-99,-99,-99,-99,-99,-99,-99,-99,-99,-99,-99,-99,6,20,14,15,15
E12000003,Yorkshire and The Humber,E08000019,Sheffield,E08000019,Sheffield,E02001629,Shirecliffe & Parkwood Springs,-99,-99,-99,-99,-99,-99,-99,-99,7,8,7,10,4,6,-99,5,7,6,6,3,-99,-99,5,-99,-99,-99,-99,6,-99,3,3,-99,5,7,9,22,22
E12000003,Yorkshire and The Humber,E08000019,Sheffield,E08000019,Sheffield,E02001630,Crabtree & Fir Vale,-99,-99,-99,-99,-99,-99,-99,-99,17,20,11,54,24,29,4,-99,-99,6,9,9,13,27,16,15,8,6,-99,6,-99,-99,4,12,6,9,15,14,14
E12000003,Yorkshire and The Humber,E08000019,Sheffield,E08000019,Sheffield,E02001631,Malin Bridge & Wisewood,-99,-99,-99,-99,-99,-99,-99,4,6,6,5,3,-99,3,-99,3,3,3,-99,-99,3,-99,-99,-99,-99,-99,-99,-99,-99,-99,-99,-99,3,5,8,9,9
E12000003,Yorkshire and The Humber,E08000019,Sheffield,E08000019,Sheffield,E02001632,Burngreave & Grimesthorpe,-99,-99,-99,-99,-99,-99,-99,3,10,21,20,14,13,4,6,-99,6,10,9,11,13,17,11,8,17,12,6,5,4,10,7,8,6,8,19,33,33
E12000003,Yorkshire and The Humber,E08000019,Sheffield,E08000019,Sheffield,E02001633,Upper Stannington & Loxley,-99,-99,-99,-99,-99,-99,-99,7,3,7,8,7,5,3,-99,-99,-99,-99,-99,-99,-99,-99,-99,-99,-99,-99,-99,-99,-99,-99,-99,-99,-99,5,13,11,11
E12000003,Yorkshire and The Humber,E08000019,Sheffield,E08000019,Sheffield,E02001634,Walkley,-99,-99,-99,-99,-99,-99,-99,-99,4,7,11,5,3,4,-99,-99,-99,-99,-99,-99,-99,-99,-99,-99,-99,-99,-99,-99,-99,-99,-99,-99,4,3,11,10,10
E12000003,Yorkshire and The Humber,E08000019,Sheffield,E08000019,Sheffield,E02001635,Lower Stannington,-99,-99,-99,-99,-99,-99,-99,-99,5,7,-99,3,-99,-99,-99,-99,-99,-99,-99,-99,-99,-99,-99,-99,-99,-99,-99,-99,-99,-99,-99,4,-99,-99,-99,7,7
E12000003,Yorkshire and The Humber,E08000019,Sheffield,E08000019,Sheffield,E02001636,"Upperthorpe, Netherthorpe & Langsett",-99,-99,-99,-99,-99,-99,-99,3,-99,-99,3,-99,4,6,-99,4,3,-99,-99,-99,-99,-99,3,-99,-99,-99,3,3,10,-99,-99,-99,4,5,19,48,48
E12000003,Yorkshire and The Humber,E08000019,Sheffield,E08000019,Sheffield,E02001637,Darnall,-99,-99,-99,-99,-99,-99,-99,-99,-99,6,4,3,-99,-99,3,4,-99,6,5,9,-99,14,7,3,5,6,5,7,7,-99,-99,4,16,20,11,40,40
E12000003,Yorkshire and The Humber,E08000019,Sheffield,E08000019,Sheffield,E02001638,Springvale & Steel Bank,-99,-99,-99,-99,-99,-99,-99,-99,5,-99,-99,-99,-99,-99,-99,-99,-99,-99,-99,-99,-99,-99,-99,-99,-99,-99,-99,-99,-99,-99,-99,-99,-99,8,9,50,50
E12000003,Yorkshire and The Humber,E08000019,Sheffield,E08000019,Sheffield,E02001639,Crookes,-99,-99,-99,-99,-99,-99,-99,-99,3,5,6,12,6,8,6,-99,-99,3,-99,-99,-99,3,-99,-99,-99,-99,-99,-99,-99,-99,-99,6,5,6,12,15,15
E12000003,Yorkshire and The Humber,E08000019,Sheffield,E08000019,Sheffield,E02001640,Broomhill & Lower Crookesmoor,-99,-99,-99,-99,-99,-99,-99,-99,-99,-99,3,3,7,7,8,-99,-99,-99,3,-99,-99,-99,-99,-99,-99,-99,-99,-99,-99,-99,-99,7,6,10,27,63,63
E12000003,Yorkshire and The Humber,E08000019,Sheffield,E08000019,Sheffield,E02001642,Littledale & Handsworth North,-99,-99,-99,-99,-99,-99,-99,5,10,8,5,4,4,9,9,3,4,4,4,-99,-99,5,-99,-99,-99,-99,-99,-99,-99,-99,-99,5,-99,10,10,27,27
E12000003,Yorkshire and The Humber,E08000019,Sheffield,E08000019,Sheffield,E02001643,Sandygate & Crosspool,-99,-99,-99,-99,-99,-99,-99,-99,7,-99,3,3,5,3,-99,3,-99,-99,-99,-99,-99,-99,-99,-99,-99,-99,-99,-99,-99,-99,-99,3,3,-99,7,12,12
E12000003,Yorkshire and The Humber,E08000019,Sheffield,E08000019,Sheffield,E02001646,Broomhall,-99,-99,-99,-99,-99,-99,-99,-99,3,4,3,-99,3,3,3,4,-99,3,-99,-99,-99,-99,-99,-99,-99,4,-99,-99,-99,-99,7,8,10,13,27,185,185
E12000003,Yorkshire and The Humber,E08000019,Sheffield,E08000019,Sheffield,E02001647,Handsworth South,-99,-99,-99,-99,-99,-99,-99,-99,-99,4,-99,5,10,3,3,-99,-99,-99,-99,3,-99,4,-99,-99,-99,-99,-99,-99,-99,-99,-99,-99,4,5,11,27,27
E12000003,Yorkshire and The Humber,E08000019,Sheffield,E08000019,Sheffield,E02001648,Endcliffe & Ranmoor,-99,-99,-99,-99,-99,-99,-99,4,5,6,8,8,-99,3,-99,-99,-99,-99,-99,-99,-99,-99,-99,-99,-99,-99,3,-99,-99,-99,-99,6,5,4,22,408,408
E12000003,Yorkshire and The Humber,E08000019,Sheffield,E08000019,Sheffield,E02001649,Woodthorpe,-99,-99,-99,-99,-99,-99,-99,3,5,9,4,8,3,12,3,3,-99,8,6,8,-99,-99,-99,-99,-99,-99,-99,-99,-99,-99,-99,-99,10,9,19,17,17
E12000003,Yorkshire and The Humber,E08000019,Sheffield,E08000019,Sheffield,E02001650,Sharrow,-99,-99,-99,-99,-99,-99,-99,4,5,4,5,-99,-99,3,5,3,-99,5,3,5,-99,3,4,4,-99,3,-99,-99,-99,-99,5,18,12,10,26,107,107
E12000003,Yorkshire and The Humber,E08000019,Sheffield,E08000019,Sheffield,E02001651,Fulwood & Lodge Moor,-99,-99,-99,-99,-99,3,3,6,10,4,3,4,-99,-99,3,3,-99,-99,-99,-99,-99,-99,-99,-99,-99,-99,-99,-99,-99,-99,-99,-99,4,-99,6,25,25
E12000003,Yorkshire and The Humber,E08000019,Sheffield,E08000019,Sheffield,E02001652,Highfield & Lowfield,-99,-99,-99,-99,-99,-99,-99,-99,-99,5,-99,-99,3,5,-99,-99,3,5,5,4,-99,-99,-99,9,-99,-99,3,3,3,-99,3,12,15,8,23,115,115
E12000003,Yorkshire and The Humber,E08000019,Sheffield,E08000019,Sheffield,E02001653,Norfolk Park,-99,-99,-99,-99,-99,-99,-99,4,5,9,4,6,3,3,4,3,3,3,-99,7,-99,-99,-99,-99,-99,8,-99,-99,4,-99,-99,3,3,3,-99,18,18
E12000003,Yorkshire and The Humber,E08000019,Sheffield,E08000019,Sheffield,E02001654,Woodhouse Mill,-99,-99,-99,-99,-99,-99,-99,4,9,13,5,4,3,5,-99,4,6,-99,-99,-99,-99,-99,-99,-99,-99,-99,-99,-99,-99,-99,-99,-99,-99,-99,13,20,20
E12000003,Yorkshire and The Humber,E08000019,Sheffield,E08000019,Sheffield,E02001655,Richmond & Stradbroke,-99,-99,-99,-99,-99,-99,-99,-99,6,7,-99,4,9,8,-99,-99,-99,-99,-99,3,-99,-99,-99,-99,-99,-99,-99,-99,-99,-99,-99,-99,3,4,-99,17,17
E12000003,Yorkshire and The Humber,E08000019,Sheffield,E08000019,Sheffield,E02001656,Brincliffe & Sharrow Vale,-99,-99,-99,-99,-99,-99,-99,5,7,5,8,4,3,4,4,-99,3,-99,3,-99,-99,-99,-99,-99,-99,-99,-99,4,-99,-99,-99,-99,3,5,13,23,23
E12000003,Yorkshire and The Humber,E08000019,Sheffield,E08000019,Sheffield,E02001657,Ecclesall & Greystones,-99,-99,-99,-99,-99,-99,-99,4,7,8,4,3,-99,8,-99,-99,-99,-99,-99,-99,-99,-99,-99,-99,-99,-99,-99,-99,-99,3,3,3,-99,5,9,19,19
E12000003,Yorkshire and The Humber,E08000019,Sheffield,E08000019,Sheffield,E02001658,Arbourthorne,-99,-99,-99,-99,-99,-99,-99,-99,-99,-99,3,-99,3,4,-99,-99,-99,-99,-99,-99,3,-99,-99,-99,-99,-99,-99,-99,-99,5,-99,-99,-99,-99,3,22,22
E12000003,Yorkshire and The Humber,E08000019,Sheffield,E08000019,Sheffield,E02001659,Woodhouse West,-99,-99,-99,-99,-99,-99,-99,-99,7,5,3,3,5,5,-99,5,-99,-99,-99,-99,-99,-99,4,-99,-99,-99,-99,-99,-99,-99,-99,-99,4,6,3,9,9
E12000003,Yorkshire and The Humber,E08000019,Sheffield,E08000019,Sheffield,E02001660,Nether Edge,-99,-99,-99,-99,-99,-99,-99,-99,5,5,5,5,4,6,-99,-99,4,9,10,3,-99,-99,-99,-99,4,4,-99,3,5,-99,6,-99,14,10,20,22,22
E12000003,Yorkshire and The Humber,E08000019,Sheffield,E08000019,Sheffield,E02001661,Heeley & Newfield Green,-99,-99,-99,-99,-99,-99,-99,-99,4,24,4,4,6,3,3,5,-99,9,-99,7,3,-99,-99,-99,3,-99,-99,-99,-99,-99,6,3,5,5,5,18,18
E12000003,Yorkshire and The Humber,E08000019,Sheffield,E08000019,Sheffield,E02001662,Intake,-99,-99,-99,-99,-99,-99,-99,-99,7,3,-99,7,10,13,-99,9,4,6,6,3,-99,-99,-99,-99,-99,-99,3,8,4,-99,-99,-99,11,6,16,21,21
E12000003,Yorkshire and The Humber,E08000019,Sheffield,E08000019,Sheffield,E02001663,Meersbrook,-99,-99,-99,-99,-99,-99,-99,-99,4,4,3,-99,3,3,4,4,6,6,-99,-99,-99,-99,5,-99,-99,-99,3,-99,-99,-99,-99,8,3,6,7,13,13
E12000003,Yorkshire and The Humber,E08000019,Sheffield,E08000019,Sheffield,E02001664,Gleadless,-99,-99,-99,-99,-99,-99,-99,-99,4,6,3,6,-99,6,3,-99,-99,-99,-99,-99,-99,-99,-99,-99,-99,-99,-99,-99,-99,-99,-99,-99,3,3,-99,10,10
E12000003,Yorkshire and The Humber,E08000019,Sheffield,E08000019,Sheffield,E02001665,Bents Green & Millhouses,-99,-99,-99,-99,-99,-99,-99,5,13,8,8,8,3,-99,3,-99,-99,-99,-99,-99,5,-99,-99,-99,-99,-99,-99,-99,-99,-99,-99,8,6,11,20,27,27
E12000003,Yorkshire and The Humber,E08000019,Sheffield,E08000019,Sheffield,E02001666,Beighton,-99,-99,-99,-99,-99,-99,-99,-99,4,4,-99,-99,3,3,-99,-99,-99,-99,-99,4,-99,-99,-99,-99,-99,-99,-99,-99,-99,-99,-99,3,-99,-99,9,13,13
E12000003,Yorkshire and The Humber,E08000019,Sheffield,E08000019,Sheffield,E02001669,Woodseats,-99,-99,-99,-99,-99,-99,-99,-99,6,7,8,6,6,4,7,-99,-99,-99,-99,-99,-99,-99,-99,-99,-99,-99,-99,-99,-99,-99,-99,4,6,11,5,16,16
E12000003,Yorkshire and The Humber,E08000019,Sheffield,E08000019,Sheffield,E02001670,Herdings & Gleadless Valley,-99,-99,-99,-99,-99,-99,-99,-99,3,4,4,6,7,-99,4,3,-99,4,-99,3,-99,-99,-99,-99,-99,-99,-99,-99,-99,-99,-99,-99,3,4,-99,7,7
E12000003,Yorkshire and The Humber,E08000019,Sheffield,E08000019,Sheffield,E02001671,Hackenthorpe,-99,-99,-99,-99,-99,-99,-99,-99,4,4,5,4,6,-99,-99,-99,3,-99,-99,-99,-99,-99,-99,-99,-99,-99,-99,-99,3,-99,-99,-99,-99,-99,3,16,16
E12000003,Yorkshire and The Humber,E08000019,Sheffield,E08000019,Sheffield,E02001672,Charnock & Basegreen,-99,-99,-99,-99,-99,-99,-99,-99,6,-99,3,4,3,6,5,3,-99,-99,-99,-99,-99,-99,-99,-99,-99,-99,-99,-99,-99,-99,-99,-99,-99,-99,7,9,9
E12000003,Yorkshire and The Humber,E08000019,Sheffield,E08000019,Sheffield,E02001673,Sothall,-99,-99,-99,-99,-99,-99,-99,-99,5,3,6,9,4,7,4,3,10,-99,-99,-99,-99,-99,-99,-99,-99,-99,-99,-99,3,-99,-99,-99,-99,-99,4,12,12
E12000003,Yorkshire and The Humber,E08000019,Sheffield,E08000019,Sheffield,E02001674,Norton & Norton Lees,-99,-99,-99,-99,-99,-99,-99,6,7,7,13,6,-99,13,5,-99,-99,-99,-99,-99,-99,-99,-99,-99,-99,-99,3,-99,-99,-99,-99,-99,-99,6,8,32,32
E12000003,Yorkshire and The Humber,E08000019,Sheffield,E08000019,Sheffield,E02001675,Westfield & Waterthorpe,-99,-99,-99,-99,-99,-99,-99,-99,-99,5,-99,-99,4,-99,4,-99,3,-99,-99,-99,-99,-99,-99,-99,-99,-99,-99,-99,-99,-99,-99,-99,5,3,-99,8,8
E12000003,Yorkshire and The Humber,E08000019,Sheffield,E08000019,Sheffield,E02001676,Beauchief,-99,-99,-99,-99,-99,-99,-99,-99,7,-99,3,3,5,-99,-99,-99,-99,-99,-99,-99,-99,-99,-99,-99,-99,-99,-99,-99,-99,-99,-99,3,6,5,6,15,15
E12000003,Yorkshire and The Humber,E08000019,Sheffield,E08000019,Sheffield,E02001678,Dore & Whirlow,-99,-99,-99,-99,-99,-99,-99,-99,8,10,5,7,3,-99,4,-99,-99,-99,3,-99,-99,-99,-99,-99,-99,-99,-99,-99,-99,-99,5,3,9,4,6,21,21
E12000003,Yorkshire and The Humber,E08000019,Sheffield,E08000019,Sheffield,E02001679,Greenhill & Lowedges,-99,-99,-99,-99,-99,-99,-99,-99,4,3,3,-99,-99,-99,-99,-99,-99,-99,-99,-99,-99,-99,-99,-99,-99,-99,-99,-99,-99,-99,-99,-99,7,3,13,4,4
E12000003,Yorkshire and The Humber,E08000019,Sheffield,E08000019,Sheffield,E02001680,Batemoor & Jordanthorpe,-99,-99,-99,-99,-99,-99,-99,-99,3,5,4,3,7,-99,-99,4,-99,3,-99,-99,-99,-99,-99,-99,-99,-99,-99,-99,-99,-99,-99,-99,3,7,10,20,20
E12000003,Yorkshire and The Humber,E08000019,Sheffield,E08000019,Sheffield,E02001681,Totley & Bradway,-99,-99,-99,-99,-99,-99,-99,-99,7,-99,5,-99,-99,3,-99,-99,-99,-99,-99,-99,-99,-99,-99,-99,-99,-99,-99,-99,-99,-99,-99,-99,6,10,17,12,12
E12000001,North East,E08000037,Gateshead,E08000037,Gateshead,E02001682,Ryton,-99,-99,-99,-99,-99,-99,-99,-99,-99,-99,8,10,3,-99,-99,-99,-99,-99,-99,-99,-99,-99,-99,-99,-99,-99,-99,-99,-99,-99,5,6,8,13,7,7,7
E12000001,North East,E08000037,Gateshead,E08000037,Gateshead,E02001683,Crawcrook & Greenside,-99,-99,-99,-99,-99,-99,-99,-99,-99,5,15,8,27,10,10,-99,-99,-99,4,-99,-99,-99,-99,-99,-99,-99,-99,-99,-99,-99,-99,5,-99,11,7,19,19
E12000001,North East,E08000037,Gateshead,E08000037,Gateshead,E02001684,"Pelaw, Felling Shore & Bill Quay",-99,-99,-99,-99,-99,-99,-99,-99,-99,7,10,7,9,4,6,-99,-99,-99,-99,-99,-99,-99,-99,-99,-99,-99,-99,-99,-99,-99,-99,3,-99,9,10,11,11
E12000001,North East,E08000037,Gateshead,E08000037,Gateshead,E02001685,Blaydon South,-99,-99,-99,-99,-99,-99,-99,-99,-99,10,6,7,4,4,-99,-99,-99,-99,-99,-99,-99,-99,-99,-99,-99,-99,-99,-99,-99,-99,-99,-99,-99,6,14,9,9
E12000001,North East,E08000037,Gateshead,E08000037,Gateshead,E02001686,Blaydon North & Winlaton Mill,-99,-99,-99,-99,-99,-99,-99,-99,-99,10,6,7,4,11,7,-99,-99,4,-99,-99,-99,-99,-99,-99,-99,-99,-99,-99,-99,-99,8,10,7,6,6,14,14
E12000001,North East,E08000037,Gateshead,E08000037,Gateshead,E02001688,Dunston & Teams,-99,-99,-99,-99,-99,-99,-99,-99,-99,11,16,7,-99,5,-99,-99,-99,-99,-99,-99,-99,-99,-99,-99,-99,-99,-99,-99,-99,-99,-99,6,9,10,10,8,8
E12000001,North East,E08000037,Gateshead,E08000037,Gateshead,E02001689,Bensham North,-99,-99,-99,-99,-99,-99,-99,-99,4,7,11,5,-99,10,5,-99,-99,3,-99,-99,-99,-99,-99,-99,-99,-99,-99,3,-99,-99,-99,4,9,-99,27,24,24
E12000001,North East,E08000037,Gateshead,E08000037,Gateshead,E02001690,Swalwell,-99,-99,-99,-99,-99,-99,-99,-99,-99,9,9,5,-99,5,3,-99,-99,-99,-99,-99,-99,-99,-99,-99,-99,-99,-99,-99,-99,-99,6,6,-99,8,5,20,20
E12000001,North East,E08000037,Gateshead,E08000037,Gateshead,E02001691,Bensham South & Saltwell,-99,-99,-99,-99,-99,-99,-99,-99,-99,4,6,4,6,3,-99,-99,-99,-99,-99,-99,-99,-99,-99,-99,-99,-99,-99,-99,-99,-99,-99,-99,8,14,12,15,15
E12000001,North East,E08000037,Gateshead,E08000037,Gateshead,E02001692,Mount Pleasant & Deckham East,-99,-99,-99,-99,-99,-99,-99,-99,3,6,6,6,6,6,4,3,4,-99,-99,-99,-99,-99,-99,-99,-99,-99,-99,-99,-99,-99,-99,-99,8,8,9,9,9
E12000001,North East,E08000037,Gateshead,E08000037,Gateshead,E02001693,Felling South,-99,-99,-99,-99,-99,-99,-99,-99,-99,5,10,8,7,-99,-99,-99,-99,-99,-99,-99,-99,-99,-99,-99,-99,-99,-99,-99,-99,-99,-99,-99,3,8,10,12,12
E12000001,North East,E08000037,Gateshead,E08000037,Gateshead,E02001694,Dunston Hill,-99,-99,-99,-99,-99,-99,-99,-99,-99,5,3,4,6,-99,-99,3,-99,-99,-99,-99,-99,-99,-99,-99,-99,-99,-99,-99,-99,-99,-99,-99,6,7,9,12,12
E12000001,North East,E08000037,Gateshead,E08000037,Gateshead,E02001695,Wardley,-99,-99,-99,-99,-99,-99,-99,-99,-99,4,6,11,-99,7,-99,-99,4,-99,-99,-99,-99,-99,-99,-99,-99,-99,-99,-99,-99,-99,-99,-99,5,16,20,18,18
E12000001,North East,E08000037,Gateshead,E08000037,Gateshead,E02001696,Heworth,-99,-99,-99,-99,-99,-99,-99,-99,-99,9,19,18,5,-99,-99,-99,-99,-99,-99,-99,-99,-99,-99,-99,-99,-99,5,-99,-99,-99,-99,11,10,23,19,18,18
E12000001,North East,E08000037,Gateshead,E08000037,Gateshead,E02001697,Low Fell East,-99,-99,-99,-99,-99,-99,-99,-99,4,7,15,11,23,16,-99,-99,-99,-99,-99,-99,-99,-99,-99,-99,-99,-99,-99,-99,-99,-99,-99,5,10,13,18,21,21
E12000001,North East,E08000037,Gateshead,E08000037,Gateshead,E02001698,Whickham,-99,-99,-99,-99,-99,-99,-99,-99,3,7,9,-99,-99,4,-99,-99,-99,-99,-99,-99,-99,-99,-99,-99,-99,-99,-99,-99,-99,-99,-99,4,6,11,14,19,19
E12000001,North East,E08000037,Gateshead,E08000037,Gateshead,E02001699,Windy Nook & Whitehills,-99,-99,-99,-99,-99,-99,-99,-99,-99,4,8,12,4,7,-99,6,-99,-99,-99,-99,-99,-99,-99,-99,-99,-99,-99,-99,-99,-99,-99,-99,12,4,20,14,14
E12000001,North East,E08000037,Gateshead,E08000037,Gateshead,E02001700,Sunniside & Lobley Hill,-99,-99,-99,-99,-99,-99,-99,-99,-99,13,9,6,3,4,5,-99,-99,-99,-99,-99,-99,-99,-99,-99,-99,-99,-99,-99,-99,-99,3,17,9,19,13,24,24
E12000001,North East,E08000037,Gateshead,E08000037,Gateshead,E02001701,Low Fell West,-99,-99,-99,-99,-99,-99,-99,-99,-99,4,6,5,5,4,12,3,-99,-99,-99,-99,-99,-99,-99,-99,-99,-99,-99,-99,-99,3,-99,3,3,10,8,16,16
E12000001,North East,E08000037,Gateshead,E08000037,Gateshead,E02001702,Beacon Lough & Wrekenton,-99,-99,-99,-99,-99,-99,-99,-99,-99,4,12,10,5,-99,-99,3,-99,-99,-99,-99,-99,-99,-99,-99,-99,-99,-99,-99,-99,-99,-99,-99,7,9,13,19,19
E12000001,North East,E08000037,Gateshead,E08000037,Gateshead,E02001703,Rowlands Gill & Lockhaugh,-99,-99,-99,-99,-99,-99,-99,-99,-99,3,5,5,-99,-99,-99,-99,-99,-99,-99,-99,-99,-99,-99,-99,-99,-99,-99,-99,-99,-99,-99,4,3,-99,-99,10,10
E12000001,North East,E08000037,Gateshead,E08000037,Gateshead,E02001704,Easedale Gardens,-99,-99,-99,-99,-99,-99,-99,-99,-99,7,4,5,8,7,4,-99,-99,-99,-99,-99,-99,-99,-99,-99,-99,-99,-99,-99,3,-99,-99,-99,8,15,12,9,9
E12000001,North East,E08000037,Gateshead,E08000037,Gateshead,E02001705,Chopwell & High Spen,-99,-99,-99,-99,-99,-99,-99,-99,-99,5,3,-99,10,8,14,5,-99,-99,-99,-99,-99,-99,-99,-99,-99,-99,-99,-99,-99,-99,-99,-99,5,3,7,9,9
E12000001,North East,E08000037,Gateshead,E08000037,Gateshead,E02001706,Birtley North & Kibblesworth,-99,-99,-99,-99,-99,-99,-99,-99,4,9,4,6,9,5,-99,-99,-99,-99,-99,-99,-99,-99,-99,-99,-99,-99,-99,-99,-99,-99,-99,8,5,11,13,28,28
E12000001,North East,E08000037,Gateshead,E08000037,Gateshead,E02001707,Birtley South,-99,-99,-99,-99,-99,-99,-99,-99,4,9,14,14,18,26,11,3,3,-99,-99,-99,-99,-99,-99,-99,-99,-99,-99,-99,-99,-99,-99,4,5,10,12,16,16
E12000001,North East,E08000021,Newcastle upon Tyne,E08000021,Newcastle upon Tyne,E02001708,Kingston Park & Dinnington,-99,-99,-99,-99,-99,-99,-99,-99,5,14,10,7,5,-99,-99,-99,-99,-99,-99,-99,-99,-99,-99,-99,-99,-99,-99,-99,-99,4,3,4,10,17,27,24,24
E12000001,North East,E08000021,Newcastle upon Tyne,E08000021,Newcastle upon Tyne,E02001709,North Gosforth,-99,-99,-99,-99,-99,-99,-99,4,6,11,6,6,5,5,-99,-99,-99,-99,-99,-99,-99,-99,-99,-99,-99,-99,-99,-99,-99,-99,-99,4,5,18,20,31,31
E12000001,North East,E08000021,Newcastle upon Tyne,E08000021,Newcastle upon Tyne,E02001710,Fawdon South,-99,-99,-99,-99,-99,-99,-99,-99,6,5,11,11,13,5,16,-99,-99,3,3,-99,-99,-99,-99,-99,-99,-99,-99,-99,-99,5,-99,9,3,17,18,33,33
E12000001,North East,E08000021,Newcastle upon Tyne,E08000021,Newcastle upon Tyne,E02001711,Woolsington & Airport,-99,-99,-99,-99,-99,-99,-99,-99,4,3,11,8,14,3,-99,-99,-99,-99,-99,-99,-99,-99,-99,-99,-99,-99,-99,-99,-99,-99,-99,5,13,13,16,21,21
E12000001,North East,E08000021,Newcastle upon Tyne,E08000021,Newcastle upon Tyne,E02001712,South Gosforth,-99,-99,-99,-99,-99,-99,-99,-99,4,15,10,9,10,15,-99,-99,-99,-99,-99,-99,-99,-99,-99,-99,-99,-99,-99,-99,-99,-99,3,-99,-99,6,22,22,22
E12000001,North East,E08000021,Newcastle upon Tyne,E08000021,Newcastle upon Tyne,E02001713,Coxlodge & West Gosforth,-99,-99,-99,-99,-99,-99,-99,4,12,11,4,7,3,4,-99,-99,-99,-99,-99,-99,-99,-99,-99,-99,-99,-99,-99,-99,4,-99,-99,-99,6,9,16,35,35
E12000001,North East,E08000021,Newcastle upon Tyne,E08000021,Newcastle upon Tyne,E02001714,High Heaton,-99,-99,-99,-99,-99,-99,-99,-99,12,10,5,4,3,3,6,-99,-99,-99,-99,-99,-99,-99,-99,-99,-99,-99,-99,-99,3,-99,-99,4,-99,16,31,24,24
E12000001,North East,E08000021,Newcastle upon Tyne,E08000021,Newcastle upon Tyne,E02001715,Kenton,-99,-99,-99,-99,-99,-99,-99,-99,3,3,7,20,6,12,15,7,8,5,-99,-99,-99,-99,-99,-99,-99,-99,-99,-99,-99,-99,-99,5,12,24,20,26,26
E12000001,North East,E08000021,Newcastle upon Tyne,E08000021,Newcastle upon Tyne,E02001718,Blakelaw,-99,-99,-99,-99,-99,-99,-99,-99,5,-99,4,5,6,3,4,-99,-99,-99,-99,-99,-99,-99,-99,-99,-99,-99,-99,-99,-99,-99,-99,3,3,13,13,19,19
E12000001,North East,E08000021,Newcastle upon Tyne,E08000021,Newcastle upon Tyne,E02001719,North Heaton,-99,-99,-99,-99,-99,-99,-99,-99,5,10,10,5,4,-99,-99,-99,-99,-99,-99,-99,-99,-99,-99,-99,-99,-99,-99,-99,-99,-99,-99,3,5,12,34,25,25
E12000001,North East,E08000021,Newcastle upon Tyne,E08000021,Newcastle upon Tyne,E02001720,North Jesmond,-99,-99,-99,-99,-99,-99,-99,-99,5,5,12,3,4,-99,-99,4,-99,-99,-99,-99,-99,-99,-99,-99,-99,-99,-99,-99,-99,6,3,6,8,25,58,81,81
E12000001,North East,E08000021,Newcastle upon Tyne,E08000021,Newcastle upon Tyne,E02001721,Throckley & Newburn,-99,-99,-99,-99,-99,-99,-99,-99,4,6,4,3,5,6,-99,-99,-99,-99,-99,-99,-99,-99,-99,-99,-99,-99,-99,-99,3,-99,-99,7,7,15,16,17,17
E12000001,North East,E08000021,Newcastle upon Tyne,E08000021,Newcastle upon Tyne,E02001722,Denton,-99,-99,-99,-99,-99,-99,-99,-99,5,7,6,15,4,4,4,-99,-99,-99,-99,-99,-99,-99,-99,-99,-99,-99,-99,-99,-99,3,-99,6,3,15,8,26,26
E12000001,North East,E08000021,Newcastle upon Tyne,E08000021,Newcastle upon Tyne,E02001723,Cowgate,-99,-99,-99,-99,-99,-99,-99,-99,3,5,-99,5,4,6,8,-99,3,3,-99,6,-99,-99,4,-99,-99,-99,-99,4,-99,-99,4,4,3,10,27,29,29
E12000001,North East,E08000021,Newcastle upon Tyne,E08000021,Newcastle upon Tyne,E02001724,South Jesmond & Sandyford,-99,-99,-99,-99,-99,-99,-99,-99,9,13,8,7,-99,-99,8,14,5,6,-99,6,4,-99,-99,-99,-99,-99,-99,-99,-99,-99,3,5,7,23,49,60,60
E12000001,North East,E08000021,Newcastle upon Tyne,E08000021,Newcastle upon Tyne,E02001725,Heaton South,-99,-99,-99,-99,-99,-99,-99,-99,-99,6,-99,3,4,-99,-99,-99,-99,-99,-99,-99,-99,-99,-99,-99,-99,-99,-99,-99,-99,-99,-99,5,4,25,24,32,32
E12000001,North East,E08000021,Newcastle upon Tyne,E08000021,Newcastle upon Tyne,E02001726,Fenham,-99,-99,-99,-99,-99,-99,-99,-99,-99,6,9,6,5,4,-99,4,-99,-99,-99,-99,-99,3,-99,3,-99,-99,-99,-99,-99,-99,-99,12,10,12,41,49,49
E12000001,North East,E08000021,Newcastle upon Tyne,E08000021,Newcastle upon Tyne,E02001727,Walkergate,-99,-99,-99,-99,-99,-99,-99,-99,8,4,5,11,3,5,-99,-99,5,-99,-99,-99,-99,-99,-99,-99,-99,-99,-99,-99,-99,-99,-99,4,4,8,26,18,18
E12000001,North East,E08000021,Newcastle upon Tyne,E08000021,Newcastle upon Tyne,E02001728,Lemington,-99,-99,-99,-99,-99,-99,-99,-99,-99,4,9,4,-99,7,-99,-99,-99,-99,-99,-99,-99,-99,-99,-99,-99,-99,-99,-99,7,-99,-99,5,5,10,24,22,22
E12000001,North East,E08000021,Newcastle upon Tyne,E08000021,Newcastle upon Tyne,E02001729,Nunsmoor,-99,-99,-99,-99,-99,-99,-99,-99,3,6,12,9,5,6,6,-99,-99,-99,-99,-99,-99,-99,-99,-99,-99,-99,-99,3,3,7,3,4,16,20,49,96,96
E12000001,North East,E08000021,Newcastle upon Tyne,E08000021,Newcastle upon Tyne,E02001730,Shieldfield & Heaton Park,-99,-99,-99,-99,-99,-99,-99,4,4,7,4,3,-99,-99,4,4,4,3,-99,-99,-99,-99,-99,-99,-99,-99,-99,-99,3,5,8,12,16,43,146,332,332
E12000001,North East,E08000021,Newcastle upon Tyne,E08000021,Newcastle upon Tyne,E02001731,City Centre & Arthur's Hill,-99,-99,-99,-99,-99,-99,-99,-99,-99,7,7,4,8,4,3,-99,-99,-99,-99,-99,-99,-99,-99,-99,-99,-99,-99,-99,3,-99,6,13,16,20,57,260,260
E12000001,North East,E08000021,Newcastle upon Tyne,E08000021,Newcastle upon Tyne,E02001732,Scotswood,-99,-99,-99,-99,-99,-99,-99,-99,3,5,5,-99,4,-99,-99,-99,-99,-99,-99,-99,-99,-99,-99,-99,-99,-99,-99,-99,-99,-99,-99,-99,-99,6,12,16,16
E12000001,North East,E08000021,Newcastle upon Tyne,E08000021,Newcastle upon Tyne,E02001733,Byker,-99,-99,-99,-99,-99,-99,-99,-99,5,8,7,9,7,28,4,11,3,20,3,-99,-99,-99,-99,-99,-99,-99,-99,-99,4,-99,3,15,9,23,30,36,36
E12000001,North East,E08000021,Newcastle upon Tyne,E08000021,Newcastle upon Tyne,E02001734,Benwell,-99,-99,-99,-99,-99,-99,-99,-99,-99,4,12,5,12,13,3,-99,-99,3,-99,-99,-99,-99,-99,-99,-99,-99,-99,-99,-99,-99,-99,3,3,12,23,20,20
E12000001,North East,E08000021,Newcastle upon Tyne,E08000021,Newcastle upon Tyne,E02001735,Walker North,-99,-99,-99,-99,-99,-99,-99,-99,5,8,4,7,4,-99,-99,4,-99,-99,-99,-99,-99,-99,-99,-99,-99,-99,-99,-99,-99,-99,-99,-99,5,23,14,15,15
E12000001,North East,E08000021,Newcastle upon Tyne,E08000021,Newcastle upon Tyne,E02001736,Elswick,-99,-99,-99,-99,-99,-99,-99,-99,-99,8,9,12,15,8,6,8,-99,7,4,-99,-99,-99,-99,-99,-99,-99,-99,-99,-99,-99,-99,7,20,33,40,46,46
E12000001,North East,E08000021,Newcastle upon Tyne,E08000021,Newcastle upon Tyne,E02001737,Walker South,-99,-99,-99,-99,-99,-99,-99,-99,3,3,6,3,-99,5,-99,-99,-99,-99,-99,-99,-99,-99,-99,-99,-99,-99,-99,-99,-99,-99,-99,-99,-99,9,11,8,8
E12000001,North East,E08000022,North Tyneside,E08000022,North Tyneside,E02001738,Whitley Bay North,-99,-99,-99,-99,-99,-99,-99,-99,-99,-99,3,4,3,-99,3,-99,-99,-99,-99,-99,-99,-99,-99,-99,-99,-99,-99,-99,-99,-99,-99,-99,-99,5,6,16,16
E12000001,North East,E08000022,North Tyneside,E08000022,North Tyneside,E02001739,Fordley,-99,-99,-99,-99,-99,-99,-99,-99,3,4,5,5,-99,4,-99,-99,-99,-99,-99,-99,-99,-99,-99,-99,-99,-99,-99,-99,-99,-99,-99,-99,3,10,14,22,22
E12000001,North East,E08000022,North Tyneside,E08000022,North Tyneside,E02001740,Whitley Sands,-99,-99,-99,-99,-99,-99,-99,-99,-99,-99,-99,-99,4,-99,-99,-99,-99,-99,-99,-99,-99,-99,-99,-99,-99,-99,-99,-99,-99,-99,-99,4,3,5,-99,16,16
E12000001,North East,E08000022,North Tyneside,E08000022,North Tyneside,E02001741,Wideopen & Seaton Burn,-99,-99,-99,-99,-99,-99,-99,-99,-99,3,4,-99,4,3,4,3,-99,-99,-99,-99,-99,-99,-99,-99,-99,-99,-99,-99,-99,-99,-99,4,-99,3,8,24,24
E12000001,North East,E08000022,North Tyneside,E08000022,North Tyneside,E02001742,West Monkseaton,-99,-99,-99,-99,-99,-99,-99,-99,-99,-99,6,5,-99,3,-99,-99,-99,-99,-99,-99,-99,-99,-99,-99,-99,-99,-99,-99,-99,-99,-99,-99,4,6,19,14,14
E12000001,North East,E08000022,North Tyneside,E08000022,North Tyneside,E02001743,Whitley Bay Promenade,-99,-99,-99,-99,-99,-99,-99,-99,-99,6,7,5,8,4,3,-99,3,-99,-99,-99,-99,-99,-99,-99,-99,-99,-99,-99,-99,-99,3,10,3,13,13,22,22
E12000001,North East,E08000022,North Tyneside,E08000022,North Tyneside,E02001744,Shiremoor North & South Wellfield,-99,-99,-99,-99,-99,-99,-99,-99,-99,3,-99,-99,-99,7,-99,-99,-99,-99,-99,-99,-99,-99,-99,-99,-99,-99,-99,-99,-99,-99,-99,-99,5,12,18,19,19
E12000001,North East,E08000022,North Tyneside,E08000022,North Tyneside,E02001745,Killingworth West & Camperdown,-99,-99,-99,-99,-99,-99,-99,-99,-99,7,8,-99,-99,3,4,-99,-99,-99,-99,-99,-99,-99,-99,-99,-99,-99,-99,-99,3,-99,3,-99,-99,7,7,14,14
E12000001,North East,E08000022,North Tyneside,E08000022,North Tyneside,E02001746,Monkseaton,-99,-99,-99,-99,-99,-99,-99,-99,4,5,-99,5,12,-99,-99,-99,-99,-99,-99,-99,-99,-99,-99,-99,-99,-99,-99,-99,-99,-99,-99,9,6,9,12,21,21
E12000001,North East,E08000022,North Tyneside,E08000022,North Tyneside,E02001747,Cullercoats,-99,-99,-99,-99,-99,-99,-99,-99,-99,-99,3,-99,-99,-99,-99,-99,-99,-99,-99,-99,-99,-99,-99,-99,-99,-99,-99,-99,-99,-99,-99,4,-99,6,6,13,13
E12000001,North East,E08000022,North Tyneside,E08000022,North Tyneside,E02001748,Shiremoor South & West Allotment,-99,-99,-99,-99,-99,-99,-99,-99,-99,4,4,-99,3,-99,-99,-99,-99,-99,-99,-99,-99,-99,-99,-99,-99,-99,-99,-99,-99,-99,-99,-99,4,9,11,20,20
E12000001,North East,E08000022,North Tyneside,E08000022,North Tyneside,E02001749,Killingworth East,-99,-99,-99,-99,-99,-99,-99,-99,-99,-99,-99,6,-99,-99,-99,7,-99,-99,-99,-99,-99,-99,-99,-99,-99,-99,-99,-99,-99,3,-99,-99,-99,6,3,7,7
E12000001,North East,E08000022,North Tyneside,E08000022,North Tyneside,E02001750,Preston Grange,-99,-99,-99,-99,-99,-99,-99,-99,3,9,-99,3,6,-99,15,3,-99,-99,-99,-99,-99,-99,-99,-99,-99,-99,-99,-99,-99,-99,-99,3,4,4,13,19,19
E12000001,North East,E08000022,North Tyneside,E08000022,North Tyneside,E02001751,Forest Hall & West Moor,-99,-99,-99,-99,-99,-99,-99,-99,-99,5,3,6,-99,-99,-99,-99,-99,-99,-99,-99,-99,-99,-99,-99,-99,-99,-99,-99,-99,-99,-99,-99,-99,4,6,16,16
E12000001,North East,E08000022,North Tyneside,E08000022,North Tyneside,E02001752,New York,-99,-99,-99,-99,-99,-99,-99,-99,-99,7,6,7,-99,8,-99,-99,-99,-99,-99,-99,-99,-99,-99,-99,-99,-99,-99,-99,-99,-99,-99,4,-99,4,5,3,3
E12000001,North East,E08000022,North Tyneside,E08000022,North Tyneside,E02001753,Tynemouth Priory,-99,-99,-99,-99,-99,-99,-99,-99,-99,-99,3,3,-99,-99,-99,-99,-99,-99,-99,3,-99,-99,-99,-99,-99,-99,-99,-99,-99,-99,-99,3,-99,9,8,14,14
E12000001,North East,E08000022,North Tyneside,E08000022,North Tyneside,E02001754,Tynemouth West,-99,-99,-99,-99,-99,-99,-99,-99,-99,4,5,4,5,3,-99,-99,10,4,7,3,-99,-99,-99,-99,-99,-99,-99,-99,-99,-99,-99,-99,-99,4,7,5,5
E12000001,North East,E08000022,North Tyneside,E08000022,North Tyneside,E02001755,Holystone & Benton,-99,-99,-99,-99,-99,-99,-99,-99,-99,3,9,4,3,-99,3,-99,-99,-99,-99,-99,-99,-99,-99,-99,-99,-99,-99,-99,-99,-99,-99,3,3,7,22,24,24
E12000001,North East,E08000022,North Tyneside,E08000022,North Tyneside,E02001756,Longbenton,-99,-99,-99,-99,-99,-99,-99,-99,-99,8,7,5,-99,5,3,-99,-99,-99,-99,-99,-99,-99,-99,-99,-99,-99,-99,-99,-99,-99,3,-99,4,6,17,21,21
E12000001,North East,E08000022,North Tyneside,E08000022,North Tyneside,E02001757,Preston Billy Mill,-99,-99,-99,-99,-99,-99,-99,-99,-99,3,-99,-99,-99,-99,-99,-99,-99,-99,-99,-99,-99,-99,-99,-99,-99,-99,-99,-99,-99,-99,-99,-99,6,8,5,11,11
E12000001,North East,E08000022,North Tyneside,E08000022,North Tyneside,E02001758,Battle Hill East,-99,-99,-99,-99,-99,-99,-99,-99,-99,3,6,3,-99,-99,-99,-99,-99,-99,-99,-99,-99,-99,-99,-99,-99,-99,-99,-99,-99,-99,-99,-99,3,-99,15,18,18
E12000001,North East,E08000022,North Tyneside,E08000022,North Tyneside,E02001759,North Shields,-99,-99,-99,-99,-99,-99,-99,-99,-99,5,5,6,-99,3,5,5,-99,3,-99,-99,-99,-99,-99,-99,-99,-99,-99,-99,-99,-99,-99,-99,-99,-99,10,12,12
E12000001,North East,E08000022,North Tyneside,E08000022,North Tyneside,E02001760,Chirton,-99,-99,-99,-99,-99,-99,-99,-99,-99,7,-99,4,4,5,4,-99,-99,-99,-99,-99,-99,-99,-99,-99,-99,-99,-99,-99,-99,-99,-99,-99,-99,6,9,22,22
E12000001,North East,E08000022,North Tyneside,E08000022,North Tyneside,E02001761,Battle Hill West,-99,-99,-99,-99,-99,-99,-99,-99,-99,4,4,-99,4,5,3,-99,-99,-99,-99,-99,-99,-99,-99,-99,-99,-99,-99,-99,4,3,-99,-99,6,6,9,12,12
E12000001,North East,E08000022,North Tyneside,E08000022,North Tyneside,E02001762,East Benton,-99,-99,-99,-99,-99,-99,-99,-99,-99,4,3,4,4,3,-99,-99,-99,-99,-99,-99,-99,-99,-99,-99,-99,-99,-99,-99,-99,-99,-99,-99,5,10,12,10,10
E12000001,North East,E08000022,North Tyneside,E08000022,North Tyneside,E02001763,Howdon,-99,-99,-99,-99,-99,-99,-99,-99,5,4,7,-99,5,3,6,-99,-99,-99,-99,-99,-99,-99,-99,-99,-99,-99,-99,3,-99,-99,-99,-99,-99,6,10,15,15
E12000001,North East,E08000022,North Tyneside,E08000022,North Tyneside,E02001764,Percy Main,-99,-99,-99,-99,-99,-99,-99,-99,-99,3,5,5,4,5,-99,3,3,-99,-99,-99,-99,-99,-99,-99,-99,-99,-99,-99,-99,-99,-99,7,5,5,3,20,20
E12000001,North East,E08000022,North Tyneside,E08000022,North Tyneside,E02001765,Willington Quay,-99,-99,-99,-99,-99,-99,-99,-99,-99,5,3,15,3,11,16,17,3,-99,3,-99,-99,-99,-99,-99,-99,-99,-99,-99,-99,-99,-99,-99,5,16,17,11,11
E12000001,North East,E08000022,North Tyneside,E08000022,North Tyneside,E02001766,Wallsend East,-99,-99,-99,-99,-99,-99,-99,-99,5,6,-99,6,5,4,-99,-99,3,3,-99,-99,-99,-99,-99,-99,-99,-99,-99,-99,-99,-99,-99,-99,10,7,20,10,10
E12000001,North East,E08000022,North Tyneside,E08000022,North Tyneside,E02001767,Wallsend West,-99,-99,-99,-99,-99,-99,-99,-99,6,5,5,7,-99,-99,4,-99,-99,-99,-99,-99,-99,-99,-99,-99,-99,-99,-99,-99,3,-99,-99,-99,7,8,18,20,20
E12000001,North East,E08000023,South Tyneside,E08000023,South Tyneside,E02001768,South Shields East,-99,-99,-99,-99,-99,-99,-99,-99,-99,4,3,9,3,15,3,8,-99,-99,-99,-99,-99,-99,-99,-99,-99,-99,-99,3,-99,-99,-99,11,12,16,31,25,25
E12000001,North East,E08000023,South Tyneside,E08000023,South Tyneside,E02001769,South Shields West,-99,-99,-99,-99,-99,-99,-99,-99,-99,4,-99,4,4,7,-99,-99,-99,-99,-99,-99,-99,-99,-99,-99,-99,-99,-99,-99,-99,-99,4,6,-99,39,22,26,26
E12000001,North East,E08000023,South Tyneside,E08000023,South Tyneside,E02001770,Westoe,-99,-99,-99,-99,-99,-99,-99,-99,-99,8,5,-99,7,5,3,-99,-99,-99,-99,-99,-99,-99,-99,-99,-99,-99,-99,-99,-99,-99,-99,-99,4,14,15,13,13
E12000001,North East,E08000023,South Tyneside,E08000023,South Tyneside,E02001771,Horsley Hill,-99,-99,-99,-99,-99,-99,-99,-99,-99,3,4,-99,-99,-99,3,-99,-99,-99,-99,-99,-99,-99,-99,-99,-99,-99,-99,-99,-99,-99,3,3,-99,7,10,22,22
E12000001,North East,E08000023,South Tyneside,E08000023,South Tyneside,E02001772,West Park,-99,-99,-99,-99,-99,-99,-99,-99,-99,-99,3,21,12,-99,4,3,-99,-99,-99,-99,-99,-99,-99,-99,-99,-99,-99,-99,-99,-99,-99,9,4,8,17,18,18
E12000001,North East,E08000023,South Tyneside,E08000023,South Tyneside,E02001773,Harton West,-99,-99,-99,-99,-99,-99,-99,-99,-99,4,-99,3,4,5,-99,-99,-99,-99,-99,-99,-99,-99,-99,-99,-99,-99,-99,-99,-99,-99,8,-99,-99,12,18,15,15
E12000001,North East,E08000023,South Tyneside,E08000023,South Tyneside,E02001774,Jarrow Town,-99,-99,-99,-99,-99,-99,-99,-99,-99,10,5,5,5,11,5,6,-99,-99,-99,-99,-99,-99,-99,-99,-99,-99,-99,-99,-99,-99,-99,3,3,12,7,9,9
E12000001,North East,E08000023,South Tyneside,E08000023,South Tyneside,E02001775,Harton East,-99,-99,-99,-99,-99,-99,-99,-99,-99,4,8,3,8,19,14,10,-99,5,-99,-99,-99,-99,-99,-99,-99,-99,-99,-99,-99,-99,7,-99,4,8,6,22,22
E12000001,North East,E08000023,South Tyneside,E08000023,South Tyneside,E02001776,Hebburn North,-99,-99,-99,-99,-99,-99,-99,-99,3,3,9,21,26,5,3,-99,5,3,-99,-99,-99,-99,-99,-99,-99,-99,-99,-99,-99,6,4,10,24,19,18,20,20
E12000001,North East,E08000023,South Tyneside,E08000023,South Tyneside,E02001777,Hebburn West,-99,-99,-99,-99,-99,-99,-99,-99,3,8,8,5,10,5,12,3,5,-99,-99,-99,-99,-99,-99,-99,-99,-99,-99,-99,-99,-99,3,-99,7,14,12,18,18
E12000001,North East,E08000023,South Tyneside,E08000023,South Tyneside,E02001778,West Harton,-99,-99,-99,-99,-99,-99,-99,-99,-99,3,6,5,5,4,-99,4,-99,-99,-99,-99,-99,-99,-99,-99,-99,-99,-99,-99,-99,-99,-99,6,-99,7,15,14,14
E12000001,North East,E08000023,South Tyneside,E08000023,South Tyneside,E02001779,Simonside,-99,-99,-99,-99,-99,-99,-99,-99,-99,3,6,-99,3,5,5,8,4,-99,-99,-99,-99,-99,-99,-99,-99,-99,-99,-99,-99,-99,-99,-99,3,5,7,13,13
E12000001,North East,E08000023,South Tyneside,E08000023,South Tyneside,E02001780,Cleadon Park,-99,-99,-99,-99,-99,-99,-99,-99,-99,5,7,4,5,3,-99,3,6,-99,-99,-99,-99,-99,-99,-99,-99,-99,-99,-99,-99,-99,3,-99,8,6,13,13,13
E12000001,North East,E08000023,South Tyneside,E08000023,South Tyneside,E02001781,Brockley Whins,-99,-99,-99,-99,-99,-99,-99,-99,-99,-99,-99,9,5,-99,4,-99,-99,-99,-99,-99,-99,-99,-99,-99,-99,-99,-99,-99,-99,-99,-99,5,10,13,9,11,11
E12000001,North East,E08000023,South Tyneside,E08000023,South Tyneside,E02001782,Hebburn South,-99,-99,-99,-99,-99,-99,-99,-99,3,6,8,13,13,9,-99,8,-99,4,-99,-99,-99,-99,-99,-99,-99,-99,-99,-99,-99,-99,8,3,16,27,25,21,21
E12000001,North East,E08000023,South Tyneside,E08000023,South Tyneside,E02001783,Biddick Hill,-99,-99,-99,-99,-99,-99,-99,-99,-99,3,6,5,7,7,6,4,-99,4,-99,-99,-99,-99,-99,-99,-99,-99,-99,-99,-99,-99,5,3,10,6,12,10,10
E12000001,North East,E08000023,South Tyneside,E08000023,South Tyneside,E02001784,Primrose,-99,-99,-99,-99,-99,-99,-99,-99,-99,7,7,11,4,3,-99,3,-99,-99,-99,-99,-99,-99,-99,-99,-99,-99,-99,-99,-99,-99,6,4,-99,11,14,10,10
E12000001,North East,E08000023,South Tyneside,E08000023,South Tyneside,E02001785,Whitburn & Marsden,-99,-99,-99,-99,-99,-99,-99,-99,-99,3,6,-99,5,-99,3,3,-99,-99,-99,-99,-99,-99,-99,-99,-99,-99,-99,-99,-99,-99,-99,4,10,16,10,32,32
E12000001,North East,E08000023,South Tyneside,E08000023,South Tyneside,E02001786,Whiteleas,-99,-99,-99,-99,-99,-99,-99,-99,-99,-99,-99,4,6,6,5,-99,-99,-99,-99,-99,-99,-99,-99,-99,-99,-99,-99,-99,-99,-99,-99,-99,3,7,12,18,18
E12000001,North East,E08000023,South Tyneside,E08000023,South Tyneside,E02001787,Fellgate & Hedworth,-99,-99,-99,-99,-99,-99,-99,-99,-99,3,-99,9,-99,3,-99,-99,-99,-99,-99,-99,-99,-99,-99,-99,-99,-99,-99,-99,-99,-99,-99,-99,3,5,11,14,14
E12000001,North East,E08000023,South Tyneside,E08000023,South Tyneside,E02001788,Boldon Colliery,-99,-99,-99,-99,-99,-99,-99,-99,-99,-99,5,6,9,15,6,8,4,-99,-99,-99,-99,-99,-99,-99,-99,-99,-99,-99,-99,-99,-99,-99,-99,15,12,26,26
E12000001,North East,E08000023,South Tyneside,E08000023,South Tyneside,E02001789,Cleadon & East Boldon,-99,-99,-99,-99,-99,-99,-99,-99,-99,5,4,6,-99,-99,-99,-99,-99,-99,-99,-99,-99,-99,-99,-99,-99,-99,-99,-99,-99,-99,-99,6,9,13,17,13,13
E12000001,North East,E08000023,South Tyneside,E08000023,South Tyneside,E02001790,West Boldon,-99,-99,-99,-99,-99,-99,-99,-99,-99,3,4,6,7,5,-99,3,5,-99,-99,-99,-99,-99,-99,-99,-99,-99,-99,-99,-99,-99,-99,5,10,23,22,20,20
E12000001,North East,E08000024,Sunderland,E08000024,Sunderland,E02001791,Fulwell,-99,-99,-99,-99,-99,-99,-99,-99,-99,6,-99,-99,3,-99,-99,-99,-99,-99,-99,-99,-99,-99,-99,-99,-99,-99,-99,-99,4,-99,-99,-99,-99,5,8,12,12
E12000001,North East,E08000024,Sunderland,E08000024,Sunderland,E02001792,Seaburn,-99,-99,-99,-99,-99,-99,-99,-99,4,6,13,4,-99,-99,-99,-99,4,-99,-99,-99,-99,-99,-99,-99,-99,-99,-99,-99,-99,-99,-99,4,12,9,11,26,26
E12000001,North East,E08000024,Sunderland,E08000024,Sunderland,E02001793,Town End Farm,-99,-99,-99,-99,-99,-99,-99,-99,-99,4,5,5,3,6,-99,-99,-99,-99,-99,-99,-99,-99,-99,-99,-99,-99,-99,-99,-99,-99,-99,3,6,11,20,19,19
E12000001,North East,E08000024,Sunderland,E08000024,Sunderland,E02001794,Hylton Red House & Marley Pots,-99,-99,-99,-99,-99,-99,-99,-99,3,5,15,11,7,13,-99,7,-99,3,3,-99,-99,-99,-99,-99,-99,-99,-99,-99,-99,-99,4,3,10,18,15,37,37
E12000001,North East,E08000024,Sunderland,E08000024,Sunderland,E02001795,Southwick,-99,-99,-99,-99,-99,-99,-99,-99,5,17,10,3,7,6,3,-99,4,-99,-99,-99,-99,-99,-99,-99,-99,-99,-99,-99,-99,-99,-99,4,3,8,12,28,28
E12000001,North East,E08000024,Sunderland,E08000024,Sunderland,E02001796,Monkwearmouth,-99,-99,-99,-99,-99,-99,-99,-99,-99,11,8,6,4,-99,-99,3,-99,-99,-99,-99,-99,-99,-99,-99,-99,-99,-99,-99,3,-99,-99,3,3,9,16,14,14
E12000001,North East,E08000024,Sunderland,E08000024,Sunderland,E02001797,Springwell & Usworth,-99,-99,-99,-99,-99,-99,-99,-99,-99,4,3,8,7,9,-99,-99,-99,-99,-99,-99,-99,-99,-99,-99,-99,-99,-99,-99,-99,-99,-99,5,7,16,11,25,25
E12000001,North East,E08000024,Sunderland,E08000024,Sunderland,E02001798,North Hylton,-99,-99,-99,-99,-99,-99,-99,-99,-99,6,10,4,7,3,-99,-99,3,-99,-99,-99,-99,-99,-99,-99,-99,-99,-99,4,-99,-99,-99,-99,9,19,24,38,38
E12000001,North East,E08000024,Sunderland,E08000024,Sunderland,E02001799,Concord and Sulgrave,-99,-99,-99,-99,-99,-99,-99,-99,-99,5,9,5,4,8,-99,-99,-99,-99,-99,-99,-99,-99,-99,-99,-99,-99,-99,-99,-99,-99,-99,-99,3,10,51,38,38
E12000001,North East,E08000024,Sunderland,E08000024,Sunderland,E02001800,Albany and Blackfell,-99,-99,-99,-99,-99,-99,-99,-99,-99,8,6,3,3,-99,-99,-99,-99,-99,-99,-99,-99,-99,-99,-99,-99,-99,-99,3,-99,-99,-99,-99,3,7,9,31,31
E12000001,North East,E08000024,Sunderland,E08000024,Sunderland,E02001801,Millfield,-99,-99,-99,-99,-99,-99,-99,-99,-99,32,17,12,7,13,-99,-99,-99,-99,-99,-99,-99,-99,-99,-99,-99,-99,-99,-99,-99,4,-99,3,12,14,14,12,12
E12000001,North East,E08000024,Sunderland,E08000024,Sunderland,E02001802,Pallion North,-99,-99,-99,-99,-99,-99,-99,-99,-99,13,10,17,9,7,6,4,4,-99,-99,-99,-99,-99,-99,-99,-99,-99,-99,-99,-99,-99,-99,4,7,9,17,26,26
E12000001,North East,E08000024,Sunderland,E08000024,Sunderland,E02001803,Sunderland Central & Deptford,-99,-99,-99,-99,-99,-99,-99,-99,-99,8,13,8,6,3,-99,-99,-99,-99,-99,-99,-99,-99,-99,-99,-99,-99,-99,-99,-99,-99,-99,7,5,12,24,24,24
E12000001,North East,E08000024,Sunderland,E08000024,Sunderland,E02001804,South Hylton,-99,-99,-99,-99,-99,-99,-99,-99,3,7,7,12,4,10,42,9,6,-99,-99,-99,-99,-99,-99,-99,-99,-99,-99,-99,-99,-99,-99,3,-99,4,6,10,10
E12000001,North East,E08000024,Sunderland,E08000024,Sunderland,E02001805,Pallion South & High Barnes,-99,-99,-99,-99,-99,-99,-99,-99,-99,17,10,16,9,9,6,-99,-99,3,-99,-99,-99,-99,-99,-99,-99,-99,-99,-99,-99,-99,-99,-99,4,14,12,7,7
E12000001,North East,E08000024,Sunderland,E08000024,Sunderland,E02001806,Hendon & Docks,-99,-99,-99,-99,-99,-99,-99,-99,-99,8,6,6,7,10,-99,-99,-99,-99,-99,-99,-99,-99,-99,-99,-99,-99,-99,-99,-99,-99,-99,4,3,8,20,14,14
E12000001,North East,E08000024,Sunderland,E08000024,Sunderland,E02001807,"Columbia, Barmston & Teal Farm",-99,-99,-99,-99,-99,-99,-99,-99,4,5,5,5,5,5,-99,-99,-99,-99,-99,-99,-99,-99,-99,-99,-99,-99,-99,-99,-99,-99,-99,3,4,7,7,23,23
E12000001,North East,E08000024,Sunderland,E08000024,Sunderland,E02001808,Barnes Park,-99,-99,-99,-99,-99,-99,-99,-99,-99,4,4,9,5,-99,-99,4,-99,-99,-99,-99,-99,-99,-99,-99,-99,-99,-99,-99,-99,-99,-99,-99,3,7,12,12,12
E12000001,North East,E08000024,Sunderland,E08000024,Sunderland,E02001809,Washington Town Centre & Biddick,-99,-99,-99,-99,-99,-99,-99,-99,-99,3,5,-99,8,-99,-99,-99,-99,-99,-99,-99,-99,-99,-99,-99,-99,-99,-99,3,-99,-99,-99,-99,3,6,9,9,9
E12000001,North East,E08000024,Sunderland,E08000024,Sunderland,E02001810,Oxclose and Lambton,-99,-99,-99,-99,-99,-99,-99,-99,-99,3,8,7,8,-99,-99,-99,-99,-99,-99,-99,-99,-99,-99,-99,-99,-99,-99,-99,-99,-99,-99,-99,8,6,13,7,7
E12000001,North East,E08000024,Sunderland,E08000024,Sunderland,E02001811,Pennywell and Grindon,-99,-99,-99,-99,-99,-99,-99,-99,-99,6,12,9,11,9,4,5,3,-99,-99,-99,-99,-99,-99,-99,-99,-99,-99,-99,-99,-99,-99,5,8,9,12,15,15
E12000001,North East,E08000024,Sunderland,E08000024,Sunderland,E02001812,Hill View & Tunstall,-99,-99,-99,-99,-99,-99,-99,-99,-99,15,20,14,8,17,9,-99,-99,-99,-99,-99,-99,-99,-99,-99,-99,-99,-99,-99,-99,-99,-99,-99,5,12,21,28,28
E12000001,North East,E08000024,Sunderland,E08000024,Sunderland,E02001813,Thorney Close & Plains Farm,-99,-99,-99,-99,-99,-99,-99,-99,-99,8,9,11,4,7,-99,-99,-99,-99,-99,-99,-99,-99,-99,-99,-99,-99,-99,-99,-99,-99,-99,-99,11,18,22,23,23
E12000001,North East,E08000024,Sunderland,E08000024,Sunderland,E02001814,Grangetown,-99,-99,-99,-99,-99,-99,-99,3,-99,11,7,9,10,6,8,-99,-99,-99,-99,-99,-99,-99,-99,-99,-99,-99,-99,-99,-99,-99,-99,-99,-99,9,13,14,14
E12000001,North East,E08000024,Sunderland,E08000024,Sunderland,E02001815,"Harraton, Rickleton & Fatfield",-99,-99,-99,-99,-99,-99,-99,-99,-99,8,7,11,23,4,3,-99,4,-99,-99,-99,-99,-99,-99,-99,-99,-99,-99,-99,-99,3,-99,6,13,10,7,22,22
E12000001,North East,E08000024,Sunderland,E08000024,Sunderland,E02001816,Lakeside & Farrington,-99,-99,-99,-99,-99,-99,-99,-99,3,9,6,7,9,3,-99,-99,-99,-99,-99,-99,-99,-99,-99,-99,-99,-99,-99,-99,-99,-99,-99,-99,4,21,29,17,17
E12000001,North East,E08000024,Sunderland,E08000024,Sunderland,E02001817,Silksworth,-99,-99,-99,-99,-99,-99,-99,-99,-99,5,3,10,6,6,3,-99,6,-99,-99,-99,-99,-99,-99,-99,-99,-99,-99,-99,-99,-99,-99,-99,9,10,21,15,15
E12000001,North East,E08000024,Sunderland,E08000024,Sunderland,E02001818,Ryhope,-99,-99,-99,-99,-99,-99,-99,-99,-99,5,17,13,6,10,4,-99,-99,-99,-99,-99,-99,-99,-99,-99,-99,-99,-99,-99,-99,-99,-99,6,18,18,10,14,14
E12000001,North East,E08000024,Sunderland,E08000024,Sunderland,E02001819,Herrington & Doxford,-99,-99,-99,-99,-99,-99,-99,-99,-99,6,13,5,4,4,-99,-99,-99,-99,-99,-99,-99,-99,-99,-99,-99,-99,-99,-99,-99,-99,-99,5,6,14,11,19,19
E12000001,North East,E08000024,Sunderland,E08000024,Sunderland,E02001820,Shiney Row,-99,-99,-99,-99,-99,-99,-99,-99,-99,10,11,7,6,7,-99,-99,-99,-99,-99,-99,-99,-99,-99,-99,-99,-99,-99,-99,-99,-99,-99,12,15,22,10,25,25
E12000001,North East,E08000024,Sunderland,E08000024,Sunderland,E02001821,Hall Farm,-99,-99,-99,-99,-99,-99,-99,-99,-99,9,5,5,3,4,4,-99,-99,-99,-99,-99,-99,-99,-99,-99,-99,-99,-99,-99,-99,-99,-99,-99,4,6,13,19,19
E12000001,North East,E08000024,Sunderland,E08000024,Sunderland,E02001822,Newbottle & Penshaw,-99,-99,-99,-99,-99,-99,-99,-99,-99,10,7,4,5,15,10,3,-99,-99,4,-99,-99,-99,-99,-99,-99,-99,-99,-99,-99,-99,-99,9,6,10,9,21,21
E12000001,North East,E08000024,Sunderland,E08000024,Sunderland,E02001823,Houghton West,-99,-99,-99,-99,-99,-99,-99,-99,-99,3,7,7,5,6,-99,-99,-99,-99,-99,-99,-99,-99,-99,-99,-99,-99,-99,-99,-99,-99,-99,49,15,6,38,38,38
E12000001,North East,E08000024,Sunderland,E08000024,Sunderland,E02001824,Houghton Town,-99,-99,-99,-99,-99,-99,-99,-99,4,6,11,14,3,-99,-99,-99,-99,-99,-99,-99,-99,-99,-99,-99,-99,-99,-99,-99,-99,-99,-99,37,5,11,13,24,24
E12000001,North East,E08000024,Sunderland,E08000024,Sunderland,E02001825,Hetton-le-Hole North,-99,-99,-99,-99,-99,-99,-99,-99,8,9,12,10,6,7,5,3,-99,-99,-99,-99,-99,-99,-99,-99,-99,-99,-99,-99,-99,-99,-99,4,6,10,37,47,47
E12000001,North East,E08000024,Sunderland,E08000024,Sunderland,E02001826,Hetton-le-Hole South,-99,-99,-99,-99,-99,-99,-99,-99,-99,7,7,8,5,5,-99,-99,-99,-99,-99,-99,-99,-99,-99,-99,-99,-99,-99,-99,-99,-99,-99,10,5,10,22,40,40
E12000005,West Midlands,E08000025,Birmingham,E08000025,Birmingham,E02001827,Hill Hook,-99,-99,-99,-99,-99,-99,-99,-99,-99,3,4,12,7,-99,-99,-99,-99,4,-99,-99,-99,-99,-99,-99,-99,-99,-99,-99,3,3,-99,-99,3,3,3,11,11
E12000005,West Midlands,E08000025,Birmingham,E08000025,Birmingham,E02001828,Four Oaks,-99,-99,-99,-99,-99,-99,-99,3,4,8,7,6,4,5,-99,-99,-99,-99,-99,-99,-99,-99,-99,-99,-99,-99,-99,-99,-99,-99,-99,4,-99,3,5,8,8
E12000005,West Midlands,E08000025,Birmingham,E08000025,Birmingham,E02001829,Little Sutton & Roughley,-99,-99,-99,-99,-99,-99,-99,-99,-99,3,3,3,-99,-99,3,-99,-99,-99,-99,-99,-99,-99,-99,-99,-99,-99,-99,-99,-99,-99,-99,9,-99,5,8,8,8
E12000005,West Midlands,E08000025,Birmingham,E08000025,Birmingham,E02001830,Sutton Coldfield North & Park,-99,-99,-99,-99,-99,-99,-99,3,3,10,3,6,3,6,-99,5,4,-99,-99,-99,-99,-99,-99,-99,-99,-99,-99,6,-99,-99,-99,3,3,3,5,7,7
E12000005,West Midlands,E08000025,Birmingham,E08000025,Birmingham,E02001831,Reddicap Heath,-99,-99,-99,-99,-99,-99,-99,-99,5,5,8,9,3,-99,-99,3,-99,5,-99,-99,-99,-99,-99,-99,-99,-99,-99,-99,6,-99,-99,7,3,-99,8,10,10
E12000005,West Midlands,E08000025,Birmingham,E08000025,Birmingham,E02001832,Rectory Park & New Hall Valley,-99,-99,-99,-99,-99,-99,-99,-99,6,5,5,6,3,-99,-99,3,-99,-99,-99,-99,-99,-99,-99,-99,-99,-99,-99,-99,-99,-99,-99,3,3,4,6,4,4
E12000005,West Midlands,E08000025,Birmingham,E08000025,Birmingham,E02001833,Kingstanding North,-99,-99,-99,-99,-99,-99,-99,-99,3,7,-99,-99,-99,-99,-99,-99,-99,3,4,-99,-99,-99,-99,-99,-99,-99,-99,-99,-99,-99,-99,-99,-99,5,7,6,6
E12000005,West Midlands,E08000025,Birmingham,E08000025,Birmingham,E02001834,Old Oscott,-99,-99,-99,-99,-99,-99,-99,-99,5,-99,-99,5,4,3,-99,-99,-99,-99,-99,-99,-99,-99,-99,-99,-99,-99,5,-99,-99,-99,-99,-99,-99,-99,5,16,16
E12000005,West Midlands,E08000025,Birmingham,E08000025,Birmingham,E02001835,Sutton Coldfield South & Central,-99,-99,-99,-99,-99,-99,-99,-99,13,10,4,8,-99,4,-99,3,-99,3,-99,-99,-99,-99,-99,-99,-99,-99,-99,-99,-99,-99,4,4,4,4,8,5,5
E12000005,West Midlands,E08000025,Birmingham,E08000025,Birmingham,E02001836,New Oscott,-99,-99,-99,-99,-99,-99,-99,-99,6,8,-99,7,7,7,3,-99,-99,-99,-99,-99,-99,-99,-99,-99,-99,-99,-99,-99,-99,-99,-99,-99,-99,5,8,6,6
E12000005,West Midlands,E08000025,Birmingham,E08000025,Birmingham,E02001837,Kingstanding South East,-99,-99,-99,-99,-99,-99,-99,3,-99,4,5,11,8,6,6,5,-99,-99,-99,-99,-99,-99,-99,-99,-99,-99,-99,-99,-99,4,-99,7,4,5,8,7,7
E12000005,West Midlands,E08000025,Birmingham,E08000025,Birmingham,E02001838,Walmley,-99,-99,-99,-99,-99,-99,-99,3,5,-99,5,3,-99,-99,-99,3,-99,-99,3,-99,3,-99,-99,-99,-99,-99,-99,-99,-99,-99,-99,-99,-99,5,12,5,5
E12000005,West Midlands,E08000025,Birmingham,E08000025,Birmingham,E02001839,Queslett,-99,-99,-99,-99,-99,-99,-99,-99,-99,8,6,3,-99,4,-99,-99,-99,-99,-99,-99,-99,-99,-99,-99,-99,-99,-99,-99,5,-99,3,-99,-99,6,3,10,10
E12000005,West Midlands,E08000025,Birmingham,E08000025,Birmingham,E02001840,Perry Common - College Road,-99,-99,-99,-99,-99,-99,-99,-99,9,8,5,4,13,7,-99,-99,3,-99,-99,-99,-99,-99,-99,-99,-99,-99,4,-99,4,-99,-99,-99,7,8,6,6,6
E12000005,West Midlands,E08000025,Birmingham,E08000025,Birmingham,E02001841,Wylde Green,-99,-99,-99,-99,-99,-99,-99,5,6,4,4,8,10,-99,-99,-99,-99,-99,-99,-99,-99,-99,-99,-99,-99,-99,-99,-99,-99,-99,-99,3,-99,4,5,6,6
E12000005,West Midlands,E08000025,Birmingham,E08000025,Birmingham,E02001842,Perry Beeches West,-99,-99,-99,-99,-99,-99,-99,-99,4,6,-99,4,-99,3,4,-99,-99,-99,-99,-99,-99,-99,-99,-99,5,-99,-99,-99,-99,-99,4,4,-99,10,14,7,7
E12000005,West Midlands,E08000025,Birmingham,E08000025,Birmingham,E02001843,Kingstanding South West,-99,-99,-99,-99,-99,-99,-99,-99,5,-99,-99,4,4,4,-99,-99,-99,-99,-99,-99,-99,-99,-99,3,-99,-99,-99,-99,3,-99,-99,-99,3,4,4,11,11
E12000005,West Midlands,E08000025,Birmingham,E08000025,Birmingham,E02001844,Chester Road,-99,-99,-99,-99,-99,-99,-99,4,15,14,14,9,6,6,3,-99,3,-99,-99,-99,-99,-99,-99,-99,-99,-99,-99,4,-99,3,-99,4,5,4,8,7,7
E12000005,West Midlands,E08000025,Birmingham,E08000025,Birmingham,E02001845,Perry Beeches East,-99,-99,-99,-99,-99,-99,-99,-99,3,3,-99,-99,-99,-99,-99,-99,-99,-99,-99,-99,-99,-99,-99,-99,3,-99,-99,-99,-99,3,-99,3,-99,13,7,3,3
E12000005,West Midlands,E08000025,Birmingham,E08000025,Birmingham,E02001846,Short Heath,-99,-99,-99,-99,-99,-99,-99,-99,5,4,-99,3,-99,3,-99,-99,3,-99,-99,-99,-99,-99,-99,-99,-99,-99,-99,4,-99,4,3,-99,3,8,7,4,4
E12000005,West Midlands,E08000025,Birmingham,E08000025,Birmingham,E02001847,Minworth,-99,-99,-99,-99,-99,-99,-99,-99,4,4,-99,-99,-99,-99,5,4,-99,-99,-99,-99,-99,-99,-99,-99,-99,-99,-99,-99,-99,-99,-99,-99,4,-99,10,7,7
E12000005,West Midlands,E08000025,Birmingham,E08000025,Birmingham,E02001848,Upper Witton,-99,-99,-99,-99,-99,-99,-99,-99,6,7,6,8,14,5,16,4,-99,-99,-99,-99,-99,-99,-99,-99,-99,-99,-99,4,3,-99,4,-99,3,16,7,6,6
E12000005,West Midlands,E08000025,Birmingham,E08000025,Birmingham,E02001849,Erdington Town,-99,-99,-99,-99,-99,-99,-99,-99,5,4,-99,3,-99,3,-99,4,3,-99,-99,-99,-99,-99,-99,-99,-99,-99,-99,6,-99,-99,-99,-99,-99,6,13,5,5
E12000005,West Midlands,E08000025,Birmingham,E08000025,Birmingham,E02001850,Perry Barr & South Hamstead,-99,-99,-99,-99,-99,-99,-99,-99,4,4,-99,4,-99,-99,3,-99,-99,-99,-99,-99,-99,-99,-99,-99,-99,-99,-99,-99,3,-99,5,3,16,19,13,22,22
E12000005,West Midlands,E08000025,Birmingham,E08000025,Birmingham,E02001851,Pype Hayes Park,-99,-99,-99,-99,-99,-99,-99,-99,-99,12,3,3,5,-99,4,-99,3,-99,-99,-99,-99,-99,-99,-99,-99,-99,-99,-99,-99,-99,-99,-99,-99,6,4,9,9
E12000005,West Midlands,E08000025,Birmingham,E08000025,Birmingham,E02001852,Stockland Green - Marsh Hill,-99,-99,-99,-99,-99,-99,-99,-99,7,4,4,-99,-99,-99,6,-99,-99,5,-99,-99,3,-99,-99,-99,-99,-99,-99,-99,-99,-99,-99,-99,-99,13,7,3,3
E12000005,West Midlands,E08000025,Birmingham,E08000025,Birmingham,E02001854,Birches Green,-99,-99,-99,-99,-99,-99,-99,-99,6,4,5,4,5,-99,-99,5,-99,-99,-99,-99,-99,-99,-99,-99,-99,-99,3,-99,-99,-99,4,-99,-99,3,4,15,15
E12000005,West Midlands,E08000025,Birmingham,E08000025,Birmingham,E02001855,Castle Vale,-99,-99,-99,-99,-99,-99,-99,-99,4,11,11,9,7,-99,-99,4,4,7,-99,-99,-99,-99,-99,-99,-99,-99,-99,-99,-99,-99,3,3,3,7,11,8,8
E12000005,West Midlands,E08000025,Birmingham,E08000025,Birmingham,E02001856,Brookvale,-99,-99,-99,-99,-99,-99,-99,-99,-99,6,6,3,4,-99,-99,-99,-99,-99,-99,-99,-99,-99,-99,-99,3,-99,-99,3,-99,5,-99,-99,9,4,13,9,9
E12000005,West Midlands,E08000025,Birmingham,E08000025,Birmingham,E02001857,Gravelly Hill & South Erdington,-99,-99,-99,-99,-99,-99,-99,5,9,7,-99,15,13,6,8,8,-99,3,-99,-99,5,-99,-99,-99,-99,5,-99,-99,-99,-99,4,10,5,11,10,12,12
E12000005,West Midlands,E08000025,Birmingham,E08000025,Birmingham,E02001858,Handsworth East,-99,-99,-99,-99,-99,-99,-99,3,-99,3,-99,-99,-99,3,3,3,-99,-99,-99,-99,-99,-99,-99,-99,-99,-99,-99,4,9,6,4,5,14,13,7,11,11
E12000005,West Midlands,E08000025,Birmingham,E08000025,Birmingham,E02001859,Birchfield East,-99,-99,-99,-99,-99,-99,-99,-99,4,7,6,-99,3,5,-99,-99,-99,3,5,-99,-99,3,-99,-99,4,3,-99,4,3,5,7,6,13,12,20,26,26
E12000005,West Midlands,E08000025,Birmingham,E08000025,Birmingham,E02001860,Handsworth West,-99,-99,-99,-99,-99,-99,-99,3,4,10,6,4,4,4,-99,-99,3,3,-99,-99,-99,-99,3,-99,-99,4,-99,3,-99,6,-99,10,11,18,18,5,5
E12000005,West Midlands,E08000025,Birmingham,E08000025,Birmingham,E02001861,Birchfield West,-99,-99,-99,-99,-99,-99,-99,3,3,6,5,4,-99,-99,5,-99,-99,-99,-99,-99,-99,-99,-99,-99,6,3,8,-99,14,-99,7,8,7,22,22,15,15
E12000005,West Midlands,E08000025,Birmingham,E08000025,Birmingham,E02001862,Middlemore,-99,-99,-99,-99,-99,-99,-99,5,4,5,4,5,6,-99,-99,-99,-99,-99,-99,-99,-99,-99,-99,-99,-99,4,-99,11,3,-99,-99,8,9,18,12,19,19
E12000005,West Midlands,E08000025,Birmingham,E08000025,Birmingham,E02001863,Aston Park,-99,-99,-99,-99,-99,-99,-99,-99,4,6,6,4,-99,-99,-99,-99,-99,-99,-99,-99,3,-99,-99,-99,-99,-99,-99,-99,-99,-99,-99,8,7,17,14,15,15
E12000005,West Midlands,E08000025,Birmingham,E08000025,Birmingham,E02001864,Bromford,-99,-99,-99,-99,-99,-99,-99,-99,-99,-99,-99,3,-99,-99,-99,-99,-99,-99,-99,-99,-99,-99,-99,-99,-99,-99,3,-99,-99,-99,-99,3,8,4,5,7,7
E12000005,West Midlands,E08000025,Birmingham,E08000025,Birmingham,E02001865,Handsworth South,-99,-99,-99,-99,-99,-99,-99,4,7,7,3,5,3,5,-99,6,-99,-99,-99,-99,-99,-99,-99,-99,3,7,-99,3,15,3,4,9,13,27,33,29,29
E12000005,West Midlands,E08000025,Birmingham,E08000025,Birmingham,E02001866,Lozells West,-99,-99,-99,-99,-99,-99,-99,-99,10,6,5,4,-99,-99,-99,4,-99,-99,-99,-99,-99,-99,-99,-99,7,5,-99,-99,-99,3,-99,5,14,32,22,20,20
E12000005,West Midlands,E08000025,Birmingham,E08000025,Birmingham,E02001867,Lozells East,-99,-99,-99,-99,-99,-99,-99,-99,11,-99,3,4,-99,-99,-99,-99,-99,-99,-99,-99,-99,-99,-99,-99,-99,-99,-99,-99,6,6,5,6,9,15,14,11,11
E12000005,West Midlands,E08000025,Birmingham,E08000025,Birmingham,E02001868,Hodge Hill,-99,-99,-99,-99,-99,-99,-99,3,11,6,5,3,3,-99,-99,3,-99,-99,4,-99,3,-99,-99,-99,20,-99,-99,3,9,-99,6,5,9,21,26,27,27
E12000005,West Midlands,E08000025,Birmingham,E08000025,Birmingham,E02001869,Nechells,-99,-99,-99,-99,-99,-99,-99,-99,5,7,-99,-99,-99,-99,-99,-99,-99,-99,-99,-99,-99,-99,-99,-99,-99,-99,-99,-99,-99,-99,-99,-99,6,10,8,6,6
E12000005,West Midlands,E08000025,Birmingham,E08000025,Birmingham,E02001870,Ward End & Bromford West,-99,-99,-99,-99,-99,-99,-99,4,10,22,9,-99,3,7,-99,-99,-99,-99,3,-99,6,-99,-99,-99,-99,-99,3,8,7,-99,4,19,14,26,29,35,35
E12000005,West Midlands,E08000025,Birmingham,E08000025,Birmingham,E02001871,Buckland End,-99,-99,-99,-99,-99,-99,-99,-99,7,3,8,-99,14,-99,-99,-99,-99,-99,-99,-99,-99,-99,-99,-99,4,3,-99,-99,-99,-99,-99,-99,8,8,13,8,8
E12000005,West Midlands,E08000025,Birmingham,E08000025,Birmingham,E02001872,Shard End & Kingfisher,-99,-99,-99,-99,-99,-99,-99,-99,4,4,-99,-99,-99,-99,-99,-99,-99,-99,-99,-99,-99,-99,-99,-99,-99,-99,3,-99,-99,-99,7,6,-99,5,3,8,8
E12000005,West Midlands,E08000025,Birmingham,E08000025,Birmingham,E02001873,Winson Green & Gib Heath,-99,-99,-99,-99,-99,-99,-99,3,5,7,5,6,-99,-99,3,-99,-99,-99,-99,-99,-99,-99,-99,-99,-99,-99,-99,4,5,7,6,7,11,24,36,27,27
E12000005,West Midlands,E08000025,Birmingham,E08000025,Birmingham,E02001874,Washwood Heath,-99,-99,-99,-99,-99,-99,-99,4,11,6,3,3,-99,-99,-99,-99,-99,-99,-99,3,3,-99,-99,-99,-99,-99,3,3,5,-99,-99,-99,8,17,28,34,34
E12000005,West Midlands,E08000025,Birmingham,E08000025,Birmingham,E02001875,Hockley & Jewellery Quarter,-99,-99,-99,-99,-99,-99,-99,-99,5,5,-99,-99,-99,3,-99,-99,-99,-99,3,3,-99,-99,-99,-99,-99,-99,-99,4,5,-99,5,-99,10,15,18,11,11
E12000005,West Midlands,E08000025,Birmingham,E08000025,Birmingham,E02001876,North Central & Dartmouth Circus,-99,-99,-99,-99,-99,-99,-99,-99,3,4,-99,-99,-99,-99,-99,-99,-99,3,-99,-99,-99,-99,-99,-99,-99,-99,-99,4,7,4,4,3,4,17,14,30,30
E12000005,West Midlands,E08000025,Birmingham,E08000025,Birmingham,E02001877,Saltley East,-99,-99,-99,-99,-99,-99,-99,-99,8,8,7,4,-99,3,3,5,-99,-99,-99,-99,-99,-99,-99,-99,8,10,-99,-99,-99,-99,5,10,13,33,38,31,31
E12000005,West Midlands,E08000025,Birmingham,E08000025,Birmingham,E02001878,Saltley West,-99,-99,-99,-99,-99,-99,-99,3,8,6,8,4,7,-99,-99,-99,-99,-99,-99,-99,-99,-99,-99,-99,-99,-99,-99,-99,-99,3,3,14,8,14,27,19,19
E12000005,West Midlands,E08000025,Birmingham,E08000025,Birmingham,E02001879,Summerfield,-99,-99,-99,-99,-99,-99,-99,3,7,10,11,3,4,3,11,4,5,4,-99,-99,4,-99,-99,-99,3,3,-99,5,-99,8,6,9,17,15,19,24,24
E12000005,West Midlands,E08000025,Birmingham,E08000025,Birmingham,E02001880,Glebe Farm,-99,-99,-99,-99,-99,-99,-99,-99,4,6,-99,5,3,5,3,-99,-99,-99,-99,-99,-99,-99,-99,-99,-99,-99,-99,-99,9,-99,-99,5,8,5,12,21,21
E12000005,West Midlands,E08000025,Birmingham,E08000025,Birmingham,E02001881,Belchers Lane & Eastfield Road,-99,-99,-99,-99,-99,-99,-99,-99,3,7,-99,9,3,-99,-99,-99,-99,-99,-99,-99,-99,-99,-99,-99,-99,-99,5,6,3,6,15,5,15,21,23,26,26
E12000005,West Midlands,E08000025,Birmingham,E08000025,Birmingham,E02001882,Stetchford,-99,-99,-99,-99,-99,-99,-99,3,8,6,4,3,4,7,3,-99,-99,-99,-99,-99,-99,3,-99,-99,-99,-99,-99,-99,-99,-99,5,17,11,18,13,11,11
E12000005,West Midlands,E08000025,Birmingham,E08000025,Birmingham,E02001883,Kitts Green,-99,-99,-99,-99,-99,-99,-99,-99,6,3,5,-99,5,5,-99,-99,-99,-99,-99,-99,-99,-99,-99,-99,-99,-99,-99,4,-99,4,-99,3,6,4,6,12,12
E12000005,West Midlands,E08000025,Birmingham,E08000025,Birmingham,E02001884,Bordesley Green North,-99,-99,-99,-99,-99,-99,-99,-99,13,9,4,3,3,6,-99,-99,-99,4,-99,-99,-99,-99,-99,-99,-99,-99,8,5,3,-99,-99,10,7,12,23,18,18
E12000005,West Midlands,E08000025,Birmingham,E08000025,Birmingham,E02001886,Rotton Park,-99,-99,-99,-99,-99,-99,-99,4,5,5,5,4,3,5,3,-99,-99,4,5,9,-99,-99,-99,-99,-99,-99,-99,6,12,3,3,9,11,24,21,17,17
E12000005,West Midlands,E08000025,Birmingham,E08000025,Birmingham,E02001888,Kent's Moat,-99,-99,-99,-99,-99,-99,-99,-99,6,3,-99,4,-99,-99,3,-99,-99,-99,-99,-99,4,-99,-99,-99,-99,-99,-99,-99,-99,-99,-99,7,6,6,7,9,9
E12000005,West Midlands,E08000025,Birmingham,E08000025,Birmingham,E02001889,Little Bromwich,-99,-99,-99,-99,-99,-99,-99,-99,6,9,4,7,-99,6,-99,4,3,5,-99,9,-99,-99,-99,-99,-99,7,8,-99,-99,3,-99,13,8,8,18,14,14
E12000005,West Midlands,E08000025,Birmingham,E08000025,Birmingham,E02001890,Edgbaston North,-99,-99,-99,-99,-99,-99,-99,-99,5,8,-99,6,-99,-99,-99,-99,-99,-99,-99,-99,-99,-99,-99,-99,9,3,-99,3,3,-99,5,22,7,12,9,18,18
E12000005,West Midlands,E08000025,Birmingham,E08000025,Birmingham,E02001892,Yardley Fields,-99,-99,-99,-99,-99,-99,-99,-99,4,9,7,3,3,4,-99,4,-99,-99,-99,4,3,-99,-99,-99,3,-99,-99,-99,7,7,5,4,13,16,27,15,15
E12000005,West Midlands,E08000025,Birmingham,E08000025,Birmingham,E02001893,Yardley,-99,-99,-99,-99,-99,-99,-99,-99,3,10,-99,6,5,-99,-99,3,3,-99,-99,4,-99,-99,-99,-99,-99,-99,-99,-99,-99,4,-99,5,5,22,11,16,16
E12000005,West Midlands,E08000025,Birmingham,E08000025,Birmingham,E02001895,Sheldon North,-99,-99,-99,-99,-99,-99,-99,-99,7,9,10,16,-99,7,7,3,-99,-99,-99,-99,-99,3,-99,-99,-99,-99,-99,4,-99,-99,-99,7,5,6,5,6,6
E12000005,West Midlands,E08000025,Birmingham,E08000025,Birmingham,E02001896,Small Heath Park,-99,-99,-99,-99,-99,-99,-99,-99,6,12,-99,3,4,-99,-99,-99,-99,-99,-99,-99,-99,-99,-99,-99,-99,8,-99,8,10,4,7,4,15,14,34,15,15
E12000005,West Midlands,E08000025,Birmingham,E08000025,Birmingham,E02001897,Sparkbrook North,-99,-99,-99,-99,-99,-99,-99,3,3,8,4,-99,-99,3,3,-99,-99,-99,-99,-99,-99,-99,4,-99,-99,-99,-99,-99,-99,5,5,17,8,12,23,14,14
E12000005,West Midlands,E08000025,Birmingham,E08000025,Birmingham,E02001898,Lyndon Green,-99,-99,-99,-99,-99,-99,-99,-99,3,6,-99,4,5,-99,-99,-99,-99,-99,-99,-99,-99,5,-99,-99,-99,-99,-99,4,4,-99,-99,4,9,8,-99,6,6
E12000005,West Midlands,E08000025,Birmingham,E08000025,Birmingham,E02001899,Harborne West,-99,-99,-99,-99,-99,-99,-99,-99,8,10,4,7,4,6,5,10,-99,-99,3,-99,-99,-99,-99,-99,-99,-99,-99,5,3,-99,-99,5,7,13,9,8,8
E12000005,West Midlands,E08000025,Birmingham,E08000025,Birmingham,E02001900,Five Ways South & Calthorpe Park,-99,-99,-99,-99,-99,-99,-99,-99,6,4,-99,-99,9,-99,10,-99,-99,-99,-99,-99,-99,-99,-99,-99,-99,-99,3,-99,-99,-99,3,18,11,8,8,11,11
E12000005,West Midlands,E08000025,Birmingham,E08000025,Birmingham,E02001901,Harborne East,-99,-99,-99,-99,-99,-99,-99,4,-99,4,4,-99,3,-99,-99,-99,-99,-99,-99,-99,-99,-99,-99,-99,-99,-99,-99,-99,3,-99,-99,5,5,4,12,10,10
E12000005,West Midlands,E08000025,Birmingham,E08000025,Birmingham,E02001902,Yardley South,-99,-99,-99,-99,-99,-99,-99,-99,3,4,-99,-99,4,-99,-99,-99,-99,-99,-99,-99,-99,-99,-99,-99,-99,-99,-99,3,4,-99,-99,7,14,-99,5,3,3
E12000005,West Midlands,E08000025,Birmingham,E08000025,Birmingham,E02001903,Sparkbrook South,-99,-99,-99,-99,-99,-99,-99,-99,-99,8,-99,3,-99,-99,3,-99,-99,-99,-99,-99,-99,-99,-99,-99,-99,-99,-99,5,3,-99,-99,20,29,30,19,17,17
E12000005,West Midlands,E08000025,Birmingham,E08000025,Birmingham,E02001904,Hay Mills & Tyseley,-99,-99,-99,-99,-99,-99,-99,-99,5,6,7,8,3,5,3,-99,-99,-99,-99,-99,-99,-99,-99,-99,-99,-99,3,-99,8,-99,-99,3,10,5,7,6,6
E12000005,West Midlands,E08000025,Birmingham,E08000025,Birmingham,E02001905,Edgbaston South & University,-99,-99,-99,-99,-99,-99,-99,-99,-99,-99,9,5,5,9,4,3,-99,-99,-99,-99,-99,-99,-99,-99,4,3,-99,-99,3,-99,-99,8,8,7,26,88,88
E12000005,West Midlands,E08000025,Birmingham,E08000025,Birmingham,E02001906,Quinton Ridgacre,-99,-99,-99,-99,-99,-99,-99,-99,-99,4,-99,-99,-99,5,-99,-99,-99,-99,-99,-99,-99,-99,-99,-99,3,4,-99,3,-99,-99,5,3,4,6,16,19,19
E12000005,West Midlands,E08000025,Birmingham,E08000025,Birmingham,E02001907,Sheldon South,-99,-99,-99,-99,-99,-99,-99,-99,5,8,-99,6,8,5,-99,-99,3,-99,-99,-99,-99,-99,-99,-99,-99,-99,-99,-99,-99,-99,4,8,9,4,8,13,13
E12000005,West Midlands,E08000025,Birmingham,E08000025,Birmingham,E02001908,Sparkhill North,-99,-99,-99,-99,-99,-99,-99,3,-99,6,-99,-99,4,5,-99,-99,4,-99,-99,-99,-99,-99,5,-99,-99,-99,-99,-99,-99,4,9,7,20,28,24,20,20
E12000005,West Midlands,E08000025,Birmingham,E08000025,Birmingham,E02001909,Balsall Heath East,-99,-99,-99,-99,-99,-99,-99,-99,6,6,5,-99,-99,-99,-99,-99,-99,-99,-99,4,-99,-99,-99,-99,-99,-99,-99,-99,-99,-99,6,26,16,23,30,25,25
E12000005,West Midlands,E08000025,Birmingham,E08000025,Birmingham,E02001910,Balsall Heath West & Kingswood Road,-99,-99,-99,-99,-99,-99,-99,3,-99,-99,-99,-99,-99,-99,-99,-99,-99,-99,-99,3,-99,-99,-99,-99,3,-99,-99,-99,-99,-99,3,5,10,12,24,20,20
E12000005,West Midlands,E08000025,Birmingham,E08000025,Birmingham,E02001911,Quinton East,-99,-99,-99,-99,-99,-99,-99,-99,-99,-99,-99,5,7,-99,3,-99,-99,5,-99,-99,-99,-99,-99,-99,-99,-99,-99,3,4,3,-99,-99,8,9,11,11,11
E12000005,West Midlands,E08000025,Birmingham,E08000025,Birmingham,E02001913,Metchley,-99,-99,-99,-99,-99,-99,-99,3,3,7,5,6,4,4,3,-99,-99,3,-99,-99,-99,-99,-99,-99,-99,-99,-99,-99,-99,-99,-99,5,8,7,3,9,9
E12000005,West Midlands,E08000025,Birmingham,E08000025,Birmingham,E02001914,Moor Green & Cannon Hill,-99,-99,-99,-99,-99,-99,-99,3,14,3,-99,-99,3,3,3,-99,-99,-99,-99,-99,-99,-99,-99,-99,-99,6,-99,-99,-99,-99,3,21,6,21,10,8,8
E12000005,West Midlands,E08000025,Birmingham,E08000025,Birmingham,E02001915,Acocks Green East,-99,-99,-99,-99,-99,-99,-99,4,6,17,-99,12,10,6,3,-99,-99,-99,-99,-99,-99,-99,-99,-99,-99,-99,-99,-99,-99,-99,4,13,23,16,22,11,11
E12000005,West Midlands,E08000025,Birmingham,E08000025,Birmingham,E02001916,Acocks Green West,-99,-99,-99,-99,-99,-99,-99,-99,4,4,-99,5,4,-99,-99,-99,-99,4,-99,-99,-99,-99,-99,-99,-99,-99,-99,-99,4,8,7,9,11,17,24,14,14
E12000005,West Midlands,E08000025,Birmingham,E08000025,Birmingham,E02001918,Moseley Village,-99,-99,-99,-99,-99,-99,-99,4,-99,5,-99,-99,4,3,-99,-99,-99,3,-99,-99,-99,-99,-99,3,-99,-99,-99,7,8,3,8,8,16,17,21,10,10
E12000005,West Midlands,E08000025,Birmingham,E08000025,Birmingham,E02001919,Moseley,-99,-99,-99,-99,-99,-99,3,-99,3,3,-99,5,14,3,-99,-99,5,-99,-99,-99,3,-99,-99,-99,-99,-99,-99,-99,-99,10,3,15,15,15,20,9,9
E12000005,West Midlands,E08000025,Birmingham,E08000025,Birmingham,E02001920,Woodgate Valley,-99,-99,-99,-99,-99,-99,-99,-99,-99,6,-99,6,4,4,-99,-99,-99,-99,-99,-99,-99,-99,-99,-99,-99,-99,-99,3,-99,-99,-99,-99,4,10,13,11,11
E12000005,West Midlands,E08000025,Birmingham,E08000025,Birmingham,E02001921,California,-99,-99,-99,-99,-99,-99,-99,-99,6,5,-99,-99,5,4,-99,5,-99,-99,-99,-99,-99,-99,-99,-99,-99,-99,-99,-99,-99,-99,-99,5,-99,5,8,8,8
E12000005,West Midlands,E08000025,Birmingham,E08000025,Birmingham,E02001922,Selly Oak,-99,-99,-99,-99,-99,-99,-99,-99,-99,-99,-99,-99,-99,5,3,-99,-99,-99,-99,-99,-99,-99,-99,-99,-99,-99,-99,-99,-99,-99,-99,5,9,12,31,105,105
E12000005,West Midlands,E08000025,Birmingham,E08000025,Birmingham,E02001923,Springfield & Hall Green West,-99,-99,-99,-99,-99,-99,-99,7,4,4,-99,3,3,-99,3,3,-99,-99,-99,-99,-99,3,-99,-99,-99,-99,-99,6,4,3,11,39,40,27,33,19,19
E12000005,West Midlands,E08000025,Birmingham,E08000025,Birmingham,E02001924,Hall Green East,-99,-99,-99,-99,-99,-99,-99,-99,3,4,-99,5,-99,-99,-99,-99,3,-99,-99,-99,-99,-99,-99,-99,-99,-99,6,-99,-99,-99,-99,6,9,9,17,10,10
E12000005,West Midlands,E08000025,Birmingham,E08000025,Birmingham,E02001925,Selly Oak Park & Lodge Hill,-99,-99,-99,-99,-99,-99,-99,-99,-99,7,4,-99,3,-99,-99,-99,-99,3,-99,-99,-99,-99,-99,-99,-99,-99,-99,-99,-99,-99,-99,3,3,6,10,4,4
E12000005,West Midlands,E08000025,Birmingham,E08000025,Birmingham,E02001926,Stirchley North & Selly Park,-99,-99,-99,-99,-99,-99,-99,-99,4,7,-99,-99,8,-99,4,-99,-99,-99,-99,-99,-99,-99,8,-99,-99,-99,-99,-99,-99,-99,-99,5,4,4,4,7,7
E12000005,West Midlands,E08000025,Birmingham,E08000025,Birmingham,E02001927,Weoley Castle,-99,-99,-99,-99,-99,-99,-99,-99,-99,6,-99,-99,13,9,-99,-99,3,-99,-99,-99,-99,-99,-99,-99,-99,-99,-99,3,-99,-99,-99,7,-99,7,6,12,12
E12000005,West Midlands,E08000025,Birmingham,E08000025,Birmingham,E02001928,Woodgate,-99,-99,-99,-99,-99,-99,-99,-99,-99,3,-99,4,5,3,-99,-99,4,-99,-99,-99,-99,-99,-99,-99,-99,-99,-99,-99,-99,-99,-99,4,-99,6,11,11,11
E12000005,West Midlands,E08000025,Birmingham,E08000025,Birmingham,E02001929,Fox Hollies,-99,-99,-99,-99,-99,-99,-99,-99,5,6,3,4,-99,-99,-99,-99,-99,-99,-99,-99,-99,-99,-99,-99,-99,-99,-99,-99,-99,5,-99,6,14,5,19,15,15
E12000005,West Midlands,E08000025,Birmingham,E08000025,Birmingham,E02001930,Kings Heath,-99,-99,-99,-99,-99,-99,-99,-99,-99,-99,-99,4,-99,4,-99,-99,-99,-99,-99,-99,-99,-99,-99,-99,-99,-99,-99,-99,-99,6,3,10,10,16,8,7,7
E12000005,West Midlands,E08000025,Birmingham,E08000025,Birmingham,E02001931,Wake Green East & Moseley Bog,-99,-99,-99,-99,-99,-99,-99,-99,3,5,-99,-99,-99,3,3,-99,-99,-99,-99,-99,-99,-99,-99,-99,-99,3,-99,3,-99,-99,-99,29,16,17,34,19,19
E12000005,West Midlands,E08000025,Birmingham,E08000025,Birmingham,E02001932,Bartley Green & Shenley Fields,-99,-99,-99,-99,-99,-99,-99,-99,-99,-99,-99,-99,4,-99,-99,-99,-99,-99,-99,-99,-99,-99,-99,-99,-99,-99,-99,3,-99,-99,-99,-99,5,4,5,5,5
E12000005,West Midlands,E08000025,Birmingham,E08000025,Birmingham,E02001933,Kings Heath Park & Stirchley East,-99,-99,-99,-99,-99,-99,-99,-99,-99,-99,3,-99,-99,6,-99,-99,-99,-99,-99,-99,-99,-99,-99,-99,-99,3,-99,-99,-99,-99,-99,5,7,10,6,8,8
E12000005,West Midlands,E08000025,Birmingham,E08000025,Birmingham,E02001934,Hall Green Central,-99,-99,-99,-99,-99,-99,-99,-99,3,5,3,3,-99,3,-99,-99,-99,-99,-99,-99,3,-99,-99,-99,-99,-99,-99,-99,-99,3,4,21,15,15,16,16,16
E12000005,West Midlands,E08000025,Birmingham,E08000025,Birmingham,E02001935,Shenley Lane,-99,-99,-99,-99,-99,-99,-99,-99,3,-99,5,3,4,3,-99,-99,-99,-99,-99,-99,-99,-99,-99,-99,-99,-99,-99,-99,-99,5,-99,-99,6,6,-99,6,6
E12000005,West Midlands,E08000025,Birmingham,E08000025,Birmingham,E02001936,Brandwood North,-99,-99,-99,-99,-99,-99,-99,-99,-99,-99,-99,4,3,-99,-99,-99,-99,-99,-99,-99,-99,-99,-99,-99,-99,-99,-99,-99,-99,-99,-99,13,5,6,-99,5,5
E12000005,West Midlands,E08000025,Birmingham,E08000025,Birmingham,E02001937,Billesley Common,-99,-99,-99,-99,-99,-99,-99,-99,3,3,-99,3,4,-99,3,3,-99,-99,-99,-99,-99,-99,-99,-99,-99,-99,-99,-99,-99,3,3,27,12,17,14,18,18
E12000005,West Midlands,E08000025,Birmingham,E08000025,Birmingham,E02001938,Bournville East & Stirchley West,-99,-99,-99,-99,-99,-99,-99,3,-99,-99,-99,-99,4,3,-99,-99,-99,-99,-99,-99,-99,-99,-99,-99,-99,-99,-99,-99,-99,-99,-99,3,4,4,9,5,5
E12000005,West Midlands,E08000025,Birmingham,E08000025,Birmingham,E02001939,Bournville West,-99,-99,-99,-99,-99,-99,-99,-99,3,-99,-99,9,9,13,-99,3,-99,-99,-99,-99,3,-99,-99,-99,-99,-99,-99,-99,-99,-99,-99,-99,-99,4,3,10,10
E12000005,West Midlands,E08000025,Birmingham,E08000025,Birmingham,E02001941,Yardley Wood West,-99,-99,-99,-99,-99,-99,-99,-99,-99,4,-99,9,4,3,-99,-99,-99,-99,-99,-99,-99,-99,-99,-99,-99,3,-99,-99,-99,-99,-99,6,7,11,7,-99,-99
E12000005,West Midlands,E08000025,Birmingham,E08000025,Birmingham,E02001942,Cotteridge,-99,-99,-99,-99,-99,-99,-99,-99,-99,4,-99,4,3,-99,-99,-99,-99,-99,-99,-99,-99,-99,-99,-99,-99,-99,-99,-99,-99,-99,-99,4,-99,5,-99,9,9
E12000005,West Midlands,E08000025,Birmingham,E08000025,Birmingham,E02001943,Brandwood East,-99,-99,-99,-99,-99,-99,-99,-99,-99,4,-99,-99,-99,-99,-99,-99,-99,3,-99,-99,-99,-99,-99,-99,-99,-99,-99,-99,3,-99,5,3,4,4,6,3,3
E12000005,West Midlands,E08000025,Birmingham,E08000025,Birmingham,E02001944,Brandwood End,-99,-99,-99,-99,-99,-99,-99,-99,-99,4,-99,4,10,4,3,-99,-99,-99,-99,-99,-99,-99,-99,-99,-99,-99,3,-99,-99,-99,-99,14,14,6,-99,-99,-99
E12000005,West Midlands,E08000025,Birmingham,E08000025,Birmingham,E02001945,Allens Cross,-99,-99,-99,-99,-99,-99,-99,-99,-99,-99,-99,-99,7,8,-99,-99,-99,-99,-99,-99,-99,-99,-99,-99,-99,-99,-99,-99,-99,-99,-99,-99,6,-99,4,-99,-99
E12000005,West Midlands,E08000025,Birmingham,E08000025,Birmingham,E02001946,Northfield Victoria Common,-99,-99,-99,-99,-99,-99,-99,3,4,3,-99,8,5,6,8,-99,-99,-99,-99,-99,-99,-99,-99,-99,-99,-99,-99,-99,-99,-99,-99,3,-99,-99,6,5,5
E12000005,West Midlands,E08000025,Birmingham,E08000025,Birmingham,E02001947,Druids Heath,-99,-99,-99,-99,-99,-99,-99,-99,-99,-99,-99,5,-99,-99,-99,-99,-99,-99,-99,-99,-99,-99,-99,-99,-99,-99,-99,3,-99,-99,-99,3,5,4,-99,3,3
E12000005,West Midlands,E08000025,Birmingham,E08000025,Birmingham,E02001948,Highter's Heath & Maypole,-99,-99,-99,-99,-99,-99,-99,-99,3,-99,-99,4,11,-99,-99,-99,-99,-99,-99,-99,-99,3,-99,6,-99,-99,-99,-99,-99,-99,-99,5,5,3,3,3,3
E12000005,West Midlands,E08000025,Birmingham,E08000025,Birmingham,E02001949,Lifford & Walkers Heath,-99,-99,-99,-99,-99,-99,-99,-99,-99,4,3,3,3,6,-99,-99,4,-99,-99,-99,-99,-99,-99,-99,-99,-99,-99,-99,-99,-99,3,-99,3,-99,3,4,4
E12000005,West Midlands,E08000025,Birmingham,E08000025,Birmingham,E02001950,Longbridge North,-99,-99,-99,-99,-99,-99,-99,-99,-99,3,-99,5,7,5,7,-99,3,-99,-99,-99,-99,-99,-99,-99,-99,-99,-99,-99,-99,-99,7,-99,-99,-99,5,3,3
E12000005,West Midlands,E08000025,Birmingham,E08000025,Birmingham,E02001951,Frankley,-99,-99,-99,-99,-99,-99,-99,-99,4,7,-99,6,-99,11,3,-99,-99,-99,-99,-99,-99,-99,-99,-99,-99,-99,-99,-99,-99,-99,5,-99,3,4,6,8,8
E12000005,West Midlands,E08000025,Birmingham,E08000025,Birmingham,E02001952,Turves Green,-99,-99,-99,-99,-99,-99,-99,-99,-99,3,-99,6,4,-99,-99,-99,-99,-99,-99,-99,-99,-99,-99,-99,-99,-99,-99,-99,-99,-99,-99,-99,3,6,-99,3,3
E12000005,West Midlands,E08000025,Birmingham,E08000025,Birmingham,E02001953,King's Norton,-99,-99,-99,-99,-99,-99,-99,-99,-99,6,-99,12,5,3,13,4,4,-99,-99,-99,-99,-99,-99,-99,-99,-99,-99,-99,-99,-99,-99,9,-99,5,3,5,5
E12000005,West Midlands,E08000025,Birmingham,E08000025,Birmingham,E02001954,Hawkesley,-99,-99,-99,-99,-99,-99,-99,-99,-99,5,-99,5,8,4,-99,-99,-99,-99,-99,-99,-99,-99,-99,-99,-99,-99,-99,-99,-99,-99,-99,3,4,7,3,-99,-99
E12000005,West Midlands,E08000025,Birmingham,E08000025,Birmingham,E02001955,Longbridge South,-99,-99,-99,-99,-99,-99,-99,-99,-99,8,-99,9,9,5,-99,9,-99,-99,-99,-99,-99,-99,-99,-99,-99,-99,-99,-99,3,-99,-99,-99,-99,7,3,-99,-99
E12000005,West Midlands,E08000025,Birmingham,E08000025,Birmingham,E02001956,Rubery East,-99,-99,-99,-99,-99,-99,-99,-99,-99,3,-99,3,10,3,-99,-99,-99,-99,-99,-99,-99,-99,-99,-99,-99,-99,-99,-99,-99,-99,-99,4,-99,-99,7,6,6
E12000005,West Midlands,E08000025,Birmingham,E08000025,Birmingham,E02001957,West Heath,-99,-99,-99,-99,-99,-99,-99,-99,-99,-99,-99,9,-99,5,-99,4,6,-99,-99,-99,-99,-99,-99,-99,-99,-99,-99,3,-99,-99,-99,-99,9,4,8,7,7
E12000005,West Midlands,E08000026,Coventry,E08000026,Coventry,E02001958,Longford,-99,-99,-99,-99,-99,-99,-99,-99,-99,9,-99,-99,-99,10,-99,-99,-99,-99,-99,-99,-99,-99,-99,-99,-99,-99,4,7,-99,-99,-99,-99,3,5,3,7,7
E12000005,West Midlands,E08000026,Coventry,E08000026,Coventry,E02001959,Keresley,-99,-99,-99,-99,-99,-99,-99,-99,-99,3,-99,-99,-99,-99,-99,-99,4,-99,-99,-99,-99,-99,3,-99,3,-99,-99,-99,-99,-99,3,-99,-99,-99,14,11,11
E12000005,West Midlands,E08000026,Coventry,E08000026,Coventry,E02001961,Bell Green,-99,-99,-99,-99,-99,-99,-99,-99,-99,-99,-99,-99,-99,3,-99,-99,-99,-99,-99,-99,-99,-99,-99,-99,-99,-99,-99,-99,3,-99,-99,-99,-99,10,11,11,11
E12000005,West Midlands,E08000026,Coventry,E08000026,Coventry,E02001962,Little Heath,-99,-99,-99,-99,-99,-99,-99,-99,-99,-99,4,-99,-99,4,-99,-99,4,3,-99,-99,-99,-99,-99,-99,-99,-99,3,3,8,6,3,-99,-99,12,3,8,8
E12000005,West Midlands,E08000026,Coventry,E08000026,Coventry,E02001963,Whitmore Park,-99,-99,-99,-99,-99,-99,-99,-99,-99,5,3,-99,-99,-99,-99,-99,-99,-99,-99,-99,-99,-99,-99,-99,-99,-99,-99,5,-99,-99,-99,-99,-99,5,9,8,8
E12000005,West Midlands,E08000026,Coventry,E08000026,Coventry,E02001964,Henley Green & Wood End,-99,-99,-99,-99,-99,-99,-99,-99,3,5,-99,-99,5,3,3,6,3,-99,-99,-99,-99,-99,-99,-99,-99,-99,-99,-99,-99,-99,3,4,3,4,5,14,14
E12000005,West Midlands,E08000026,Coventry,E08000026,Coventry,E02001965,Walsgrave & Woodway Park,-99,-99,-99,-99,-99,-99,-99,-99,-99,-99,5,-99,7,5,3,5,-99,-99,-99,-99,5,-99,-99,-99,-99,3,-99,-99,-99,-99,5,-99,-99,6,15,9,9
E12000005,West Midlands,E08000026,Coventry,E08000026,Coventry,E02001966,Foleshill West,-99,-99,-99,-99,-99,-99,-99,-99,-99,5,-99,3,4,3,-99,-99,-99,-99,-99,-99,-99,-99,-99,-99,-99,-99,-99,4,-99,-99,-99,-99,10,7,15,11,11
E12000005,West Midlands,E08000026,Coventry,E08000026,Coventry,E02001967,Brownshill Green,-99,-99,-99,-99,-99,-99,-99,-99,4,3,6,6,4,-99,-99,-99,-99,-99,-99,-99,-99,-99,-99,-99,-99,-99,-99,-99,-99,-99,-99,-99,-99,3,4,3,3
E12000005,West Midlands,E08000026,Coventry,E08000026,Coventry,E02001968,Radford East,-99,-99,-99,-99,-99,-99,-99,-99,-99,-99,5,-99,3,6,5,5,5,-99,-99,-99,-99,-99,-99,-99,-99,-99,3,-99,3,-99,-99,3,4,3,6,9,9
E12000005,West Midlands,E08000026,Coventry,E08000026,Coventry,E02001969,Radford West,-99,-99,-99,-99,-99,-99,-99,-99,-99,5,-99,4,7,4,7,8,5,8,-99,-99,-99,-99,-99,-99,-99,-99,-99,6,3,-99,-99,-99,7,7,5,4,4
E12000005,West Midlands,E08000026,Coventry,E08000026,Coventry,E02001970,Wyken Croft,-99,-99,-99,-99,-99,-99,-99,-99,3,-99,7,3,4,-99,-99,-99,-99,-99,-99,-99,-99,-99,-99,-99,-99,-99,-99,-99,-99,-99,-99,-99,-99,5,8,4,4
E12000005,West Midlands,E08000026,Coventry,E08000026,Coventry,E02001971,Coundon,-99,-99,-99,-99,-99,-99,-99,-99,-99,3,-99,-99,-99,-99,-99,-99,-99,-99,-99,-99,-99,-99,-99,-99,-99,-99,-99,-99,-99,-99,-99,-99,-99,5,4,-99,-99
E12000005,West Midlands,E08000026,Coventry,E08000026,Coventry,E02001972,Foleshill East,-99,-99,-99,-99,-99,-99,-99,5,7,8,3,-99,4,7,9,3,-99,-99,-99,-99,-99,-99,-99,-99,-99,3,7,-99,-99,-99,-99,6,6,6,6,8,8
E12000005,West Midlands,E08000026,Coventry,E08000026,Coventry,E02001973,Stoke Heath,-99,-99,-99,-99,-99,-99,-99,-99,3,6,3,5,4,4,-99,8,4,-99,-99,-99,-99,-99,-99,-99,-99,-99,-99,-99,4,-99,-99,4,-99,8,9,10,10
E12000005,West Midlands,E08000026,Coventry,E08000026,Coventry,E02001974,Sherbourne,-99,-99,-99,-99,-99,-99,-99,-99,4,-99,3,-99,4,5,-99,-99,-99,-99,-99,-99,-99,-99,-99,-99,-99,-99,-99,-99,-99,-99,3,-99,12,-99,4,4,4
E12000005,West Midlands,E08000026,Coventry,E08000026,Coventry,E02001975,Ravensdale,-99,-99,-99,-99,-99,-99,-99,-99,-99,-99,4,5,4,-99,3,-99,-99,-99,-99,-99,-99,-99,-99,-99,-99,-99,-99,-99,5,3,4,5,-99,-99,3,18,18
E12000005,West Midlands,E08000026,Coventry,E08000026,Coventry,E02001976,Clifford Park,-99,-99,-99,-99,-99,-99,-99,3,5,9,4,11,5,3,5,3,-99,-99,-99,-99,-99,-99,-99,-99,-99,-99,-99,-99,-99,-99,-99,3,-99,-99,-99,-99,-99
E12000005,West Midlands,E08000026,Coventry,E08000026,Coventry,E02001977,Naul's Mill & Bishopsgate Green,-99,-99,-99,-99,-99,-99,-99,-99,3,-99,-99,-99,-99,4,19,3,5,4,-99,-99,-99,-99,-99,-99,-99,-99,-99,-99,-99,-99,-99,5,4,4,6,4,4
E12000005,West Midlands,E08000026,Coventry,E08000026,Coventry,E02001978,Barras Heath,-99,-99,-99,-99,-99,-99,-99,-99,-99,-99,-99,-99,5,-99,-99,-99,-99,-99,4,-99,-99,-99,-99,-99,-99,-99,-99,4,11,-99,-99,-99,-99,-99,7,4,4
E12000005,West Midlands,E08000026,Coventry,E08000026,Coventry,E02001979,Allesley Park,-99,-99,-99,-99,-99,-99,-99,-99,-99,-99,-99,-99,6,-99,10,13,7,-99,-99,-99,-99,-99,-99,-99,-99,-99,-99,-99,-99,-99,-99,-99,-99,-99,6,5,5
E12000005,West Midlands,E08000026,Coventry,E08000026,Coventry,E02001980,Allesley Green & Lower Eastern Green,-99,-99,-99,-99,-99,-99,-99,-99,-99,-99,-99,-99,-99,-99,-99,-99,-99,-99,-99,-99,-99,-99,-99,-99,-99,-99,-99,-99,-99,-99,-99,5,8,4,5,6,6
E12000005,West Midlands,E08000026,Coventry,E08000026,Coventry,E02001981,Hillfields,-99,-99,-99,-99,-99,-99,-99,-99,-99,-99,-99,-99,-99,4,6,6,6,-99,-99,-99,-99,-99,-99,-99,-99,-99,-99,-99,6,4,12,7,4,10,10,12,12
E12000005,West Midlands,E08000026,Coventry,E08000026,Coventry,E02001982,Eastern Green & Tanyard Farm,-99,-99,-99,-99,-99,-99,-99,-99,-99,-99,4,4,13,5,3,-99,4,-99,-99,-99,-99,-99,-99,-99,-99,-99,-99,-99,4,-99,-99,4,4,8,8,8,8
E12000005,West Midlands,E08000026,Coventry,E08000026,Coventry,E02001983,Whoberley,-99,-99,-99,-99,-99,-99,-99,-99,5,5,-99,-99,-99,-99,-99,-99,-99,-99,-99,-99,-99,-99,-99,-99,-99,-99,-99,5,-99,-99,-99,5,4,4,4,9,9
E12000005,West Midlands,E08000026,Coventry,E08000026,Coventry,E02001984,Copsewood,-99,-99,-99,-99,-99,-99,-99,-99,4,6,4,11,14,-99,3,9,3,-99,-99,3,-99,-99,-99,-99,-99,3,-99,-99,3,-99,-99,3,7,4,3,8,8
E12000005,West Midlands,E08000026,Coventry,E08000026,Coventry,E02001985,Lower Stoke & Gosford Park,-99,-99,-99,-99,-99,-99,-99,-99,-99,-99,-99,3,-99,5,-99,-99,-99,-99,-99,-99,-99,-99,-99,-99,-99,-99,-99,3,3,-99,-99,-99,-99,-99,6,9,9
E12000005,West Midlands,E08000026,Coventry,E08000026,Coventry,E02001986,Tile Hill,-99,-99,-99,-99,-99,-99,-99,-99,8,4,9,-99,3,4,-99,-99,-99,-99,-99,-99,-99,-99,-99,-99,-99,-99,-99,-99,-99,-99,-99,-99,5,4,6,3,3
E12000005,West Midlands,E08000026,Coventry,E08000026,Coventry,E02001987,Chapelfields,-99,-99,-99,-99,-99,-99,-99,-99,-99,-99,-99,3,-99,-99,-99,-99,-99,-99,-99,-99,3,-99,-99,-99,-99,-99,-99,-99,-99,-99,-99,-99,-99,5,-99,6,6
E12000005,West Midlands,E08000026,Coventry,E08000026,Coventry,E02001988,Central Coventry,-99,-99,-99,-99,-99,-99,-99,-99,-99,4,3,-99,3,5,-99,-99,-99,-99,-99,-99,-99,-99,-99,-99,-99,3,3,-99,-99,-99,-99,-99,-99,3,3,20,20
E12000005,West Midlands,E08000026,Coventry,E08000026,Coventry,E02001989,Earl Place & Lime Tree Park,-99,-99,-99,-99,-99,-99,-99,-99,3,-99,3,-99,-99,-99,-99,-99,-99,-99,-99,-99,-99,-99,-99,-99,-99,-99,-99,-99,-99,-99,-99,-99,3,-99,3,3,3
E12000005,West Midlands,E08000026,Coventry,E08000026,Coventry,E02001990,Binley,-99,-99,-99,-99,-99,-99,-99,-99,11,4,5,-99,7,9,5,-99,-99,-99,-99,-99,-99,-99,-99,-99,-99,-99,-99,-99,-99,-99,-99,-99,-99,4,5,12,12
E12000005,West Midlands,E08000026,Coventry,E08000026,Coventry,E02001991,Earlsdon & Canley Gardens,-99,-99,-99,-99,-99,-99,-99,-99,3,3,6,4,-99,-99,-99,-99,3,6,-99,-99,-99,-99,-99,-99,-99,-99,-99,-99,-99,-99,-99,-99,-99,4,4,4,4
E12000005,West Midlands,E08000026,Coventry,E08000026,Coventry,E02001992,Ernesford Grange & Stoke Aldermoor,-99,-99,-99,-99,-99,-99,-99,3,3,4,8,8,10,4,8,-99,-99,-99,3,-99,-99,-99,-99,-99,-99,-99,-99,-99,-99,7,5,6,5,7,13,12,12
E12000005,West Midlands,E08000026,Coventry,E08000026,Coventry,E02001993,Canley & Westwood Heath,-99,-99,-99,-99,-99,-99,-99,-99,5,7,4,4,8,7,-99,-99,-99,-99,-99,-99,-99,-99,-99,-99,-99,-99,-99,-99,-99,-99,-99,4,-99,-99,6,4,4
E12000005,West Midlands,E08000026,Coventry,E08000026,Coventry,E02001994,Cheylesmore Daventry Road,-99,-99,-99,-99,-99,-99,-99,-99,-99,-99,-99,-99,-99,-99,-99,-99,-99,-99,-99,-99,-99,-99,-99,-99,-99,-99,3,-99,-99,-99,-99,-99,6,7,6,10,10
E12000005,West Midlands,E08000026,Coventry,E08000026,Coventry,E02001995,Whitley & Tollbar End,-99,-99,-99,-99,-99,-99,-99,-99,-99,4,5,-99,12,24,-99,-99,-99,-99,-99,-99,-99,-99,-99,-99,-99,-99,-99,-99,-99,-99,-99,6,-99,6,6,6,6
E12000005,West Midlands,E08000026,Coventry,E08000026,Coventry,E02001996,Willenhall,-99,-99,-99,-99,-99,-99,-99,-99,-99,8,-99,-99,-99,-99,5,-99,-99,-99,-99,3,-99,-99,-99,-99,-99,-99,-99,-99,-99,-99,-99,-99,-99,-99,4,4,4
E12000005,West Midlands,E08000026,Coventry,E08000026,Coventry,E02001997,Stivichall & Finham,-99,-99,-99,-99,-99,-99,-99,-99,-99,3,-99,-99,3,-99,4,-99,-99,-99,-99,-99,-99,-99,-99,-99,-99,3,-99,-99,-99,-99,-99,-99,7,-99,5,8,8
E12000005,West Midlands,E08000026,Coventry,E08000026,Coventry,E02001998,Finham Park,-99,-99,-99,-99,-99,-99,-99,-99,-99,3,4,5,-99,-99,-99,-99,-99,-99,-99,-99,-99,-99,-99,-99,-99,-99,-99,-99,-99,-99,-99,-99,-99,3,-99,3,3
E12000005,West Midlands,E08000026,Coventry,E08000026,Coventry,E02001999,Cannon Park & University,-99,-99,-99,-99,-99,-99,-99,-99,-99,3,-99,3,4,3,-99,-99,-99,-99,-99,-99,-99,-99,-99,-99,3,-99,-99,-99,-99,-99,-99,3,-99,23,27,57,57
E12000005,West Midlands,E08000027,Dudley,E08000027,Dudley,E02002000,Coseley Wallbrook,-99,-99,-99,-99,-99,-99,-99,6,3,4,-99,-99,3,7,-99,3,-99,-99,-99,-99,-99,-99,-99,-99,-99,-99,-99,-99,-99,-99,-99,-99,-99,3,6,7,7
E12000005,West Midlands,E08000027,Dudley,E08000027,Dudley,E02002001,Sedgeley East,-99,-99,-99,-99,-99,-99,-99,-99,5,-99,3,-99,-99,-99,3,-99,-99,-99,-99,-99,-99,-99,-99,-99,-99,-99,-99,-99,-99,-99,-99,4,-99,4,-99,4,4
E12000005,West Midlands,E08000027,Dudley,E08000027,Dudley,E02002002,Sedgeley West,-99,-99,-99,-99,-99,-99,-99,4,5,7,-99,-99,7,11,-99,-99,6,-99,-99,-99,-99,-99,-99,-99,-99,-99,-99,-99,-99,-99,3,-99,-99,4,4,10,10
E12000005,West Midlands,E08000027,Dudley,E08000027,Dudley,E02002003,West Coseley,-99,-99,-99,-99,-99,-99,-99,-99,7,6,6,9,4,-99,4,-99,-99,-99,-99,-99,-99,-99,-99,-99,-99,-99,-99,-99,-99,-99,-99,3,-99,-99,3,7,7
E12000005,West Midlands,E08000027,Dudley,E08000027,Dudley,E02002004,Woodsetton,-99,-99,-99,-99,-99,-99,-99,-99,4,-99,3,7,8,3,-99,-99,-99,-99,-99,-99,-99,-99,-99,-99,-99,-99,-99,-99,-99,-99,-99,3,-99,-99,6,-99,-99
E12000005,West Midlands,E08000027,Dudley,E08000027,Dudley,E02002005,Dudley Priory & Wrens Nest,-99,-99,-99,-99,-99,-99,-99,-99,3,3,-99,4,3,-99,3,-99,-99,-99,-99,-99,-99,-99,-99,-99,-99,-99,-99,-99,-99,-99,-99,-99,8,5,-99,5,5
E12000005,West Midlands,E08000027,Dudley,E08000027,Dudley,E02002006,Upper Gornal & Ruiton,-99,-99,-99,-99,-99,-99,-99,-99,-99,3,-99,6,-99,-99,-99,6,-99,-99,-99,-99,-99,-99,-99,-99,-99,-99,-99,-99,-99,-99,-99,-99,-99,-99,-99,-99,-99
E12000005,West Midlands,E08000027,Dudley,E08000027,Dudley,E02002007,Lower Gornal & The Straits,-99,-99,-99,-99,-99,-99,-99,-99,3,3,-99,-99,-99,4,3,-99,-99,-99,-99,-99,-99,-99,-99,-99,-99,-99,-99,-99,-99,-99,-99,-99,-99,3,-99,5,5
E12000005,West Midlands,E08000027,Dudley,E08000027,Dudley,E02002008,Dibdale,-99,-99,-99,-99,-99,-99,-99,-99,6,3,4,-99,4,12,-99,-99,3,-99,3,-99,-99,-99,-99,-99,-99,-99,-99,-99,-99,-99,-99,3,-99,3,13,-99,-99
E12000005,West Midlands,E08000027,Dudley,E08000027,Dudley,E02002009,Kates Hill,-99,-99,-99,-99,-99,-99,-99,-99,3,-99,-99,-99,-99,-99,4,-99,-99,-99,-99,-99,3,-99,-99,-99,-99,-99,-99,-99,-99,-99,-99,4,10,6,7,14,14
E12000005,West Midlands,E08000027,Dudley,E08000027,Dudley,E02002010,New Dock & Eve Hill,-99,-99,-99,-99,-99,-99,-99,-99,6,7,3,8,14,7,-99,5,-99,-99,-99,-99,-99,-99,-99,-99,-99,-99,-99,-99,-99,-99,-99,-99,-99,3,5,3,3
E12000005,West Midlands,E08000027,Dudley,E08000027,Dudley,E02002011,Kingswinford North,-99,-99,-99,-99,-99,-99,-99,-99,-99,5,-99,5,-99,6,5,3,-99,-99,-99,-99,-99,-99,-99,-99,-99,-99,-99,-99,-99,-99,-99,-99,-99,4,6,-99,-99
E12000005,West Midlands,E08000027,Dudley,E08000027,Dudley,E02002012,Russell's Hall,-99,-99,-99,-99,-99,-99,-99,3,-99,7,4,7,6,-99,4,-99,-99,-99,-99,-99,-99,-99,-99,-99,-99,-99,-99,-99,-99,-99,-99,3,-99,-99,4,-99,-99
E12000005,West Midlands,E08000027,Dudley,E08000027,Dudley,E02002013,Wall Heath,-99,-99,-99,-99,-99,-99,-99,-99,3,4,5,3,13,7,-99,3,-99,-99,-99,-99,-99,-99,-99,-99,-99,-99,-99,-99,-99,-99,-99,-99,-99,-99,6,4,4
E12000005,West Midlands,E08000027,Dudley,E08000027,Dudley,E02002014,Dixons Green,-99,-99,-99,-99,-99,-99,-99,-99,5,-99,3,5,-99,3,5,-99,-99,-99,-99,-99,-99,-99,-99,-99,-99,3,-99,-99,-99,3,-99,3,16,6,16,8,8
E12000005,West Midlands,E08000027,Dudley,E08000027,Dudley,E02002015,Pensett & Kingswinford East,-99,-99,-99,-99,-99,-99,-99,-99,-99,6,4,9,-99,7,-99,-99,-99,-99,-99,-99,-99,-99,-99,-99,-99,-99,-99,3,-99,-99,-99,-99,-99,-99,-99,7,7
E12000005,West Midlands,E08000027,Dudley,E08000027,Dudley,E02002016,Brockmoor & Woodside,-99,-99,-99,-99,-99,-99,-99,-99,4,7,4,4,7,-99,-99,-99,3,-99,-99,-99,-99,-99,-99,-99,-99,-99,-99,-99,-99,-99,4,3,4,3,-99,5,5
E12000005,West Midlands,E08000027,Dudley,E08000027,Dudley,E02002017,Netherton,-99,-99,-99,-99,-99,-99,-99,3,6,4,13,3,3,3,-99,5,-99,-99,-99,-99,-99,-99,-99,-99,-99,-99,-99,-99,-99,-99,-99,8,4,4,-99,5,5
E12000005,West Midlands,E08000027,Dudley,E08000027,Dudley,E02002018,Kingswinford South,-99,-99,-99,-99,-99,-99,-99,-99,-99,5,5,7,4,-99,-99,-99,-99,-99,-99,-99,-99,-99,-99,-99,-99,-99,-99,-99,-99,-99,-99,-99,-99,6,-99,9,9
E12000005,West Midlands,E08000027,Dudley,E08000027,Dudley,E02002019,Dudley Wood & Saltwells,-99,-99,-99,-99,-99,-99,-99,-99,-99,-99,3,4,4,-99,-99,-99,-99,-99,-99,-99,-99,-99,-99,-99,-99,-99,-99,-99,-99,-99,-99,4,6,3,4,11,11
E12000005,West Midlands,E08000027,Dudley,E08000027,Dudley,E02002020,Wordsley & Buckpool,-99,-99,-99,-99,-99,-99,-99,3,8,11,4,7,-99,4,3,-99,-99,-99,-99,-99,-99,-99,-99,-99,-99,-99,-99,-99,-99,-99,-99,-99,-99,3,6,4,4
E12000005,West Midlands,E08000027,Dudley,E08000027,Dudley,E02002021,Brierley Hill,-99,-99,-99,-99,-99,-99,-99,-99,-99,-99,4,6,-99,5,3,19,3,-99,-99,-99,-99,-99,-99,-99,-99,-99,-99,-99,-99,-99,-99,-99,-99,3,-99,4,4
E12000005,West Midlands,E08000027,Dudley,E08000027,Dudley,E02002022,Hawbush,-99,-99,-99,-99,-99,-99,-99,-99,-99,4,3,6,3,3,-99,-99,-99,-99,-99,-99,-99,-99,-99,-99,-99,-99,-99,-99,4,-99,-99,-99,3,4,3,4,4
E12000005,West Midlands,E08000027,Dudley,E08000027,Dudley,E02002023,Ashwood,-99,-99,-99,-99,-99,-99,-99,-99,-99,3,-99,5,3,-99,-99,-99,-99,-99,-99,-99,-99,-99,-99,-99,-99,-99,-99,-99,-99,-99,-99,-99,-99,-99,-99,5,5
E12000005,West Midlands,E08000027,Dudley,E08000027,Dudley,E02002024,Quarry Bank,-99,-99,-99,-99,-99,-99,-99,-99,-99,5,-99,-99,4,-99,-99,4,-99,-99,-99,-99,-99,-99,-99,-99,-99,-99,-99,-99,3,-99,-99,-99,-99,3,4,5,5
E12000005,West Midlands,E08000027,Dudley,E08000027,Dudley,E02002025,Shell Corner & Hurst Green,-99,-99,-99,-99,-99,-99,-99,-99,-99,4,3,4,-99,4,-99,-99,-99,-99,-99,5,-99,-99,-99,-99,-99,-99,3,-99,-99,-99,-99,3,-99,6,6,14,14
E12000005,West Midlands,E08000027,Dudley,E08000027,Dudley,E02002026,Amblecote East,-99,-99,-99,-99,-99,-99,-99,-99,-99,5,3,4,-99,-99,3,-99,-99,-99,-99,-99,-99,-99,-99,-99,-99,-99,-99,-99,-99,-99,-99,-99,-99,5,3,-99,-99
E12000005,West Midlands,E08000027,Dudley,E08000027,Dudley,E02002027,Withymoor Village,-99,-99,-99,-99,-99,-99,-99,-99,3,-99,-99,4,-99,-99,-99,-99,-99,-99,-99,-99,-99,-99,-99,-99,-99,-99,-99,-99,-99,-99,-99,-99,-99,7,-99,-99,-99
E12000005,West Midlands,E08000027,Dudley,E08000027,Dudley,E02002028,Wollaston,-99,-99,-99,-99,-99,-99,-99,-99,-99,3,-99,-99,-99,-99,-99,-99,-99,-99,-99,-99,-99,-99,-99,-99,-99,-99,-99,-99,-99,-99,-99,3,-99,-99,5,-99,-99
E12000005,West Midlands,E08000027,Dudley,E08000027,Dudley,E02002029,Quinton West,-99,-99,-99,-99,-99,-99,-99,-99,-99,-99,4,-99,10,32,-99,-99,-99,-99,-99,-99,-99,-99,-99,-99,-99,-99,-99,-99,-99,-99,-99,-99,-99,-99,7,6,6
E12000005,West Midlands,E08000027,Dudley,E08000027,Dudley,E02002030,Amblecote West & Stambermill,-99,-99,-99,-99,-99,-99,-99,-99,-99,3,-99,3,-99,-99,-99,-99,-99,-99,-99,-99,-99,-99,-99,-99,-99,-99,-99,-99,-99,-99,-99,-99,-99,4,12,3,3
E12000005,West Midlands,E08000027,Dudley,E08000027,Dudley,E02002031,Cradley West & Hayes Lane,-99,-99,-99,-99,-99,-99,-99,-99,-99,-99,3,5,-99,5,-99,-99,-99,-99,-99,-99,-99,-99,-99,-99,-99,-99,-99,-99,-99,-99,-99,-99,-99,4,-99,12,12
E12000005,West Midlands,E08000027,Dudley,E08000027,Dudley,E02002032,Cradley East,-99,-99,-99,-99,-99,-99,-99,-99,-99,4,4,10,8,11,7,-99,3,-99,-99,-99,-99,-99,-99,-99,-99,-99,-99,-99,-99,-99,-99,5,-99,5,3,-99,-99
E12000005,West Midlands,E08000027,Dudley,E08000027,Dudley,E02002033,Hawne,-99,-99,-99,-99,-99,-99,-99,-99,3,-99,4,3,-99,3,-99,-99,-99,-99,-99,-99,-99,-99,-99,-99,-99,-99,-99,-99,-99,-99,-99,3,-99,5,5,-99,-99
E12000005,West Midlands,E08000027,Dudley,E08000027,Dudley,E02002034,Stourbridge Town & Old Quarter,-99,-99,-99,-99,-99,-99,-99,-99,3,5,3,-99,-99,-99,-99,-99,-99,-99,-99,-99,-99,-99,-99,-99,-99,-99,-99,-99,-99,-99,-99,-99,5,4,4,5,5
E12000005,West Midlands,E08000027,Dudley,E08000027,Dudley,E02002035,Halesowen East,-99,-99,-99,-99,-99,-99,-99,-99,3,-99,3,7,5,4,-99,-99,-99,-99,-99,-99,-99,-99,-99,-99,-99,-99,-99,-99,-99,-99,-99,-99,5,4,4,12,12
E12000005,West Midlands,E08000027,Dudley,E08000027,Dudley,E02002036,Lye & Wynall,-99,-99,-99,-99,-99,-99,-99,-99,-99,5,-99,-99,-99,-99,-99,-99,-99,-99,-99,-99,-99,-99,-99,-99,-99,-99,-99,-99,-99,-99,-99,-99,-99,4,-99,6,6
E12000005,West Midlands,E08000027,Dudley,E08000027,Dudley,E02002037,Norton North,-99,-99,-99,-99,-99,-99,-99,-99,4,4,-99,-99,-99,-99,-99,-99,-99,-99,-99,-99,-99,-99,-99,-99,-99,-99,-99,-99,-99,-99,-99,3,-99,-99,-99,4,4
E12000005,West Midlands,E08000027,Dudley,E08000027,Dudley,E02002038,Halesowen Town,-99,-99,-99,-99,-99,-99,-99,5,4,4,-99,4,5,-99,-99,-99,-99,-99,-99,-99,-99,-99,-99,-99,-99,-99,-99,-99,-99,-99,-99,-99,-99,-99,-99,7,7
E12000005,West Midlands,E08000027,Dudley,E08000027,Dudley,E02002039,Oldswinford & Pedmore,-99,-99,-99,-99,-99,-99,-99,-99,-99,3,3,-99,7,-99,-99,-99,-99,-99,-99,-99,-99,-99,-99,-99,-99,-99,-99,-99,-99,-99,-99,-99,-99,6,6,5,5
E12000005,West Midlands,E08000027,Dudley,E08000027,Dudley,E02002040,Norton South,-99,-99,-99,-99,-99,-99,-99,-99,4,-99,-99,-99,4,-99,-99,-99,-99,-99,-99,-99,-99,-99,-99,-99,-99,-99,-99,-99,-99,-99,-99,-99,-99,-99,-99,5,5
E12000005,West Midlands,E08000027,Dudley,E08000027,Dudley,E02002041,Pedmore Fields,-99,-99,-99,-99,-99,-99,-99,-99,5,-99,-99,-99,-99,-99,-99,-99,-99,12,18,-99,-99,-99,-99,-99,-99,-99,-99,-99,-99,3,-99,-99,-99,-99,6,7,7
E12000005,West Midlands,E08000027,Dudley,E08000027,Dudley,E02002042,Hayley Green,-99,-99,-99,-99,-99,-99,-99,-99,3,5,-99,5,6,5,-99,-99,-99,-99,-99,-99,-99,-99,-99,-99,-99,-99,-99,-99,-99,-99,-99,-99,-99,-99,-99,7,7
E12000005,West Midlands,E08000028,Sandwell,E08000028,Sandwell,E02002043,Wood Green & Old Park,-99,-99,-99,-99,-99,-99,-99,-99,7,7,5,7,5,6,-99,-99,-99,5,3,-99,-99,-99,-99,-99,-99,-99,-99,-99,-99,5,-99,-99,3,10,10,8,8
E12000005,West Midlands,E08000028,Sandwell,E08000028,Sandwell,E02002044,Yew Tree & Tamebridge,-99,-99,-99,-99,-99,-99,-99,-99,-99,5,3,-99,4,-99,4,-99,-99,-99,-99,-99,-99,-99,-99,-99,-99,-99,-99,-99,-99,-99,-99,4,3,3,16,11,11
E12000005,West Midlands,E08000028,Sandwell,E08000028,Sandwell,E02002045,Woods & Mesty Croft,-99,-99,-99,-99,-99,-99,-99,3,-99,-99,5,3,3,5,-99,4,-99,-99,4,-99,-99,-99,-99,-99,-99,-99,-99,-99,-99,-99,-99,-99,-99,4,3,4,4
E12000005,West Midlands,E08000028,Sandwell,E08000028,Sandwell,E02002046,Friar Park,-99,-99,-99,-99,-99,-99,-99,-99,3,-99,-99,3,4,-99,-99,-99,-99,-99,-99,-99,-99,-99,-99,-99,-99,-99,-99,-99,-99,4,-99,4,-99,-99,3,-99,-99
E12000005,West Midlands,E08000028,Sandwell,E08000028,Sandwell,E02002047,Wednesbury,-99,-99,-99,-99,-99,-99,-99,-99,7,8,8,9,24,10,5,4,-99,-99,-99,-99,-99,-99,-99,-99,-99,-99,-99,-99,-99,-99,-99,-99,3,4,5,-99,-99
E12000005,West Midlands,E08000028,Sandwell,E08000028,Sandwell,E02002048,Great Barr,-99,-99,-99,-99,-99,-99,-99,-99,-99,4,3,-99,3,-99,-99,-99,3,-99,-99,-99,-99,-99,-99,-99,-99,-99,-99,-99,-99,-99,-99,5,-99,7,19,13,13
E12000005,West Midlands,E08000028,Sandwell,E08000028,Sandwell,E02002049,Princes End & Willingsworth,-99,-99,-99,-99,-99,-99,-99,-99,-99,-99,5,-99,-99,-99,4,-99,-99,-99,-99,-99,-99,-99,-99,-99,-99,-99,3,-99,-99,-99,-99,3,-99,5,3,-99,-99
E12000005,West Midlands,E08000028,Sandwell,E08000028,Sandwell,E02002051,Ocker Hill,-99,-99,-99,-99,-99,-99,-99,-99,3,4,-99,3,3,-99,3,-99,-99,-99,-99,-99,-99,-99,-99,-99,-99,-99,-99,-99,-99,-99,-99,-99,5,-99,6,6,6
E12000005,West Midlands,E08000028,Sandwell,E08000028,Sandwell,E02002052,Stone Cross & Hateley Heath,-99,-99,-99,-99,-99,-99,-99,-99,5,8,13,8,12,20,-99,-99,-99,-99,-99,6,-99,-99,-99,-99,-99,5,3,-99,3,3,4,4,4,5,10,8,8
E12000005,West Midlands,E08000028,Sandwell,E08000028,Sandwell,E02002053,Hamstead East,-99,-99,-99,-99,-99,-99,-99,-99,-99,4,-99,3,5,-99,-99,-99,-99,-99,-99,-99,-99,-99,-99,-99,-99,-99,-99,-99,-99,-99,-99,14,7,6,8,7,7
E12000005,West Midlands,E08000028,Sandwell,E08000028,Sandwell,E02002054,Hamstead West,-99,-99,-99,-99,-99,-99,-99,-99,3,8,3,5,3,-99,-99,-99,-99,-99,-99,-99,-99,-99,-99,-99,-99,3,-99,6,-99,-99,-99,4,-99,6,-99,11,11
E12000005,West Midlands,E08000028,Sandwell,E08000028,Sandwell,E02002055,Wednesbury South,-99,-99,-99,-99,-99,-99,-99,3,5,8,8,7,8,5,-99,4,5,6,-99,-99,-99,-99,-99,-99,3,6,-99,-99,-99,-99,3,4,12,-99,6,10,10
E12000005,West Midlands,E08000028,Sandwell,E08000028,Sandwell,E02002056,Tibbington,-99,-99,-99,-99,-99,-99,-99,-99,-99,5,-99,7,5,4,8,-99,6,-99,-99,-99,-99,-99,-99,-99,-99,-99,-99,-99,-99,-99,-99,-99,-99,8,11,8,8
E12000005,West Midlands,E08000028,Sandwell,E08000028,Sandwell,E02002057,Tipton,-99,-99,-99,-99,-99,-99,-99,-99,5,6,5,-99,8,4,-99,4,4,-99,-99,-99,-99,-99,-99,-99,-99,4,-99,-99,-99,-99,3,-99,12,11,7,3,3
E12000005,West Midlands,E08000028,Sandwell,E08000028,Sandwell,E02002058,Great Bridge & Dudley Port,-99,-99,-99,-99,-99,-99,-99,3,-99,9,7,9,13,7,-99,5,-99,-99,-99,3,3,-99,-99,-99,3,-99,3,-99,4,4,9,4,10,14,18,34,34
E12000005,West Midlands,E08000028,Sandwell,E08000028,Sandwell,E02002059,West Bromwich North,-99,-99,-99,-99,-99,-99,3,4,4,8,8,13,6,11,-99,4,9,3,-99,5,3,-99,-99,-99,8,8,7,9,9,5,8,10,7,15,15,12,12
E12000005,West Midlands,E08000028,Sandwell,E08000028,Sandwell,E02002060,Greets Green West,-99,-99,-99,-99,-99,-99,-99,3,7,3,-99,3,-99,-99,-99,4,3,-99,-99,-99,-99,-99,-99,-99,7,4,5,-99,-99,-99,-99,7,5,16,13,12,12
E12000005,West Midlands,E08000028,Sandwell,E08000028,Sandwell,E02002061,Greets Green East,-99,-99,-99,-99,-99,-99,-99,-99,-99,5,-99,5,4,-99,4,4,-99,-99,-99,7,-99,-99,-99,4,3,7,4,3,-99,-99,3,4,22,8,16,7,7
E12000005,West Midlands,E08000028,Sandwell,E08000028,Sandwell,E02002062,West Bromwich East & Kenrick Park,-99,-99,-99,-99,-99,-99,-99,-99,4,6,11,10,3,3,-99,6,8,-99,-99,5,-99,-99,-99,-99,-99,9,4,6,-99,-99,-99,8,6,14,8,9,9
E12000005,West Midlands,E08000028,Sandwell,E08000028,Sandwell,E02002063,North Tividale,-99,-99,-99,-99,-99,-99,-99,-99,3,5,-99,7,3,7,5,4,-99,-99,-99,3,-99,-99,-99,-99,-99,4,-99,4,-99,-99,-99,4,-99,5,11,5,5
E12000005,West Midlands,E08000028,Sandwell,E08000028,Sandwell,E02002064,Tividale,-99,-99,-99,-99,-99,-99,-99,-99,8,7,5,5,3,6,-99,-99,-99,-99,3,-99,4,-99,-99,-99,-99,-99,-99,-99,-99,-99,-99,3,7,5,7,11,11
E12000005,West Midlands,E08000028,Sandwell,E08000028,Sandwell,E02002065,Smethwick North & West,-99,-99,-99,-99,-99,-99,-99,-99,3,7,6,5,4,4,-99,4,5,4,5,7,-99,-99,-99,8,7,18,-99,4,15,15,6,6,10,31,32,23,23
E12000005,West Midlands,E08000028,Sandwell,E08000028,Sandwell,E02002066,Oldbury & Rood End,-99,-99,-99,-99,-99,-99,-99,-99,3,-99,-99,4,-99,3,3,-99,-99,4,-99,-99,-99,-99,-99,-99,-99,-99,3,-99,-99,-99,-99,10,5,4,14,10,10
E12000005,West Midlands,E08000028,Sandwell,E08000028,Sandwell,E02002067,Rowley West,-99,-99,-99,-99,-99,-99,-99,-99,-99,6,4,3,-99,3,8,-99,-99,-99,3,-99,-99,-99,-99,-99,-99,-99,-99,-99,-99,-99,-99,-99,3,5,-99,5,5
E12000005,West Midlands,E08000028,Sandwell,E08000028,Sandwell,E02002068,Smethwick East,-99,-99,-99,-99,-99,-99,3,4,5,9,3,6,3,7,4,3,5,3,3,-99,-99,-99,-99,-99,-99,7,-99,11,10,8,4,5,15,35,24,31,31
E12000005,West Midlands,E08000028,Sandwell,E08000028,Sandwell,E02002069,Whiteheath,-99,-99,-99,-99,-99,-99,-99,-99,-99,5,5,-99,4,-99,-99,-99,5,-99,-99,-99,-99,-99,-99,-99,4,4,-99,7,-99,-99,-99,-99,3,3,3,3,3
E12000005,West Midlands,E08000028,Sandwell,E08000028,Sandwell,E02002070,Smethwick South,-99,-99,-99,-99,-99,-99,-99,5,7,14,6,5,3,10,-99,3,-99,-99,-99,-99,-99,-99,-99,3,20,11,6,7,9,4,22,4,10,14,14,13,13
E12000005,West Midlands,E08000028,Sandwell,E08000028,Sandwell,E02002071,Rowley East,-99,-99,-99,-99,-99,-99,-99,-99,4,6,3,3,4,-99,3,3,5,-99,-99,-99,-99,-99,-99,-99,-99,-99,-99,-99,-99,-99,-99,-99,-99,8,6,3,3
E12000005,West Midlands,E08000028,Sandwell,E08000028,Sandwell,E02002072,Langley Green,-99,-99,-99,-99,-99,-99,-99,-99,3,11,4,7,4,-99,-99,-99,4,4,3,-99,-99,-99,-99,-99,3,-99,-99,-99,-99,-99,3,-99,8,9,9,17,17
E12000005,West Midlands,E08000028,Sandwell,E08000028,Sandwell,E02002073,Warley East,-99,-99,-99,-99,-99,-99,-99,-99,5,7,3,-99,3,4,-99,4,-99,-99,-99,-99,-99,-99,-99,-99,4,-99,-99,5,-99,-99,-99,-99,6,6,12,13,13
E12000005,West Midlands,E08000028,Sandwell,E08000028,Sandwell,E02002074,Warley West,-99,-99,-99,-99,-99,-99,-99,-99,5,-99,-99,6,9,4,-99,-99,-99,-99,-99,-99,3,-99,-99,-99,-99,-99,-99,-99,-99,-99,-99,-99,12,11,8,11,11
E12000005,West Midlands,E08000028,Sandwell,E08000028,Sandwell,E02002075,Blackheath,-99,-99,-99,-99,-99,-99,-99,-99,5,5,-99,9,8,7,4,4,3,-99,-99,-99,-99,-99,-99,-99,4,-99,-99,-99,-99,-99,-99,3,-99,5,3,6,6
E12000005,West Midlands,E08000028,Sandwell,E08000028,Sandwell,E02002076,Bearwood & Warley Woods,-99,-99,-99,-99,-99,-99,-99,-99,3,3,7,5,6,3,-99,-99,-99,-99,-99,-99,-99,-99,-99,-99,-99,-99,-99,3,4,4,-99,5,7,6,14,8,8
E12000005,West Midlands,E08000028,Sandwell,E08000028,Sandwell,E02002077,Old Hill,-99,-99,-99,-99,-99,-99,-99,-99,8,3,4,7,-99,4,10,-99,4,-99,-99,-99,-99,3,-99,-99,-99,-99,3,-99,-99,-99,-99,-99,-99,9,5,11,11
E12000005,West Midlands,E08000028,Sandwell,E08000028,Sandwell,E02002078,Warley South,-99,-99,-99,-99,-99,-99,-99,-99,-99,4,-99,-99,-99,-99,-99,-99,-99,-99,-99,-99,-99,-99,-99,-99,-99,-99,-99,-99,-99,-99,-99,-99,-99,6,6,9,9
E12000005,West Midlands,E08000028,Sandwell,E08000028,Sandwell,E02002079,Brandhall,-99,-99,-99,-99,-99,-99,-99,-99,-99,5,6,3,5,3,6,3,-99,-99,-99,-99,-99,-99,-99,-99,-99,-99,-99,-99,-99,-99,5,4,4,7,3,7,7
E12000005,West Midlands,E08000028,Sandwell,E08000028,Sandwell,E02002080,Cradley Heath,-99,-99,-99,-99,-99,-99,-99,-99,3,3,-99,3,-99,-99,4,-99,-99,-99,-99,-99,-99,-99,-99,-99,-99,-99,-99,-99,-99,-99,-99,-99,-99,-99,7,3,3
E12000005,West Midlands,E08000029,Solihull,E08000029,Solihull,E02002081,Castle Bromwich West,-99,-99,-99,-99,-99,-99,-99,-99,-99,-99,3,4,-99,4,-99,-99,-99,-99,-99,-99,-99,-99,-99,-99,-99,-99,-99,-99,-99,-99,-99,-99,-99,-99,6,4,4
E12000005,West Midlands,E08000029,Solihull,E08000029,Solihull,E02002082,Smith's Wood North,-99,-99,-99,-99,-99,-99,-99,-99,3,-99,-99,-99,3,-99,-99,-99,-99,-99,-99,-99,-99,-99,-99,-99,-99,-99,-99,-99,-99,-99,-99,-99,3,-99,4,7,7
E12000005,West Midlands,E08000029,Solihull,E08000029,Solihull,E02002083,Castle Bromwich East,-99,-99,-99,-99,-99,-99,-99,-99,-99,-99,4,4,-99,-99,-99,-99,-99,-99,-99,-99,-99,-99,-99,-99,6,-99,-99,-99,-99,-99,3,11,4,5,7,7,7
E12000005,West Midlands,E08000029,Solihull,E08000029,Solihull,E02002084,Smith's Wood South,-99,-99,-99,-99,-99,-99,-99,-99,-99,-99,6,7,3,6,-99,5,-99,-99,-99,-99,-99,-99,-99,-99,-99,-99,-99,3,-99,-99,-99,-99,-99,6,7,6,6
E12000005,West Midlands,E08000029,Solihull,E08000029,Solihull,E02002085,Kingshurst,-99,-99,-99,-99,-99,-99,-99,-99,-99,5,3,3,7,5,-99,-99,-99,-99,-99,-99,-99,-99,-99,-99,-99,-99,-99,-99,-99,-99,-99,-99,5,7,6,8,8
E12000005,West Midlands,E08000029,Solihull,E08000029,Solihull,E02002086,Chelmsley Wood West,-99,-99,-99,-99,-99,-99,-99,-99,12,-99,3,-99,-99,6,-99,-99,-99,-99,-99,-99,-99,-99,-99,-99,-99,-99,-99,-99,-99,-99,-99,3,6,10,4,9,9
E12000005,West Midlands,E08000029,Solihull,E08000029,Solihull,E02002087,Fordbridge,-99,-99,-99,-99,-99,-99,-99,-99,-99,3,-99,-99,-99,-99,3,-99,-99,-99,-99,-99,-99,-99,-99,-99,-99,-99,-99,-99,-99,-99,-99,-99,5,-99,11,11,11
E12000005,West Midlands,E08000029,Solihull,E08000029,Solihull,E02002088,Chelmsley Wood East,-99,-99,-99,-99,-99,-99,-99,-99,7,4,3,5,11,-99,3,-99,-99,-99,-99,-99,-99,-99,-99,-99,-99,-99,-99,-99,-99,-99,-99,4,3,-99,13,12,12
E12000005,West Midlands,E08000029,Solihull,E08000029,Solihull,E02002089,Marston Green & Airport,-99,-99,-99,-99,-99,-99,-99,-99,10,4,4,7,7,-99,-99,-99,3,-99,-99,-99,-99,-99,-99,-99,-99,-99,-99,-99,-99,-99,-99,4,4,-99,7,20,20
E12000005,West Midlands,E08000029,Solihull,E08000029,Solihull,E02002090,Lyndon North,-99,-99,-99,-99,-99,-99,-99,-99,6,5,-99,5,4,-99,5,-99,-99,-99,-99,-99,-99,-99,-99,-99,-99,-99,-99,-99,-99,-99,-99,8,7,5,6,5,5
E12000005,West Midlands,E08000029,Solihull,E08000029,Solihull,E02002091,Elmdon Park,-99,-99,-99,-99,-99,-99,-99,-99,-99,7,3,8,5,3,-99,-99,-99,-99,-99,-99,-99,-99,-99,-99,-99,-99,-99,-99,3,-99,4,5,7,3,10,7,7
E12000005,West Midlands,E08000029,Solihull,E08000029,Solihull,E02002092,Lyndon South,-99,-99,-99,-99,-99,-99,-99,-99,3,3,4,-99,10,5,3,3,-99,-99,-99,-99,-99,-99,-99,-99,-99,-99,-99,-99,-99,-99,-99,3,-99,4,6,8,8
E12000005,West Midlands,E08000029,Solihull,E08000029,Solihull,E02002093,Olton & Kineton Green,-99,-99,-99,-99,-99,-99,-99,-99,4,4,4,3,7,-99,7,-99,-99,-99,-99,-99,-99,-99,-99,-99,-99,-99,-99,-99,-99,-99,-99,4,7,7,-99,4,4
E12000005,West Midlands,E08000029,Solihull,E08000029,Solihull,E02002094,Ulverley Green & Langley,-99,-99,-99,-99,-99,-99,-99,-99,5,6,6,-99,-99,-99,-99,-99,-99,-99,-99,-99,-99,-99,-99,-99,-99,-99,-99,-99,3,-99,-99,9,4,4,-99,6,6
E12000005,West Midlands,E08000029,Solihull,E08000029,Solihull,E02002095,Elmdon Heath & Catherine-de-Barnes,-99,-99,-99,-99,-99,-99,-99,-99,7,6,5,-99,4,-99,-99,-99,5,-99,-99,-99,-99,-99,-99,-99,-99,-99,-99,-99,-99,-99,-99,7,7,12,8,7,7
E12000005,West Midlands,E08000029,Solihull,E08000029,Solihull,E02002096,Lode Heath,-99,-99,-99,-99,-99,-99,-99,-99,5,10,13,8,14,3,-99,3,-99,4,-99,-99,-99,-99,-99,-99,-99,-99,-99,-99,-99,-99,-99,5,6,11,12,23,23
E12000005,West Midlands,E08000029,Solihull,E08000029,Solihull,E02002097,"Meriden, Hampton-in-Arden & Temple Balsall",-99,-99,-99,-99,-99,-99,-99,-99,-99,5,3,-99,5,-99,-99,-99,-99,-99,-99,-99,-99,-99,-99,-99,-99,-99,-99,-99,-99,-99,-99,-99,-99,4,5,6,6
E12000005,West Midlands,E08000029,Solihull,E08000029,Solihull,E02002098,Shirley East,-99,-99,-99,-99,-99,-99,-99,-99,4,4,3,-99,3,4,-99,-99,-99,-99,-99,-99,-99,-99,-99,-99,-99,3,-99,4,-99,-99,-99,6,5,5,20,9,9
E12000005,West Midlands,E08000029,Solihull,E08000029,Solihull,E02002099,Central Solihull & Sharmans Cross,-99,-99,-99,-99,-99,-99,-99,-99,4,-99,4,-99,-99,-99,-99,-99,-99,-99,-99,-99,-99,-99,-99,-99,-99,-99,-99,-99,-99,-99,-99,10,12,9,5,11,11
E12000005,West Midlands,E08000029,Solihull,E08000029,Solihull,E02002101,Solihull Lodge,-99,-99,-99,-99,-99,-99,-99,-99,3,3,-99,-99,-99,-99,-99,-99,-99,-99,-99,-99,-99,-99,-99,-99,-99,-99,-99,-99,-99,-99,-99,-99,-99,-99,4,7,7
E12000005,West Midlands,E08000029,Solihull,E08000029,Solihull,E02002102,Blossomfield,-99,-99,-99,-99,-99,-99,-99,-99,6,12,5,8,3,10,5,-99,-99,-99,-99,-99,-99,-99,-99,-99,-99,-99,-99,-99,-99,-99,-99,9,13,9,7,10,10
E12000005,West Midlands,E08000029,Solihull,E08000029,Solihull,E02002103,Shirley Heath,-99,-99,-99,-99,-99,-99,-99,-99,5,-99,4,-99,-99,-99,4,3,-99,-99,-99,-99,-99,-99,-99,-99,-99,-99,-99,-99,-99,-99,-99,11,4,5,3,7,7
E12000005,West Midlands,E08000029,Solihull,E08000029,Solihull,E02002104,Monkspath North,-99,-99,-99,-99,-99,-99,-99,-99,5,4,5,4,8,4,8,-99,-99,-99,-99,-99,-99,-99,-99,-99,-99,-99,-99,-99,-99,-99,-99,4,-99,9,-99,-99,-99
E12000005,West Midlands,E08000029,Solihull,E08000029,Solihull,E02002105,Balsall Common,-99,-99,-99,-99,-99,-99,-99,-99,-99,8,8,5,5,4,3,-99,-99,4,-99,-99,-99,-99,-99,-99,-99,-99,-99,-99,-99,-99,-99,-99,-99,-99,-99,6,6
E12000005,West Midlands,E08000029,Solihull,E08000029,Solihull,E02002106,Knowle,-99,-99,-99,-99,-99,-99,-99,-99,5,13,-99,8,14,8,5,4,3,-99,-99,-99,-99,-99,3,-99,-99,-99,-99,-99,-99,-99,-99,8,8,17,9,8,8
E12000005,West Midlands,E08000029,Solihull,E08000029,Solihull,E02002107,Monkspath South,-99,-99,-99,-99,-99,-99,-99,-99,-99,-99,-99,-99,-99,-99,-99,-99,-99,-99,-99,-99,-99,5,-99,-99,-99,-99,-99,-99,-99,-99,-99,3,4,4,3,10,10
E12000005,West Midlands,E08000029,Solihull,E08000029,Solihull,E02002108,Dorridge,-99,-99,-99,-99,-99,-99,-99,-99,4,4,-99,-99,-99,-99,-99,-99,3,-99,-99,-99,-99,-99,-99,-99,-99,-99,-99,-99,-99,3,-99,6,19,8,3,5,5
E12000005,West Midlands,E08000029,Solihull,E08000029,Solihull,E02002109,"Dickens Heath, Cheswick Green & Hockley Heath",-99,-99,-99,-99,-99,-99,-99,-99,3,6,6,-99,-99,-99,7,-99,-99,-99,-99,-99,-99,-99,-99,-99,-99,-99,-99,-99,-99,-99,-99,6,10,5,13,13,13
E12000005,West Midlands,E08000030,Walsall,E08000030,Walsall,E02002110,Brownhills West & Clayhanger,-99,-99,-99,-99,-99,-99,-99,-99,-99,4,-99,6,3,-99,5,5,-99,-99,-99,-99,-99,-99,-99,-99,-99,-99,-99,-99,-99,8,-99,6,-99,7,3,5,5
E12000005,West Midlands,E08000030,Walsall,E08000030,Walsall,E02002111,Brownhills,-99,-99,-99,-99,-99,-99,-99,-99,5,-99,3,-99,9,19,-99,-99,-99,-99,-99,-99,-99,-99,-99,-99,-99,-99,3,-99,-99,-99,-99,-99,7,-99,-99,-99,-99
E12000005,West Midlands,E08000030,Walsall,E08000030,Walsall,E02002112,Pelsall North,-99,-99,-99,-99,-99,-99,-99,-99,-99,5,-99,-99,3,3,-99,-99,-99,-99,-99,-99,-99,-99,-99,-99,-99,-99,-99,-99,-99,-99,-99,-99,-99,3,-99,7,7
E12000005,West Midlands,E08000030,Walsall,E08000030,Walsall,E02002113,Walsall Wood,-99,-99,-99,-99,-99,-99,-99,-99,4,-99,-99,3,26,-99,-99,3,-99,-99,-99,-99,-99,-99,-99,-99,-99,-99,-99,-99,-99,-99,4,-99,-99,-99,-99,4,4
E12000005,West Midlands,E08000030,Walsall,E08000030,Walsall,E02002114,Pelsall South,-99,-99,-99,-99,-99,-99,-99,-99,6,-99,10,3,4,-99,7,3,-99,-99,-99,-99,-99,-99,-99,-99,-99,-99,-99,-99,-99,-99,-99,3,-99,3,-99,6,6
E12000005,West Midlands,E08000030,Walsall,E08000030,Walsall,E02002115,Little Bloxwich,-99,-99,-99,-99,-99,-99,-99,-99,3,5,-99,5,4,3,5,-99,3,-99,-99,-99,-99,-99,-99,-99,-99,-99,-99,-99,-99,-99,-99,-99,-99,-99,-99,7,7
E12000005,West Midlands,E08000030,Walsall,E08000030,Walsall,E02002116,Aldridge North,-99,-99,-99,-99,-99,-99,-99,-99,3,7,4,5,5,12,-99,-99,-99,-99,-99,-99,-99,-99,-99,-99,-99,-99,-99,-99,-99,-99,-99,-99,-99,-99,-99,5,5
E12000005,West Midlands,E08000030,Walsall,E08000030,Walsall,E02002117,Bloxwich Central & North,-99,-99,-99,-99,-99,-99,-99,-99,-99,-99,3,-99,3,-99,-99,3,-99,-99,-99,-99,-99,-99,-99,-99,-99,-99,-99,3,-99,-99,-99,-99,-99,5,6,7,7
E12000005,West Midlands,E08000030,Walsall,E08000030,Walsall,E02002118,Bloxwich North West,-99,-99,-99,-99,-99,-99,-99,-99,5,6,4,5,4,-99,-99,3,-99,-99,-99,-99,-99,-99,-99,-99,-99,-99,-99,-99,-99,-99,-99,-99,4,3,4,3,3
E12000005,West Midlands,E08000030,Walsall,E08000030,Walsall,E02002119,Shelfield,-99,-99,-99,-99,-99,-99,-99,-99,-99,5,3,8,3,4,-99,-99,-99,-99,-99,-99,-99,-99,-99,-99,-99,-99,-99,-99,-99,-99,-99,4,-99,4,6,9,9
E12000005,West Midlands,E08000030,Walsall,E08000030,Walsall,E02002120,Ashmore,-99,-99,-99,-99,-99,-99,3,-99,-99,-99,3,4,3,-99,-99,-99,-99,-99,5,-99,-99,-99,-99,-99,-99,-99,-99,-99,-99,-99,-99,3,-99,5,7,7,7
E12000005,West Midlands,E08000030,Walsall,E08000030,Walsall,E02002121,Blakenall North,-99,-99,-99,-99,-99,-99,-99,-99,4,3,5,4,8,13,4,3,-99,-99,-99,-99,-99,-99,-99,-99,-99,-99,-99,-99,-99,-99,-99,-99,-99,5,5,7,7
E12000005,West Midlands,E08000030,Walsall,E08000030,Walsall,E02002122,Blakenall South,-99,-99,-99,-99,-99,-99,-99,-99,-99,3,-99,5,21,4,-99,-99,-99,-99,-99,-99,-99,-99,-99,-99,-99,-99,-99,-99,-99,3,-99,-99,-99,-99,6,17,17
E12000005,West Midlands,E08000030,Walsall,E08000030,Walsall,E02002123,New Invention,-99,-99,-99,-99,-99,-99,-99,-99,4,3,6,3,3,3,5,-99,-99,-99,-99,-99,-99,-99,-99,-99,-99,-99,-99,-99,-99,-99,-99,3,-99,4,-99,7,7
E12000005,West Midlands,E08000030,Walsall,E08000030,Walsall,E02002124,Aldridge Central,-99,-99,-99,-99,-99,-99,-99,-99,5,4,-99,3,4,-99,4,-99,-99,-99,-99,4,-99,-99,-99,-99,-99,-99,-99,-99,-99,-99,-99,-99,-99,3,7,14,14
E12000005,West Midlands,E08000030,Walsall,E08000030,Walsall,E02002125,Rushall,-99,-99,-99,-99,-99,-99,-99,-99,3,6,-99,-99,8,16,-99,-99,-99,-99,-99,-99,-99,-99,-99,-99,-99,-99,-99,-99,-99,-99,-99,-99,-99,4,3,4,4
E12000005,West Midlands,E08000030,Walsall,E08000030,Walsall,E02002126,Bloxwich South,-99,-99,-99,-99,-99,-99,-99,-99,3,9,4,-99,6,-99,-99,-99,-99,-99,-99,-99,-99,-99,-99,-99,-99,-99,-99,-99,-99,-99,-99,-99,-99,-99,4,9,9
E12000005,West Midlands,E08000030,Walsall,E08000030,Walsall,E02002127,Walsall Ryecroft,-99,-99,-99,-99,-99,-99,-99,-99,11,-99,-99,11,15,4,-99,-99,-99,-99,-99,-99,-99,-99,-99,-99,-99,-99,-99,-99,6,-99,-99,-99,3,7,13,7,7
E12000005,West Midlands,E08000030,Walsall,E08000030,Walsall,E02002128,Short Heath East,-99,-99,-99,-99,-99,-99,-99,-99,-99,5,6,11,7,11,3,-99,-99,-99,-99,-99,-99,-99,-99,-99,-99,-99,-99,-99,-99,-99,-99,-99,-99,3,-99,12,12
E12000005,West Midlands,E08000030,Walsall,E08000030,Walsall,E02002129,Short Heath West,-99,-99,-99,-99,-99,-99,-99,-99,-99,-99,-99,6,-99,-99,-99,-99,4,3,-99,-99,-99,-99,-99,-99,-99,3,-99,-99,-99,-99,-99,-99,-99,4,-99,-99,-99
E12000005,West Midlands,E08000030,Walsall,E08000030,Walsall,E02002130,Leamore,-99,-99,-99,-99,-99,-99,-99,4,3,5,6,-99,-99,-99,-99,-99,-99,-99,-99,-99,-99,-99,-99,4,-99,-99,-99,-99,-99,-99,-99,-99,-99,18,8,12,12
E12000005,West Midlands,E08000030,Walsall,E08000030,Walsall,E02002131,Aldridge South,-99,-99,-99,-99,-99,-99,-99,-99,4,8,3,4,-99,4,-99,-99,3,-99,-99,-99,-99,-99,-99,-99,-99,-99,-99,-99,-99,-99,-99,-99,3,-99,6,12,12
E12000005,West Midlands,E08000030,Walsall,E08000030,Walsall,E02002132,Bentley,-99,-99,-99,-99,-99,-99,-99,-99,-99,7,4,7,28,-99,-99,3,-99,-99,-99,-99,-99,-99,-99,-99,4,3,-99,-99,-99,-99,-99,5,-99,-99,6,4,4
E12000005,West Midlands,E08000030,Walsall,E08000030,Walsall,E02002133,Walsall North East,-99,-99,-99,-99,-99,-99,-99,-99,3,10,3,3,4,-99,-99,-99,3,-99,-99,-99,-99,-99,-99,-99,5,-99,-99,-99,-99,-99,-99,-99,4,8,16,9,9
E12000005,West Midlands,E08000030,Walsall,E08000030,Walsall,E02002134,Willenhall Park,-99,-99,-99,-99,-99,-99,-99,-99,4,3,7,7,6,7,4,-99,-99,3,-99,-99,-99,-99,-99,-99,-99,-99,-99,-99,-99,-99,-99,5,-99,-99,6,6,6
E12000005,West Midlands,E08000030,Walsall,E08000030,Walsall,E02002135,Walsall West,-99,-99,-99,-99,-99,-99,-99,-99,8,6,12,-99,-99,3,-99,5,-99,-99,-99,-99,-99,-99,-99,-99,-99,-99,-99,-99,3,6,-99,-99,6,12,6,16,16
E12000005,West Midlands,E08000030,Walsall,E08000030,Walsall,E02002136,Willenhall Town,-99,-99,-99,-99,-99,-99,-99,-99,3,9,5,3,-99,4,-99,-99,-99,-99,-99,-99,-99,-99,-99,-99,-99,-99,-99,-99,-99,4,-99,-99,-99,3,9,7,7
E12000005,West Midlands,E08000030,Walsall,E08000030,Walsall,E02002137,Streetly North,-99,-99,-99,-99,-99,-99,-99,-99,11,7,3,-99,-99,4,3,-99,-99,-99,-99,-99,-99,-99,-99,-99,-99,-99,-99,-99,-99,-99,-99,-99,-99,5,4,3,3
E12000005,West Midlands,E08000030,Walsall,E08000030,Walsall,E02002138,Walsall East,-99,-99,-99,-99,-99,-99,-99,-99,4,5,-99,6,-99,-99,-99,-99,-99,-99,-99,-99,-99,-99,-99,-99,-99,-99,-99,-99,-99,-99,-99,-99,6,14,-99,9,9
E12000005,West Midlands,E08000030,Walsall,E08000030,Walsall,E02002139,Walsall Central,-99,-99,-99,-99,-99,-99,-99,3,3,6,8,4,-99,4,4,3,-99,3,-99,-99,-99,-99,-99,-99,-99,-99,-99,-99,3,-99,-99,4,3,7,12,13,13
E12000005,West Midlands,E08000030,Walsall,E08000030,Walsall,E02002140,Pleck,-99,-99,-99,-99,-99,-99,-99,-99,-99,8,6,11,9,-99,4,3,3,-99,-99,-99,-99,-99,-99,-99,3,-99,-99,-99,-99,-99,-99,-99,5,16,5,15,15
E12000005,West Midlands,E08000030,Walsall,E08000030,Walsall,E02002141,Streetly South,-99,-99,-99,-99,-99,-99,-99,-99,3,3,3,-99,3,8,-99,-99,-99,-99,-99,-99,-99,-99,-99,-99,-99,-99,-99,-99,-99,-99,-99,-99,-99,-99,7,8,8
E12000005,West Midlands,E08000030,Walsall,E08000030,Walsall,E02002142,Darlaston East,-99,-99,-99,-99,-99,-99,-99,-99,-99,7,3,6,7,3,-99,-99,-99,-99,-99,-99,-99,-99,-99,-99,-99,-99,-99,-99,3,-99,-99,-99,4,3,8,11,11
E12000005,West Midlands,E08000030,Walsall,E08000030,Walsall,E02002143,Palfrey,-99,-99,-99,-99,-99,-99,-99,3,5,10,4,3,6,3,-99,-99,-99,-99,-99,-99,-99,-99,-99,-99,-99,3,-99,-99,9,-99,-99,4,9,10,27,26,26
E12000005,West Midlands,E08000030,Walsall,E08000030,Walsall,E02002144,Walsall South East,-99,-99,-99,-99,-99,-99,-99,-99,4,5,-99,7,5,7,-99,-99,-99,-99,-99,-99,3,-99,-99,8,-99,-99,-99,-99,-99,-99,-99,-99,13,12,14,10,10
E12000005,West Midlands,E08000030,Walsall,E08000030,Walsall,E02002145,Darlaston Central,-99,-99,-99,-99,-99,-99,-99,-99,4,-99,3,3,7,3,-99,-99,-99,-99,-99,-99,-99,-99,-99,-99,-99,-99,-99,-99,-99,-99,4,-99,3,-99,-99,11,11
E12000005,West Midlands,E08000030,Walsall,E08000030,Walsall,E02002146,The Delves,-99,-99,-99,-99,-99,-99,-99,-99,-99,10,6,3,4,9,-99,-99,3,-99,-99,-99,-99,-99,-99,-99,-99,-99,-99,-99,-99,-99,-99,4,6,4,13,10,10
E12000005,West Midlands,E08000030,Walsall,E08000030,Walsall,E02002147,Darlaston West,-99,-99,-99,-99,-99,-99,-99,-99,7,8,5,3,6,3,-99,-99,-99,-99,-99,-99,-99,-99,-99,-99,-99,-99,-99,-99,-99,-99,-99,-99,3,-99,4,-99,-99
E12000005,West Midlands,E08000030,Walsall,E08000030,Walsall,E02002148,Pheasey & Sutton Road,-99,-99,-99,-99,-99,-99,-99,-99,3,13,5,5,5,-99,-99,-99,-99,-99,-99,-99,-99,-99,-99,4,4,-99,4,-99,5,-99,-99,-99,-99,6,7,12,12
E12000005,West Midlands,E08000031,Wolverhampton,E08000031,Wolverhampton,E02002149,Bushbury,-99,-99,-99,-99,-99,-99,3,-99,8,6,8,5,-99,3,4,-99,4,4,-99,-99,3,-99,-99,-99,-99,-99,3,-99,-99,-99,-99,4,-99,6,-99,5,5
E12000005,West Midlands,E08000031,Wolverhampton,E08000031,Wolverhampton,E02002150,Fordhouses,-99,-99,-99,-99,-99,-99,-99,-99,-99,5,-99,6,3,8,-99,-99,-99,-99,-99,-99,-99,-99,-99,-99,-99,-99,-99,-99,-99,-99,-99,3,-99,6,4,-99,-99
E12000005,West Midlands,E08000031,Wolverhampton,E08000031,Wolverhampton,E02002151,Pendleford,-99,-99,-99,-99,-99,-99,-99,3,-99,-99,-99,3,-99,-99,3,-99,-99,-99,-99,-99,-99,-99,-99,-99,-99,-99,-99,-99,-99,-99,-99,4,3,-99,5,3,3
E12000005,West Midlands,E08000031,Wolverhampton,E08000031,Wolverhampton,E02002152,Bushbury Hill,-99,-99,-99,-99,-99,-99,-99,-99,4,5,3,-99,5,4,-99,-99,-99,-99,-99,-99,-99,-99,-99,-99,-99,-99,-99,-99,-99,-99,-99,-99,3,4,4,5,5
E12000005,West Midlands,E08000031,Wolverhampton,E08000031,Wolverhampton,E02002153,Ashmore Park,-99,-99,-99,-99,-99,-99,-99,3,4,3,3,5,-99,-99,-99,-99,3,-99,-99,-99,-99,-99,-99,-99,-99,-99,-99,-99,-99,-99,-99,-99,-99,6,16,7,7
E12000005,West Midlands,E08000031,Wolverhampton,E08000031,Wolverhampton,E02002154,Oxley Park,-99,-99,-99,-99,-99,-99,-99,-99,5,4,3,-99,3,-99,-99,3,-99,-99,-99,-99,-99,-99,-99,-99,-99,-99,-99,3,-99,-99,-99,-99,4,3,6,5,5
E12000005,West Midlands,E08000031,Wolverhampton,E08000031,Wolverhampton,E02002155,Low Hill,-99,-99,-99,-99,-99,-99,-99,-99,3,4,3,3,7,-99,-99,3,-99,3,-99,-99,-99,-99,-99,-99,-99,-99,-99,-99,-99,-99,-99,-99,-99,3,3,7,7
E12000005,West Midlands,E08000031,Wolverhampton,E08000031,Wolverhampton,E02002156,Wood End,-99,-99,-99,-99,-99,-99,-99,-99,5,-99,5,12,8,3,-99,-99,-99,-99,-99,-99,-99,-99,-99,-99,-99,-99,-99,-99,6,-99,3,7,-99,-99,3,7,7
E12000005,West Midlands,E08000031,Wolverhampton,E08000031,Wolverhampton,E02002157,Tettenhall North,-99,-99,-99,-99,-99,-99,-99,-99,-99,3,4,-99,3,10,-99,-99,-99,-99,-99,-99,-99,-99,-99,-99,-99,-99,-99,-99,-99,-99,-99,5,11,-99,3,4,4
E12000005,West Midlands,E08000031,Wolverhampton,E08000031,Wolverhampton,E02002158,Wednesfield North East,-99,-99,-99,-99,-99,-99,-99,-99,3,5,4,9,19,4,6,3,-99,-99,-99,-99,-99,-99,-99,-99,-99,-99,-99,-99,8,-99,4,-99,-99,-99,3,3,3
E12000005,West Midlands,E08000031,Wolverhampton,E08000031,Wolverhampton,E02002159,Park Lane,-99,-99,-99,-99,-99,-99,-99,-99,-99,6,3,-99,4,-99,-99,-99,-99,-99,3,-99,-99,-99,-99,-99,-99,-99,-99,-99,-99,-99,-99,-99,-99,6,-99,8,8
E12000005,West Midlands,E08000031,Wolverhampton,E08000031,Wolverhampton,E02002160,Wednesfield Town,-99,-99,-99,-99,-99,-99,5,-99,-99,-99,8,5,-99,5,3,3,-99,6,-99,-99,5,-99,-99,-99,-99,-99,3,-99,-99,-99,-99,4,-99,11,11,8,8
E12000005,West Midlands,E08000031,Wolverhampton,E08000031,Wolverhampton,E02002161,Whitmore Reans & Dunstall Hill,-99,-99,-99,-99,-99,-99,3,-99,-99,-99,-99,3,3,3,-99,6,3,-99,-99,-99,-99,-99,-99,-99,-99,-99,-99,-99,-99,-99,-99,8,17,7,7,5,5
E12000005,West Midlands,E08000031,Wolverhampton,E08000031,Wolverhampton,E02002162,Tettenhall South,-99,-99,-99,-99,-99,-99,-99,-99,7,5,7,5,3,-99,16,-99,-99,-99,-99,-99,-99,-99,-99,-99,4,-99,-99,-99,-99,-99,-99,-99,3,3,11,8,8
E12000005,West Midlands,E08000031,Wolverhampton,E08000031,Wolverhampton,E02002163,Heath Town,-99,-99,-99,-99,-99,-99,-99,3,-99,5,4,12,9,4,6,8,4,-99,6,-99,3,3,-99,-99,-99,4,-99,-99,4,4,-99,-99,7,12,4,10,10
E12000005,West Midlands,E08000031,Wolverhampton,E08000031,Wolverhampton,E02002164,Waterloo Road,-99,-99,-99,-99,-99,-99,-99,-99,-99,3,-99,-99,4,10,-99,-99,-99,-99,5,-99,-99,-99,-99,-99,-99,-99,-99,-99,-99,-99,3,8,15,-99,-99,-99,-99
E12000005,West Midlands,E08000031,Wolverhampton,E08000031,Wolverhampton,E02002165,West Park,-99,-99,-99,-99,-99,-99,-99,-99,4,-99,5,3,23,-99,4,-99,-99,-99,-99,-99,-99,-99,-99,-99,-99,-99,-99,-99,-99,-99,7,11,3,12,11,4,4
E12000005,West Midlands,E08000031,Wolverhampton,E08000031,Wolverhampton,E02002166,East Park,-99,-99,-99,-99,-99,-99,-99,3,-99,7,8,6,7,7,5,-99,-99,-99,-99,-99,-99,-99,-99,-99,-99,-99,-99,-99,-99,-99,-99,4,3,10,-99,6,6
E12000005,West Midlands,E08000031,Wolverhampton,E08000031,Wolverhampton,E02002167,Castlecroft,-99,-99,-99,-99,-99,-99,-99,-99,-99,-99,5,-99,3,3,3,-99,4,-99,-99,-99,-99,-99,-99,-99,-99,-99,-99,-99,-99,-99,-99,4,9,10,4,8,8
E12000005,West Midlands,E08000031,Wolverhampton,E08000031,Wolverhampton,E02002168,Wolverhampton Central,-99,-99,-99,-99,-99,-99,-99,4,-99,-99,4,5,7,-99,-99,3,-99,-99,-99,-99,-99,-99,-99,-99,-99,15,6,-99,-99,7,-99,4,8,-99,8,11,11
E12000005,West Midlands,E08000031,Wolverhampton,E08000031,Wolverhampton,E02002169,Compton & Merryhill North,-99,-99,-99,-99,-99,-99,-99,3,7,5,4,12,22,-99,3,-99,4,4,-99,-99,-99,-99,-99,-99,-99,-99,-99,-99,-99,-99,-99,-99,-99,-99,9,11,11
E12000005,West Midlands,E08000031,Wolverhampton,E08000031,Wolverhampton,E02002170,Bilston North West,-99,-99,-99,-99,-99,-99,-99,-99,5,3,5,-99,3,5,4,-99,-99,-99,-99,-99,-99,-99,-99,-99,-99,-99,-99,-99,-99,-99,-99,-99,3,6,7,4,4
E12000005,West Midlands,E08000031,Wolverhampton,E08000031,Wolverhampton,E02002171,Bilston North East,-99,-99,-99,-99,-99,-99,-99,-99,3,3,4,-99,-99,3,-99,-99,-99,3,-99,-99,-99,-99,-99,-99,-99,-99,-99,-99,-99,-99,-99,-99,-99,4,9,4,4
E12000005,West Midlands,E08000031,Wolverhampton,E08000031,Wolverhampton,E02002174,Bradmore,-99,-99,-99,-99,-99,-99,-99,-99,-99,5,4,3,5,7,-99,4,-99,-99,-99,-99,-99,-99,-99,-99,-99,-99,5,-99,-99,-99,-99,-99,-99,5,11,6,6
E12000005,West Midlands,E08000031,Wolverhampton,E08000031,Wolverhampton,E02002175,Bilston Lunt & Loxdale,-99,-99,-99,-99,-99,-99,-99,-99,3,5,-99,3,-99,3,-99,4,-99,-99,-99,-99,-99,-99,-99,-99,-99,-99,-99,4,6,-99,-99,6,3,-99,3,13,13
E12000005,West Midlands,E08000031,Wolverhampton,E08000031,Wolverhampton,E02002176,Merryhill South,-99,-99,-99,-99,-99,-99,-99,-99,3,3,4,-99,-99,3,4,-99,-99,-99,-99,-99,-99,-99,-99,-99,-99,-99,-99,-99,-99,-99,-99,-99,11,5,9,6,6
E12000005,West Midlands,E08000031,Wolverhampton,E08000031,Wolverhampton,E02002177,Ettingshall,-99,-99,-99,-99,-99,-99,3,-99,5,3,4,3,9,3,-99,-99,-99,-99,-99,-99,-99,-99,-99,-99,-99,-99,3,-99,-99,3,-99,3,13,14,19,7,7
E12000005,West Midlands,E08000031,Wolverhampton,E08000031,Wolverhampton,E02002178,Goldthorn Park,-99,-99,-99,-99,-99,-99,-99,-99,7,5,-99,7,7,28,-99,-99,-99,-99,4,-99,3,-99,-99,-99,3,-99,-99,-99,-99,-99,-99,3,3,5,5,7,7
E12000005,West Midlands,E08000031,Wolverhampton,E08000031,Wolverhampton,E02002179,Upper Penn,-99,-99,-99,-99,-99,-99,-99,3,-99,-99,5,7,5,-99,-99,4,-99,-99,-99,-99,-99,-99,-99,-99,-99,-99,-99,-99,-99,-99,-99,-99,4,-99,5,-99,-99
E12000005,West Midlands,E08000031,Wolverhampton,E08000031,Wolverhampton,E02002180,Ettingshall Park,-99,-99,-99,-99,-99,-99,-99,-99,-99,-99,4,3,3,-99,-99,-99,-99,-99,-99,-99,-99,-99,-99,-99,-99,-99,-99,-99,-99,-99,-99,4,5,3,-99,3,3
E12000005,West Midlands,E08000031,Wolverhampton,E08000031,Wolverhampton,E02002181,Bradley,-99,-99,-99,-99,-99,-99,-99,3,4,5,-99,8,-99,3,-99,-99,4,-99,-99,-99,-99,-99,-99,-99,-99,4,-99,-99,-99,-99,-99,-99,-99,-99,13,4,4
E12000005,West Midlands,E08000031,Wolverhampton,E08000031,Wolverhampton,E02002182,Woodcross,-99,-99,-99,-99,-99,-99,3,6,7,7,4,6,6,11,3,-99,-99,-99,-99,-99,-99,-99,-99,-99,-99,3,-99,-99,-99,-99,-99,-99,-99,5,5,3,3
E12000003,Yorkshire and The Humber,E08000032,Bradford,E08000032,Bradford,E02002183,Addingham & Ilkley Moor,-99,-99,-99,-99,-99,-99,-99,-99,-99,-99,3,3,10,5,-99,5,-99,-99,-99,-99,-99,-99,-99,-99,-99,-99,-99,3,-99,-99,-99,-99,6,8,4,6,6
E12000003,Yorkshire and The Humber,E08000032,Bradford,E08000032,Bradford,E02002184,Ilkley & Ben Rhydding,-99,-99,-99,-99,-99,-99,-99,-99,4,-99,6,8,14,19,5,4,-99,-99,-99,-99,-99,-99,-99,-99,4,-99,-99,-99,-99,-99,-99,-99,-99,11,20,20,20
E12000003,Yorkshire and The Humber,E08000032,Bradford,E08000032,Bradford,E02002185,Burley-in-Wharfedale,-99,-99,-99,-99,-99,-99,-99,-99,-99,-99,-99,4,-99,3,-99,-99,-99,-99,-99,-99,-99,-99,-99,-99,-99,-99,-99,-99,-99,-99,-99,-99,-99,-99,6,9,9
E12000003,Yorkshire and The Humber,E08000032,Bradford,E08000032,Bradford,E02002186,Steeton & Silsden,-99,-99,-99,-99,-99,-99,-99,-99,-99,4,9,12,13,26,9,4,4,3,10,3,-99,-99,-99,-99,-99,-99,-99,-99,-99,-99,-99,9,21,28,23,6,6
E12000003,Yorkshire and The Humber,E08000032,Bradford,E08000032,Bradford,E02002187,Menston & Burley Moor,-99,-99,-99,-99,-99,-99,-99,-99,-99,-99,-99,3,4,5,4,4,-99,-99,-99,-99,-99,-99,-99,-99,-99,-99,-99,-99,-99,-99,-99,-99,3,4,4,13,13
E12000003,Yorkshire and The Humber,E08000032,Bradford,E08000032,Bradford,E02002188,Riddlesden & East Morton,-99,-99,-99,-99,-99,-99,-99,-99,-99,-99,3,5,-99,-99,7,-99,5,3,-99,6,7,-99,-99,-99,-99,4,-99,-99,-99,4,-99,-99,4,9,3,5,5
E12000003,Yorkshire and The Humber,E08000032,Bradford,E08000032,Bradford,E02002189,Keighley Utley,-99,-99,-99,-99,-99,-99,-99,-99,-99,3,-99,4,9,16,15,11,-99,6,8,15,10,3,3,-99,-99,-99,5,7,6,7,5,-99,9,13,17,11,11
E12000003,Yorkshire and The Humber,E08000032,Bradford,E08000032,Bradford,E02002190,Keighley Central & East,-99,-99,-99,-99,-99,-99,-99,-99,-99,5,8,3,6,5,3,9,15,9,8,7,20,5,9,9,6,4,6,5,8,6,-99,7,14,11,15,31,31
E12000003,Yorkshire and The Humber,E08000032,Bradford,E08000032,Bradford,E02002191,Keighley Oakworth Road & West Lane,-99,-99,-99,-99,-99,-99,-99,-99,-99,4,9,3,6,3,4,3,-99,-99,6,6,3,-99,-99,-99,-99,11,3,4,8,-99,5,4,8,13,10,17,17
E12000003,Yorkshire and The Humber,E08000032,Bradford,E08000032,Bradford,E02002192,Crossflatts & Eldwick,-99,-99,-99,-99,-99,-99,-99,-99,-99,4,7,3,7,14,4,6,-99,-99,3,-99,-99,-99,-99,-99,-99,-99,-99,-99,3,-99,-99,15,10,8,8,10,10
E12000003,Yorkshire and The Humber,E08000032,Bradford,E08000032,Bradford,E02002193,Keighley South,-99,-99,-99,-99,-99,-99,-99,-99,3,-99,-99,4,-99,3,-99,-99,-99,-99,3,-99,-99,6,4,-99,-99,-99,6,-99,5,-99,-99,-99,4,4,-99,11,11
E12000003,Yorkshire and The Humber,E08000032,Bradford,E08000032,Bradford,E02002194,Keighley Exley Head,-99,-99,-99,-99,-99,-99,-99,-99,3,-99,-99,7,3,6,4,-99,-99,4,-99,-99,-99,-99,-99,-99,-99,-99,-99,-99,-99,-99,-99,4,-99,9,12,19,19
E12000003,Yorkshire and The Humber,E08000032,Bradford,E08000032,Bradford,E02002195,Baildon North,-99,-99,-99,-99,-99,-99,-99,-99,-99,-99,-99,-99,3,-99,3,-99,5,-99,-99,-99,-99,-99,-99,-99,-99,-99,-99,-99,5,-99,-99,3,4,4,10,15,15
E12000003,Yorkshire and The Humber,E08000032,Bradford,E08000032,Bradford,E02002196,Oakworth & Laycock,-99,-99,-99,-99,-99,-99,-99,-99,-99,-99,-99,5,-99,-99,-99,3,4,-99,-99,-99,-99,-99,-99,-99,-99,-99,-99,-99,-99,-99,-99,3,-99,9,5,13,13
E12000003,Yorkshire and The Humber,E08000032,Bradford,E08000032,Bradford,E02002197,Bingley Town,-99,-99,-99,-99,-99,-99,-99,-99,-99,3,4,7,10,12,-99,5,7,-99,3,-99,-99,-99,-99,-99,-99,-99,-99,-99,-99,-99,-99,8,12,8,6,7,7
E12000003,Yorkshire and The Humber,E08000032,Bradford,E08000032,Bradford,E02002198,Baildon South,-99,-99,-99,-99,-99,-99,-99,-99,-99,-99,-99,4,4,6,5,5,-99,3,-99,-99,3,-99,-99,-99,-99,-99,-99,-99,-99,-99,-99,-99,4,-99,9,10,10
E12000003,Yorkshire and The Humber,E08000032,Bradford,E08000032,Bradford,E02002199,Thackley & Esholt,-99,-99,-99,-99,-99,-99,-99,-99,-99,-99,-99,-99,-99,-99,-99,3,4,4,-99,-99,-99,-99,-99,-99,-99,-99,-99,-99,-99,-99,-99,-99,5,5,18,18,18
E12000003,Yorkshire and The Humber,E08000032,Bradford,E08000032,Bradford,E02002200,Saltaire & Baildon West,-99,-99,-99,-99,-99,-99,-99,-99,-99,5,7,-99,13,9,7,7,5,-99,5,-99,-99,-99,-99,4,-99,4,-99,-99,-99,-99,-99,4,6,13,7,13,13
E12000003,Yorkshire and The Humber,E08000032,Bradford,E08000032,Bradford,E02002201,Idle,-99,-99,-99,-99,-99,-99,-99,-99,-99,7,-99,7,5,5,5,12,8,13,6,3,3,-99,-99,-99,-99,4,-99,-99,-99,-99,-99,6,4,8,14,46,46
E12000003,Yorkshire and The Humber,E08000032,Bradford,E08000032,Bradford,E02002202,Shipley Town,-99,-99,-99,-99,-99,-99,-99,-99,-99,-99,3,-99,3,-99,-99,5,-99,7,-99,-99,3,-99,-99,-99,-99,-99,-99,-99,5,-99,-99,8,8,9,9,6,6
E12000003,Yorkshire and The Humber,E08000032,Bradford,E08000032,Bradford,E02002203,Windhill,-99,-99,-99,-99,-99,-99,-99,-99,-99,-99,-99,-99,4,5,-99,6,7,3,-99,3,-99,-99,-99,-99,-99,-99,-99,-99,-99,-99,-99,3,10,7,12,17,17
E12000003,Yorkshire and The Humber,E08000032,Bradford,E08000032,Bradford,E02002204,"Cottingley, Harden & Wilsden",-99,-99,-99,-99,-99,-99,-99,-99,3,4,3,-99,5,10,5,5,-99,-99,-99,-99,-99,-99,-99,4,-99,-99,-99,4,3,-99,5,5,8,9,14,17,17
E12000003,Yorkshire and The Humber,E08000032,Bradford,E08000032,Bradford,E02002205,Haworth & Oxenhope,-99,-99,-99,-99,-99,-99,-99,-99,-99,4,6,-99,4,-99,-99,-99,-99,-99,-99,3,-99,3,-99,-99,-99,-99,-99,-99,-99,-99,-99,-99,-99,14,19,11,11
E12000003,Yorkshire and The Humber,E08000032,Bradford,E08000032,Bradford,E02002206,Wrose & Bolton Woods,-99,-99,-99,-99,-99,-99,-99,-99,-99,3,3,-99,3,8,3,4,7,4,3,7,3,4,3,-99,3,-99,-99,-99,9,-99,-99,9,6,14,24,13,13
E12000003,Yorkshire and The Humber,E08000032,Bradford,E08000032,Bradford,E02002207,Frizinghall & Heaton Grove,-99,-99,-99,-99,-99,-99,-99,-99,-99,-99,-99,5,4,4,9,6,4,10,10,6,4,3,-99,6,7,-99,-99,6,3,13,4,21,15,16,17,16,16
E12000003,Yorkshire and The Humber,E08000032,Bradford,E08000032,Bradford,E02002208,Eccleshill,-99,-99,-99,-99,-99,-99,-99,-99,-99,-99,3,-99,5,9,-99,-99,7,-99,-99,-99,6,-99,7,-99,-99,-99,-99,-99,-99,3,3,7,5,6,13,18,18
E12000003,Yorkshire and The Humber,E08000032,Bradford,E08000032,Bradford,E02002209,Ravenscliffe,-99,-99,-99,-99,-99,-99,-99,-99,-99,4,-99,-99,3,3,-99,7,4,3,-99,-99,-99,3,-99,-99,-99,-99,-99,3,-99,-99,-99,5,5,9,3,20,20
E12000003,Yorkshire and The Humber,E08000032,Bradford,E08000032,Bradford,E02002210,Bolton Road & Kings Road,-99,-99,-99,-99,-99,-99,-99,-99,-99,3,-99,-99,6,6,4,8,-99,11,6,4,-99,-99,3,-99,3,-99,-99,-99,5,-99,4,4,3,27,10,29,29
E12000003,Yorkshire and The Humber,E08000032,Bradford,E08000032,Bradford,E02002211,Heaton Highgate,-99,-99,-99,-99,-99,-99,-99,-99,3,3,4,4,8,4,4,5,5,7,7,13,13,21,-99,14,7,3,4,4,12,15,6,21,16,30,17,29,29
E12000003,Yorkshire and The Humber,E08000032,Bradford,E08000032,Bradford,E02002212,Chellow Heights,-99,-99,-99,-99,-99,-99,-99,-99,3,3,5,7,10,9,12,11,8,8,12,13,6,17,4,4,9,8,5,13,7,3,7,21,26,28,28,51,51
E12000003,Yorkshire and The Humber,E08000032,Bradford,E08000032,Bradford,E02002213,Cullingworth & Denholme,-99,-99,-99,-99,-99,-99,-99,-99,-99,4,5,-99,3,3,-99,-99,-99,-99,-99,-99,6,-99,-99,-99,-99,-99,-99,-99,-99,-99,-99,3,6,9,4,17,17
E12000003,Yorkshire and The Humber,E08000032,Bradford,E08000032,Bradford,E02002214,Haigh Fold,-99,-99,-99,-99,-99,-99,-99,-99,-99,-99,-99,-99,-99,4,4,5,6,-99,-99,3,5,3,3,-99,-99,-99,-99,3,3,3,7,4,6,19,19,23,23
E12000003,Yorkshire and The Humber,E08000032,Bradford,E08000032,Bradford,E02002215,Toller Lane & Infirmary,-99,-99,-99,-99,-99,-99,-99,-99,-99,-99,3,5,5,7,5,12,4,22,21,15,8,15,10,9,18,17,16,20,30,8,4,19,27,37,36,51,51
E12000003,Yorkshire and The Humber,E08000032,Bradford,E08000032,Bradford,E02002216,Manningham & Lister Park,-99,-99,-99,-99,-99,-99,-99,-99,4,3,8,9,8,4,10,18,9,8,6,10,22,9,3,10,6,-99,10,6,14,5,21,21,10,19,12,34,34
E12000003,Yorkshire and The Humber,E08000032,Bradford,E08000032,Bradford,E02002217,Undercliffe,-99,-99,-99,-99,-99,-99,-99,-99,3,6,7,6,7,-99,9,16,6,-99,8,6,16,4,-99,25,12,9,13,16,15,10,15,9,14,16,30,39,39
E12000003,Yorkshire and The Humber,E08000032,Bradford,E08000032,Bradford,E02002218,Allerton,-99,-99,-99,-99,-99,-99,-99,-99,-99,4,-99,4,4,14,6,3,3,5,12,16,6,-99,-99,10,16,12,10,5,4,7,5,15,8,23,13,39,39
E12000003,Yorkshire and The Humber,E08000032,Bradford,E08000032,Bradford,E02002219,Girlington,-99,-99,-99,-99,-99,-99,-99,-99,-99,5,3,-99,5,7,3,7,5,6,5,24,12,21,14,15,16,19,14,6,10,8,4,11,9,16,19,43,43
E12000003,Yorkshire and The Humber,E08000032,Bradford,E08000032,Bradford,E02002220,Thornbury,-99,-99,-99,-99,-99,-99,-99,-99,7,4,-99,-99,8,9,3,5,9,6,7,10,12,-99,4,8,4,20,8,26,21,14,16,22,14,7,40,41,41
E12000003,Yorkshire and The Humber,E08000032,Bradford,E08000032,Bradford,E02002221,Central Bradford & Barkerend West,-99,-99,-99,-99,-99,-99,-99,-99,-99,3,7,9,3,9,21,7,19,13,7,28,16,5,12,-99,14,6,4,17,8,7,16,14,14,24,29,53,53
E12000003,Yorkshire and The Humber,E08000032,Bradford,E08000032,Bradford,E02002222,Fairweather Green,-99,-99,-99,-99,-99,-99,-99,-99,-99,-99,4,4,10,10,13,4,7,18,-99,5,5,3,-99,-99,7,11,25,10,4,4,11,7,8,22,17,25,25
E12000003,Yorkshire and The Humber,E08000032,Bradford,E08000032,Bradford,E02002223,Brown Royd,-99,-99,-99,-99,-99,-99,-99,-99,-99,4,4,-99,4,6,3,3,11,-99,-99,11,8,10,8,9,5,11,7,11,10,5,5,7,11,14,21,27,27
E12000003,Yorkshire and The Humber,E08000032,Bradford,E08000032,Bradford,E02002224,Barkerend East,-99,-99,-99,-99,-99,-99,-99,-99,-99,3,3,8,9,8,9,9,15,6,14,17,20,5,9,5,11,12,12,9,13,23,18,21,24,21,37,41,41
E12000003,Yorkshire and The Humber,E08000032,Bradford,E08000032,Bradford,E02002225,Thornton,-99,-99,-99,-99,-99,-99,-99,-99,-99,-99,4,5,3,14,7,10,-99,-99,-99,4,4,-99,-99,-99,-99,-99,3,-99,6,-99,-99,-99,6,16,14,17,17
E12000003,Yorkshire and The Humber,E08000032,Bradford,E08000032,Bradford,E02002226,Shearbridge & University,-99,-99,-99,-99,-99,-99,-99,-99,-99,6,5,4,4,6,12,8,13,10,12,13,25,33,19,15,35,34,34,21,22,18,26,37,23,21,44,58,58
E12000003,Yorkshire and The Humber,E08000032,Bradford,E08000032,Bradford,E02002227,Broomfields & East Bowling,-99,-99,-99,-99,-99,-99,-99,-99,-99,-99,-99,-99,3,-99,4,3,-99,4,8,5,-99,4,3,-99,3,3,-99,6,3,-99,5,-99,6,15,16,10,10
E12000003,Yorkshire and The Humber,E08000032,Bradford,E08000032,Bradford,E02002228,Laisterdyke & Bowling,-99,-99,-99,-99,-99,-99,-99,-99,-99,3,3,3,3,-99,7,8,6,6,-99,5,12,4,-99,-99,-99,-99,3,3,4,-99,-99,3,13,14,20,25,25
E12000003,Yorkshire and The Humber,E08000032,Bradford,E08000032,Bradford,E02002229,Clayton,-99,-99,-99,-99,-99,-99,-99,-99,-99,-99,7,-99,5,-99,6,3,3,-99,-99,5,-99,-99,-99,-99,-99,-99,7,6,4,7,8,-99,5,9,10,21,21
E12000003,Yorkshire and The Humber,E08000032,Bradford,E08000032,Bradford,E02002230,Holme Top,-99,-99,-99,-99,-99,-99,-99,-99,3,-99,-99,-99,-99,7,5,11,4,5,5,13,10,15,9,12,6,10,5,5,6,6,3,12,11,18,35,43,43
E12000003,Yorkshire and The Humber,E08000032,Bradford,E08000032,Bradford,E02002231,Scholemoor,-99,-99,-99,-99,-99,-99,-99,-99,5,5,9,3,-99,10,12,17,17,5,3,12,24,10,4,3,-99,-99,11,13,5,5,8,5,6,15,17,54,54
E12000003,Yorkshire and The Humber,E08000032,Bradford,E08000032,Bradford,E02002232,Great Horton & Brackenhill,-99,-99,-99,-99,-99,-99,-99,-99,-99,-99,6,3,9,7,6,3,7,-99,5,4,13,3,-99,-99,4,10,10,4,9,-99,4,-99,11,8,18,15,15
E12000003,Yorkshire and The Humber,E08000032,Bradford,E08000032,Bradford,E02002233,Canterbury,-99,-99,-99,-99,-99,-99,-99,-99,-99,-99,3,3,-99,10,5,9,5,3,8,17,8,6,11,7,10,5,13,13,9,10,10,11,12,31,33,49,49
E12000003,Yorkshire and The Humber,E08000032,Bradford,E08000032,Bradford,E02002234,Holme Wood,-99,-99,-99,-99,-99,-99,-99,-99,-99,4,-99,7,-99,-99,5,-99,5,-99,-99,11,6,-99,-99,-99,-99,-99,-99,-99,-99,-99,-99,-99,8,-99,3,10,10
E12000003,Yorkshire and The Humber,E08000032,Bradford,E08000032,Bradford,E02002235,Bowling Park,-99,-99,-99,-99,-99,-99,-99,-99,-99,-99,-99,3,-99,3,11,9,6,5,4,13,14,7,-99,-99,-99,-99,-99,-99,4,-99,8,7,5,11,25,50,50
E12000003,Yorkshire and The Humber,E08000032,Bradford,E08000032,Bradford,E02002236,Wibsey St Enoch's,-99,-99,-99,-99,-99,-99,-99,-99,-99,-99,-99,3,6,3,-99,7,-99,-99,4,3,-99,-99,-99,3,3,4,-99,-99,-99,-99,7,6,7,7,15,32,32
E12000003,Yorkshire and The Humber,E08000032,Bradford,E08000032,Bradford,E02002237,Horton Bank,-99,-99,-99,-99,-99,-99,-99,-99,-99,3,-99,6,9,5,-99,5,-99,3,10,8,5,9,3,6,-99,9,5,3,5,7,8,9,7,13,12,26,26
E12000003,Yorkshire and The Humber,E08000032,Bradford,E08000032,Bradford,E02002238,Bankfoot,-99,-99,-99,-99,-99,-99,-99,-99,-99,-99,-99,4,3,3,-99,-99,3,5,3,4,5,-99,6,-99,-99,4,9,5,-99,-99,6,4,13,6,15,33,33
E12000003,Yorkshire and The Humber,E08000032,Bradford,E08000032,Bradford,E02002239,Bierley & Tong,-99,-99,-99,-99,-99,-99,-99,-99,-99,4,5,11,5,7,8,19,7,5,6,-99,6,3,-99,-99,-99,-99,5,9,4,3,-99,-99,4,9,13,32,32
E12000003,Yorkshire and The Humber,E08000032,Bradford,E08000032,Bradford,E02002240,Queensbury,-99,-99,-99,-99,-99,-99,-99,-99,-99,-99,4,3,6,6,7,7,4,-99,-99,-99,-99,4,-99,-99,-99,-99,-99,4,-99,-99,10,-99,4,12,17,20,20
E12000003,Yorkshire and The Humber,E08000032,Bradford,E08000032,Bradford,E02002241,Buttershaw,-99,-99,-99,-99,-99,-99,-99,-99,3,-99,-99,4,6,5,11,5,62,12,-99,3,3,-99,-99,3,-99,-99,-99,3,3,5,-99,4,8,19,26,40,40
E12000003,Yorkshire and The Humber,E08000032,Bradford,E08000032,Bradford,E02002242,Low Moor,-99,-99,-99,-99,-99,-99,-99,-99,-99,4,-99,4,7,3,5,8,-99,3,5,3,-99,-99,-99,3,-99,-99,-99,-99,-99,-99,-99,5,6,4,15,33,33
E12000003,Yorkshire and The Humber,E08000032,Bradford,E08000032,Bradford,E02002243,Wyke,-99,-99,-99,-99,-99,-99,-99,-99,3,-99,-99,-99,-99,5,-99,6,8,4,-99,3,-99,-99,4,-99,3,-99,-99,-99,-99,-99,3,-99,4,6,11,14,14
E12000003,Yorkshire and The Humber,E08000033,Calderdale,E08000033,Calderdale,E02002244,Illingworth & Ogden,-99,-99,-99,-99,-99,-99,-99,-99,-99,-99,-99,-99,-99,3,-99,-99,-99,3,-99,-99,-99,-99,3,-99,-99,-99,-99,-99,-99,-99,-99,3,8,9,9,14,14
E12000003,Yorkshire and The Humber,E08000033,Calderdale,E08000033,Calderdale,E02002245,Mixenden,-99,-99,-99,-99,-99,-99,-99,-99,-99,-99,-99,-99,-99,-99,-99,3,-99,-99,-99,-99,-99,-99,-99,-99,-99,-99,-99,-99,-99,-99,-99,-99,7,-99,4,5,5
E12000003,Yorkshire and The Humber,E08000033,Calderdale,E08000033,Calderdale,E02002246,Northowram & Shelf,-99,-99,-99,-99,-99,-99,-99,-99,-99,-99,-99,3,-99,-99,4,4,-99,-99,-99,-99,-99,-99,3,-99,-99,-99,-99,3,-99,6,5,3,4,-99,15,22,22
E12000003,Yorkshire and The Humber,E08000033,Calderdale,E08000033,Calderdale,E02002247,Hebden Bridge,-99,-99,-99,-99,-99,-99,-99,-99,-99,4,3,-99,5,3,3,-99,-99,-99,-99,-99,-99,-99,-99,-99,3,-99,-99,-99,-99,-99,-99,-99,-99,4,7,12,12
E12000003,Yorkshire and The Humber,E08000033,Calderdale,E08000033,Calderdale,E02002248,Wheatley & Ovenden West,-99,-99,-99,-99,-99,-99,-99,-99,-99,-99,3,-99,-99,-99,-99,3,-99,-99,-99,-99,-99,-99,-99,-99,-99,-99,-99,-99,-99,-99,-99,4,4,7,10,11,11
E12000003,Yorkshire and The Humber,E08000033,Calderdale,E08000033,Calderdale,E02002249,Ovenden East,-99,-99,-99,-99,-99,-99,-99,-99,-99,-99,-99,-99,-99,-99,-99,-99,-99,-99,-99,4,-99,4,-99,-99,-99,-99,-99,-99,-99,-99,-99,-99,3,10,10,5,5
E12000003,Yorkshire and The Humber,E08000033,Calderdale,E08000033,Calderdale,E02002250,Mytholmroyd & Cragg Vale,-99,-99,-99,-99,-99,-99,-99,-99,-99,-99,3,-99,-99,-99,-99,-99,-99,-99,-99,-99,-99,-99,-99,-99,-99,-99,-99,-99,-99,-99,-99,-99,-99,-99,4,14,14
E12000003,Yorkshire and The Humber,E08000033,Calderdale,E08000033,Calderdale,E02002251,Central Halifax & Boothtown,-99,-99,-99,-99,-99,-99,-99,-99,3,6,-99,-99,-99,6,3,-99,3,4,-99,-99,-99,-99,-99,4,-99,-99,-99,3,3,-99,-99,4,8,13,12,14,14
E12000003,Yorkshire and The Humber,E08000033,Calderdale,E08000033,Calderdale,E02002252,Norton Tower & Mount Tabor,-99,-99,-99,-99,-99,-99,-99,-99,-99,-99,3,-99,-99,3,-99,-99,-99,-99,-99,-99,-99,3,-99,-99,4,4,5,-99,4,4,-99,-99,5,7,5,3,3
E12000003,Yorkshire and The Humber,E08000033,Calderdale,E08000033,Calderdale,E02002253,Pellon West & Highroad Well,-99,-99,-99,-99,-99,-99,-99,-99,-99,-99,-99,-99,-99,5,5,4,-99,-99,8,5,3,-99,3,8,7,10,12,26,19,8,4,15,8,15,14,4,4
E12000003,Yorkshire and The Humber,E08000033,Calderdale,E08000033,Calderdale,E02002254,Hipperholme,-99,-99,-99,-99,-99,-99,-99,-99,-99,3,-99,3,-99,-99,-99,-99,-99,-99,-99,-99,-99,-99,-99,-99,3,-99,-99,-99,-99,-99,-99,5,-99,-99,4,12,12
E12000003,Yorkshire and The Humber,E08000033,Calderdale,E08000033,Calderdale,E02002255,Pellon East,-99,-99,-99,-99,-99,-99,-99,-99,4,4,3,3,-99,7,-99,5,6,4,-99,3,-99,14,6,4,6,21,22,30,16,7,5,10,8,16,12,25,25
E12000003,Yorkshire and The Humber,E08000033,Calderdale,E08000033,Calderdale,E02002256,Todmorden West & Cornholme,-99,-99,-99,-99,-99,-99,-99,-99,4,-99,-99,3,4,-99,5,-99,-99,-99,3,-99,-99,-99,-99,-99,-99,4,-99,-99,-99,-99,6,-99,-99,3,-99,15,15
E12000003,Yorkshire and The Humber,E08000033,Calderdale,E08000033,Calderdale,E02002257,King Cross,-99,-99,-99,-99,-99,-99,-99,-99,-99,-99,-99,3,-99,5,5,3,-99,-99,-99,-99,4,-99,-99,11,4,7,16,11,14,15,7,11,7,5,6,11,11
E12000003,Yorkshire and The Humber,E08000033,Calderdale,E08000033,Calderdale,E02002258,Clifton & Bailiff Bridge,-99,-99,-99,-99,-99,-99,-99,-99,3,-99,4,3,-99,-99,5,5,5,-99,-99,-99,3,-99,-99,-99,-99,-99,-99,-99,3,-99,-99,-99,-99,4,5,13,13
E12000003,Yorkshire and The Humber,E08000033,Calderdale,E08000033,Calderdale,E02002259,Savile Park,-99,-99,-99,-99,-99,-99,-99,-99,-99,-99,-99,7,-99,6,-99,3,-99,-99,-99,-99,-99,-99,-99,7,-99,5,5,3,4,-99,-99,3,9,-99,6,32,32
E12000003,Yorkshire and The Humber,E08000033,Calderdale,E08000033,Calderdale,E02002260,Sowerby Bridge,-99,-99,-99,-99,-99,-99,-99,-99,-99,-99,-99,4,6,-99,-99,-99,3,-99,-99,-99,-99,-99,-99,-99,-99,-99,-99,-99,-99,-99,-99,-99,6,5,4,20,20
E12000003,Yorkshire and The Humber,E08000033,Calderdale,E08000033,Calderdale,E02002261,Southowram & Siddal,-99,-99,-99,-99,-99,-99,-99,-99,-99,-99,3,-99,4,-99,-99,4,-99,-99,-99,-99,-99,-99,-99,-99,4,-99,-99,3,-99,-99,-99,6,7,7,8,12,12
E12000003,Yorkshire and The Humber,E08000033,Calderdale,E08000033,Calderdale,E02002262,Brighouse,-99,-99,-99,-99,-99,-99,-99,-99,-99,-99,-99,-99,8,4,-99,-99,-99,-99,-99,-99,-99,-99,-99,-99,-99,-99,-99,3,-99,4,5,4,-99,5,7,7,7
E12000003,Yorkshire and The Humber,E08000033,Calderdale,E08000033,Calderdale,E02002263,Sowerby & Luddendenfoot,-99,-99,-99,-99,-99,-99,-99,-99,-99,-99,-99,-99,-99,-99,-99,-99,-99,-99,-99,-99,-99,-99,-99,-99,-99,-99,-99,-99,-99,-99,-99,3,8,-99,4,9,9
E12000003,Yorkshire and The Humber,E08000033,Calderdale,E08000033,Calderdale,E02002264,Skircoat Green,-99,-99,-99,-99,-99,-99,-99,-99,-99,-99,-99,8,5,-99,-99,-99,-99,-99,-99,-99,3,-99,-99,3,-99,-99,3,-99,-99,-99,-99,-99,5,5,11,8,8
E12000003,Yorkshire and The Humber,E08000033,Calderdale,E08000033,Calderdale,E02002265,Todmorden East & Walsden,-99,-99,-99,-99,-99,-99,-99,-99,-99,-99,-99,3,-99,3,3,3,-99,-99,-99,-99,-99,-99,-99,-99,-99,-99,-99,-99,-99,-99,-99,-99,-99,7,6,12,12
E12000003,Yorkshire and The Humber,E08000033,Calderdale,E08000033,Calderdale,E02002266,Rastrick East,-99,-99,-99,-99,-99,-99,-99,-99,-99,4,4,3,3,4,3,-99,-99,-99,-99,-99,-99,-99,-99,-99,-99,-99,-99,-99,-99,-99,3,3,4,5,10,7,7
E12000003,Yorkshire and The Humber,E08000033,Calderdale,E08000033,Calderdale,E02002267,Rastrick West,-99,-99,-99,-99,-99,-99,-99,-99,-99,3,4,4,-99,12,-99,4,-99,-99,-99,-99,-99,-99,-99,-99,-99,-99,-99,-99,-99,-99,-99,-99,3,4,4,18,18
E12000003,Yorkshire and The Humber,E08000033,Calderdale,E08000033,Calderdale,E02002268,Elland,-99,-99,-99,-99,-99,-99,-99,-99,3,-99,4,-99,-99,-99,-99,-99,-99,-99,-99,-99,-99,-99,-99,-99,-99,4,-99,-99,6,-99,-99,-99,-99,-99,11,12,12
E12000003,Yorkshire and The Humber,E08000033,Calderdale,E08000033,Calderdale,E02002269,Greetland & Stainland,-99,-99,-99,-99,-99,-99,-99,-99,-99,4,5,-99,5,6,-99,-99,-99,-99,-99,-99,-99,-99,-99,-99,5,-99,6,-99,-99,-99,-99,-99,6,3,6,14,14
E12000003,Yorkshire and The Humber,E08000033,Calderdale,E08000033,Calderdale,E02002270,"Ripponden, Rishworth & Barkisland",-99,-99,-99,-99,-99,-99,-99,-99,-99,4,3,5,-99,-99,3,-99,-99,-99,-99,-99,-99,-99,-99,-99,-99,-99,-99,-99,-99,6,-99,4,6,9,11,18,18
E12000003,Yorkshire and The Humber,E08000034,Kirklees,E08000034,Kirklees,E02002271,Birkenshaw,-99,-99,-99,-99,-99,-99,-99,-99,-99,4,4,-99,3,3,13,-99,-99,-99,-99,-99,-99,-99,-99,3,-99,-99,-99,-99,-99,-99,-99,-99,-99,8,7,21,21
E12000003,Yorkshire and The Humber,E08000034,Kirklees,E08000034,Kirklees,E02002272,Birstall,-99,-99,-99,-99,-99,-99,-99,-99,-99,-99,3,7,5,6,8,10,5,-99,-99,-99,-99,-99,-99,-99,-99,-99,-99,-99,-99,-99,-99,-99,-99,9,11,24,24
E12000003,Yorkshire and The Humber,E08000034,Kirklees,E08000034,Kirklees,E02002273,Scholes & Hunsworth,-99,-99,-99,-99,-99,-99,-99,-99,-99,-99,-99,-99,-99,7,3,12,3,-99,4,7,5,-99,-99,-99,-99,-99,-99,-99,-99,-99,-99,-99,-99,5,13,12,12
E12000003,Yorkshire and The Humber,E08000034,Kirklees,E08000034,Kirklees,E02002274,Gomersal,-99,-99,-99,-99,-99,-99,-99,-99,-99,-99,-99,-99,5,4,3,-99,-99,-99,-99,-99,-99,-99,-99,-99,-99,-99,-99,-99,-99,-99,-99,-99,3,5,8,29,29
E12000003,Yorkshire and The Humber,E08000034,Kirklees,E08000034,Kirklees,E02002275,Cleckheaton,-99,-99,-99,-99,-99,-99,-99,-99,-99,-99,-99,5,7,5,4,3,15,6,8,4,3,-99,-99,3,3,4,-99,5,-99,-99,-99,3,3,11,17,24,24
E12000003,Yorkshire and The Humber,E08000034,Kirklees,E08000034,Kirklees,E02002276,"Wilton Park, Carlinghow & Brookroyd",-99,-99,-99,-99,-99,-99,-99,-99,-99,5,3,7,-99,-99,3,7,-99,-99,-99,-99,-99,-99,-99,-99,7,-99,-99,-99,-99,-99,3,5,5,5,6,18,18
E12000003,Yorkshire and The Humber,E08000034,Kirklees,E08000034,Kirklees,E02002277,Upper Batley & Soothill,-99,-99,-99,-99,-99,-99,-99,-99,-99,-99,3,5,-99,4,4,-99,-99,-99,-99,-99,5,5,-99,3,3,-99,4,-99,4,4,5,-99,8,11,7,8,8
E12000003,Yorkshire and The Humber,E08000034,Kirklees,E08000034,Kirklees,E02002278,Hightown & Hartshead Moor,-99,-99,-99,-99,-99,-99,-99,-99,-99,-99,3,3,-99,-99,-99,4,3,-99,-99,4,-99,-99,-99,-99,-99,-99,-99,-99,-99,-99,-99,-99,-99,6,8,10,10
E12000003,Yorkshire and The Humber,E08000034,Kirklees,E08000034,Kirklees,E02002279,"Liversedge, Littletown & Millbridge",-99,-99,-99,-99,-99,-99,-99,-99,-99,-99,-99,4,3,-99,-99,5,-99,-99,-99,-99,-99,3,-99,-99,-99,-99,-99,-99,-99,-99,-99,-99,3,6,6,8,8
E12000003,Yorkshire and The Humber,E08000034,Kirklees,E08000034,Kirklees,E02002280,Batley Central,-99,-99,-99,-99,-99,-99,-99,-99,-99,-99,3,6,5,6,-99,-99,-99,-99,-99,-99,-99,-99,8,4,9,5,9,5,9,5,4,3,14,10,9,12,12
E12000003,Yorkshire and The Humber,E08000034,Kirklees,E08000034,Kirklees,E02002281,Heckmondwike North,-99,-99,-99,-99,-99,-99,-99,-99,-99,3,4,3,4,3,3,8,-99,-99,-99,5,3,3,8,7,6,10,9,6,7,10,4,7,15,27,17,25,25
E12000003,Yorkshire and The Humber,E08000034,Kirklees,E08000034,Kirklees,E02002282,Staincliffe & Healey,-99,-99,-99,-99,-99,-99,-99,-99,-99,-99,-99,3,-99,3,-99,-99,-99,5,-99,-99,-99,6,8,12,13,7,3,-99,7,4,6,4,3,14,7,22,22
E12000003,Yorkshire and The Humber,E08000034,Kirklees,E08000034,Kirklees,E02002283,Batley Carr & Mount Pleasant,-99,-99,-99,-99,-99,-99,-99,-99,3,5,-99,-99,-99,-99,-99,5,-99,-99,-99,-99,-99,-99,6,17,4,4,5,3,3,5,-99,8,20,8,9,15,15
E12000003,Yorkshire and The Humber,E08000034,Kirklees,E08000034,Kirklees,E02002284,Shaw Cross & Hanging Heaton,-99,-99,-99,-99,-99,-99,-99,-99,-99,-99,-99,-99,-99,-99,4,-99,-99,3,-99,-99,-99,6,-99,-99,-99,-99,-99,7,3,4,-99,-99,7,6,4,23,23
E12000003,Yorkshire and The Humber,E08000034,Kirklees,E08000034,Kirklees,E02002285,"Heckmondwike Town, Norristhorpe & Roberttown",-99,-99,-99,-99,-99,-99,-99,-99,-99,-99,-99,6,-99,9,3,-99,-99,3,-99,-99,-99,3,-99,4,-99,3,-99,-99,-99,-99,-99,3,6,9,5,19,19
E12000003,Yorkshire and The Humber,E08000034,Kirklees,E08000034,Kirklees,E02002286,Dewsbury Moor Upper,-99,-99,-99,-99,-99,-99,-99,-99,-99,-99,5,5,-99,-99,7,6,-99,-99,-99,-99,-99,13,12,-99,-99,3,-99,6,4,6,6,8,6,3,8,8,8
E12000003,Yorkshire and The Humber,E08000034,Kirklees,E08000034,Kirklees,E02002287,Dewsbury Central & Westborough,-99,-99,-99,-99,-99,-99,-99,-99,-99,3,-99,4,-99,8,5,-99,3,-99,-99,6,-99,-99,4,7,11,-99,6,5,9,4,6,7,12,-99,15,13,13
E12000003,Yorkshire and The Humber,E08000034,Kirklees,E08000034,Kirklees,E02002288,Earlsheaton & Chickenley,-99,-99,-99,-99,-99,-99,-99,-99,-99,-99,3,4,5,9,9,7,3,-99,-99,5,3,-99,-99,-99,-99,-99,25,9,24,-99,-99,3,10,6,6,10,10
E12000003,Yorkshire and The Humber,E08000034,Kirklees,E08000034,Kirklees,E02002289,Dewsbury Moor Lower & Westtown,-99,-99,-99,-99,-99,-99,-99,-99,-99,-99,-99,-99,-99,-99,-99,3,-99,-99,-99,7,5,7,17,7,15,8,3,6,17,14,9,12,24,17,9,21,21
E12000003,Yorkshire and The Humber,E08000034,Kirklees,E08000034,Kirklees,E02002290,Northorpe & Crossley,-99,-99,-99,-99,-99,-99,-99,-99,-99,3,-99,3,3,-99,3,-99,-99,4,-99,-99,-99,-99,-99,-99,-99,-99,-99,-99,-99,5,-99,-99,6,8,6,8,8
E12000003,Yorkshire and The Humber,E08000034,Kirklees,E08000034,Kirklees,E02002291,Battyeford,-99,-99,-99,-99,-99,-99,-99,-99,-99,3,4,4,-99,9,4,4,-99,3,-99,-99,-99,-99,-99,-99,-99,-99,-99,-99,-99,-99,-99,-99,-99,6,6,6,6
E12000003,Yorkshire and The Humber,E08000034,Kirklees,E08000034,Kirklees,E02002292,Bradley & North Fixby,-99,-99,-99,-99,-99,-99,-99,-99,-99,4,4,3,5,10,-99,-99,-99,-99,-99,-99,4,-99,3,-99,5,-99,-99,-99,3,-99,3,-99,4,5,10,15,15
E12000003,Yorkshire and The Humber,E08000034,Kirklees,E08000034,Kirklees,E02002293,Ravensthorpe,-99,-99,-99,-99,-99,-99,-99,-99,-99,-99,3,4,-99,3,7,-99,7,-99,4,6,17,11,15,6,-99,12,3,11,7,5,7,8,15,28,24,31,31
E12000003,Yorkshire and The Humber,E08000034,Kirklees,E08000034,Kirklees,E02002294,Dewsbury Savile Town & Thornhill Lees,-99,-99,-99,-99,-99,-99,-99,-99,-99,4,6,-99,-99,-99,-99,3,14,3,3,5,5,8,25,14,5,4,4,10,9,7,7,6,11,40,22,26,26
E12000003,Yorkshire and The Humber,E08000034,Kirklees,E08000034,Kirklees,E02002295,Deighton & Brackenhall,-99,-99,-99,-99,-99,-99,-99,-99,-99,-99,3,-99,-99,6,5,-99,-99,-99,-99,18,10,4,-99,-99,3,-99,-99,-99,-99,-99,4,3,-99,7,6,5,5
E12000003,Yorkshire and The Humber,E08000034,Kirklees,E08000034,Kirklees,E02002296,Mirfield Central & Hopton,-99,-99,-99,-99,-99,-99,-99,-99,-99,3,-99,3,-99,4,-99,-99,3,-99,-99,-99,-99,-99,-99,-99,-99,-99,-99,-99,-99,-99,-99,-99,3,-99,14,18,18
E12000003,Yorkshire and The Humber,E08000034,Kirklees,E08000034,Kirklees,E02002297,Cowcliffe & South Fixby,-99,-99,-99,-99,-99,-99,-99,-99,-99,-99,4,-99,-99,-99,-99,-99,-99,-99,-99,-99,3,-99,-99,-99,-99,-99,-99,-99,-99,-99,7,5,8,10,9,16,16
E12000003,Yorkshire and The Humber,E08000034,Kirklees,E08000034,Kirklees,E02002298,Thornhill,-99,-99,-99,-99,-99,-99,-99,-99,-99,4,3,3,7,-99,-99,4,8,-99,-99,-99,-99,-99,-99,-99,-99,-99,-99,-99,3,-99,-99,-99,-99,3,8,25,25
E12000003,Yorkshire and The Humber,E08000034,Kirklees,E08000034,Kirklees,E02002299,Huddersfield Leeds Road & Fartown,-99,-99,-99,-99,-99,-99,-99,-99,-99,-99,4,-99,-99,-99,-99,-99,-99,-99,-99,5,6,4,4,-99,-99,-99,-99,-99,-99,-99,4,6,3,6,12,15,15
E12000003,Yorkshire and The Humber,E08000034,Kirklees,E08000034,Kirklees,E02002300,North Lindley & Birchencliffe,-99,-99,-99,-99,-99,-99,-99,-99,-99,-99,-99,9,5,3,-99,-99,-99,-99,-99,5,12,-99,-99,-99,-99,-99,-99,-99,-99,-99,-99,6,8,5,6,13,13
E12000003,Yorkshire and The Humber,E08000034,Kirklees,E08000034,Kirklees,E02002301,Birkby,-99,-99,-99,-99,-99,-99,-99,-99,-99,-99,4,7,-99,4,-99,-99,-99,9,-99,-99,5,6,7,14,-99,3,4,9,7,8,5,10,9,3,4,10,10
E12000003,Yorkshire and The Humber,E08000034,Kirklees,E08000034,Kirklees,E02002302,Kirkheaton,-99,-99,-99,-99,-99,-99,-99,-99,3,-99,-99,-99,-99,-99,-99,-99,-99,-99,-99,3,-99,-99,-99,-99,-99,-99,-99,-99,-99,3,-99,4,5,3,7,13,13
E12000003,Yorkshire and The Humber,E08000034,Kirklees,E08000034,Kirklees,E02002303,Oakes & South Lindley,-99,-99,-99,-99,-99,-99,-99,-99,-99,7,6,5,-99,4,-99,5,-99,5,5,14,3,6,-99,3,-99,-99,-99,-99,-99,-99,-99,3,3,4,7,15,15
E12000003,Yorkshire and The Humber,E08000034,Kirklees,E08000034,Kirklees,E02002304,Edgerton & Marsh,-99,-99,-99,-99,-99,-99,-99,-99,-99,-99,-99,-99,-99,-99,-99,3,-99,6,-99,-99,-99,-99,-99,-99,-99,-99,3,-99,-99,-99,3,-99,-99,3,3,14,14
E12000003,Yorkshire and The Humber,E08000034,Kirklees,E08000034,Kirklees,E02002305,Rawthorpe,-99,-99,-99,-99,-99,-99,-99,-99,-99,3,-99,-99,-99,-99,-99,-99,-99,-99,-99,-99,-99,-99,-99,-99,-99,-99,-99,-99,-99,-99,3,-99,-99,5,4,14,14
E12000003,Yorkshire and The Humber,E08000034,Kirklees,E08000034,Kirklees,E02002306,"Scapegoat Hill, Outlane & West Golcar",-99,-99,-99,-99,-99,-99,-99,-99,-99,-99,-99,4,6,-99,-99,9,-99,-99,-99,-99,-99,-99,4,-99,-99,3,-99,-99,-99,-99,-99,-99,-99,3,5,10,10
E12000003,Yorkshire and The Humber,E08000034,Kirklees,E08000034,Kirklees,E02002307,Dalton Long Lane,-99,-99,-99,-99,-99,-99,-99,-99,-99,-99,-99,-99,-99,9,3,-99,7,-99,-99,-99,-99,-99,-99,-99,-99,-99,-99,-99,5,-99,4,-99,-99,-99,9,7,7
E12000003,Yorkshire and The Humber,E08000034,Kirklees,E08000034,Kirklees,E02002308,Longwood & Quarmby,-99,-99,-99,-99,-99,-99,-99,-99,-99,3,-99,-99,-99,7,7,13,-99,-99,-99,-99,-99,3,-99,-99,-99,-99,-99,6,3,-99,-99,9,-99,5,12,11,11
E12000003,Yorkshire and The Humber,E08000034,Kirklees,E08000034,Kirklees,E02002309,Paddock & Greenhead,-99,-99,-99,-99,-99,-99,-99,-99,-99,4,-99,3,-99,3,-99,-99,-99,-99,-99,3,-99,-99,-99,-99,-99,-99,-99,-99,-99,-99,-99,-99,-99,9,12,10,10
E12000003,Yorkshire and The Humber,E08000034,Kirklees,E08000034,Kirklees,E02002310,Moldgreen & Ravensknowle Park,-99,-99,-99,-99,-99,-99,-99,-99,-99,-99,-99,3,4,6,3,-99,4,-99,-99,-99,-99,-99,-99,-99,-99,-99,-99,-99,-99,-99,3,3,-99,4,10,9,9
E12000003,Yorkshire and The Humber,E08000034,Kirklees,E08000034,Kirklees,E02002311,Golcar,-99,-99,-99,-99,-99,-99,-99,-99,-99,-99,-99,-99,-99,-99,-99,-99,4,-99,-99,-99,-99,-99,4,-99,-99,-99,-99,-99,-99,-99,-99,-99,-99,4,6,11,11
E12000003,Yorkshire and The Humber,E08000034,Kirklees,E08000034,Kirklees,E02002312,"Aspley, Longley & University",-99,-99,-99,-99,-99,-99,-99,-99,-99,-99,-99,6,3,3,3,-99,3,-99,-99,3,3,5,-99,-99,-99,-99,-99,3,-99,-99,-99,3,5,4,9,17,17
E12000003,Yorkshire and The Humber,E08000034,Kirklees,E08000034,Kirklees,E02002313,Lockwood,-99,-99,-99,-99,-99,-99,-99,-99,-99,6,3,-99,-99,-99,3,4,3,-99,-99,7,-99,3,4,-99,6,-99,3,9,-99,5,4,10,11,7,10,25,25
E12000003,Yorkshire and The Humber,E08000034,Kirklees,E08000034,Kirklees,E02002314,Almondbury & Waterloo,-99,-99,-99,-99,-99,-99,-99,-99,-99,-99,-99,3,7,-99,-99,5,28,-99,4,-99,3,-99,-99,-99,3,-99,-99,-99,-99,-99,-99,-99,6,-99,13,8,8
E12000003,Yorkshire and The Humber,E08000034,Kirklees,E08000034,Kirklees,E02002315,Cowlersley & Milnsbridge,-99,-99,-99,-99,-99,-99,-99,-99,-99,3,-99,-99,-99,-99,3,-99,-99,-99,-99,-99,-99,-99,-99,-99,-99,-99,-99,-99,4,-99,-99,-99,3,-99,3,-99,-99
E12000003,Yorkshire and The Humber,E08000034,Kirklees,E08000034,Kirklees,E02002316,"Lepton, Grange Moor & Flockton",-99,-99,-99,-99,-99,-99,-99,-99,-99,-99,-99,-99,-99,-99,-99,-99,-99,-99,-99,-99,-99,-99,-99,-99,-99,-99,-99,-99,-99,-99,-99,-99,-99,4,13,14,14
E12000003,Yorkshire and The Humber,E08000034,Kirklees,E08000034,Kirklees,E02002317,Crosland Moor,-99,-99,-99,-99,-99,-99,-99,-99,-99,-99,-99,3,-99,3,3,-99,-99,-99,-99,-99,-99,-99,-99,-99,3,-99,-99,4,4,-99,-99,-99,-99,6,4,4,4
E12000003,Yorkshire and The Humber,E08000034,Kirklees,E08000034,Kirklees,E02002318,"Primrose Hill, Newsome & Berry Brow",-99,-99,-99,-99,-99,-99,-99,-99,3,3,-99,-99,4,3,5,-99,-99,-99,-99,-99,3,-99,-99,-99,-99,-99,-99,3,-99,-99,-99,-99,7,8,13,9,9
E12000003,Yorkshire and The Humber,E08000034,Kirklees,E08000034,Kirklees,E02002319,Slaithwaite & Linthwaite,-99,-99,-99,-99,-99,-99,-99,-99,-99,-99,-99,5,-99,-99,-99,-99,-99,-99,-99,-99,-99,-99,-99,-99,-99,-99,-99,-99,-99,-99,-99,-99,3,5,5,4,4
E12000003,Yorkshire and The Humber,E08000034,Kirklees,E08000034,Kirklees,E02002320,Netherton & South Crosland,-99,-99,-99,-99,-99,-99,-99,-99,-99,-99,-99,-99,-99,7,5,-99,-99,-99,-99,-99,-99,-99,-99,-99,-99,3,-99,-99,-99,-99,-99,-99,-99,3,3,10,10
E12000003,Yorkshire and The Humber,E08000034,Kirklees,E08000034,Kirklees,E02002321,Kirkburton & Farnley Tyas,-99,-99,-99,-99,-99,-99,-99,-99,-99,5,-99,-99,7,-99,-99,3,-99,-99,-99,-99,-99,-99,-99,-99,-99,-99,-99,-99,-99,-99,-99,-99,-99,5,5,19,19
E12000003,Yorkshire and The Humber,E08000034,Kirklees,E08000034,Kirklees,E02002322,Marsden & Pole Moor,-99,-99,-99,-99,-99,-99,-99,-99,-99,-99,-99,-99,-99,3,-99,-99,-99,-99,-99,-99,-99,-99,-99,-99,-99,-99,-99,-99,-99,-99,-99,-99,-99,-99,3,6,6
E12000003,Yorkshire and The Humber,E08000034,Kirklees,E08000034,Kirklees,E02002323,Honley & Brockholes,-99,-99,-99,-99,-99,-99,-99,-99,3,4,-99,-99,4,3,-99,-99,-99,-99,-99,-99,-99,-99,-99,-99,-99,-99,-99,-99,4,-99,4,-99,-99,-99,9,8,8
E12000003,Yorkshire and The Humber,E08000034,Kirklees,E08000034,Kirklees,E02002324,Emley & Skelmanthorpe,-99,-99,-99,-99,-99,-99,-99,-99,-99,-99,-99,-99,3,-99,-99,-99,-99,-99,-99,-99,-99,-99,-99,-99,-99,-99,-99,-99,-99,-99,-99,5,19,6,8,9,9
E12000003,Yorkshire and The Humber,E08000034,Kirklees,E08000034,Kirklees,E02002325,Meltham,-99,-99,-99,-99,-99,-99,-99,-99,4,3,3,3,6,-99,-99,-99,5,3,-99,-99,-99,-99,-99,-99,-99,-99,-99,-99,-99,-99,-99,-99,-99,7,7,10,10
E12000003,Yorkshire and The Humber,E08000034,Kirklees,E08000034,Kirklees,E02002326,Shelley & Shepley,-99,-99,-99,-99,-99,-99,-99,-99,-99,-99,3,-99,-99,-99,-99,-99,-99,-99,-99,-99,-99,-99,-99,-99,-99,-99,-99,-99,-99,-99,-99,3,6,4,10,10,10
E12000003,Yorkshire and The Humber,E08000034,Kirklees,E08000034,Kirklees,E02002327,"Denby Dale, Cumberworth & Clayton West",-99,-99,-99,-99,-99,-99,-99,-99,-99,5,-99,-99,4,3,-99,-99,-99,3,3,-99,-99,-99,-99,-99,-99,-99,-99,-99,3,-99,-99,11,18,-99,13,15,15
E12000003,Yorkshire and The Humber,E08000034,Kirklees,E08000034,Kirklees,E02002328,Upperthong & Holmbridge,-99,-99,-99,-99,-99,-99,-99,-99,6,-99,-99,3,4,4,6,-99,-99,-99,-99,-99,-99,-99,-99,-99,-99,-99,-99,-99,-99,-99,-99,-99,-99,5,4,11,11
E12000003,Yorkshire and The Humber,E08000034,Kirklees,E08000034,Kirklees,E02002329,"Holmfirth, New Mill & Hepworth",-99,-99,-99,-99,-99,-99,-99,-99,-99,-99,3,-99,4,3,-99,-99,-99,-99,-99,3,-99,-99,-99,-99,-99,-99,-99,-99,-99,-99,-99,-99,4,9,15,15,15
E12000003,Yorkshire and The Humber,E08000035,Leeds,E08000035,Leeds,E02002330,Wetherby West,-99,-99,-99,-99,-99,-99,-99,-99,-99,3,-99,6,-99,-99,-99,-99,-99,-99,-99,-99,-99,-99,-99,-99,-99,-99,-99,-99,-99,-99,-99,-99,4,6,5,9,9
E12000003,Yorkshire and The Humber,E08000035,Leeds,E08000035,Leeds,E02002331,Wetherby East & Thorp Arch,-99,-99,-99,-99,-99,-99,-99,-99,-99,-99,3,-99,4,3,5,5,20,3,-99,4,-99,-99,-99,-99,-99,-99,-99,-99,-99,-99,-99,-99,4,-99,4,13,13
E12000003,Yorkshire and The Humber,E08000035,Leeds,E08000035,Leeds,E02002332,Otley North,-99,-99,-99,-99,-99,-99,-99,-99,-99,-99,4,-99,3,-99,11,3,-99,-99,-99,-99,-99,-99,-99,-99,-99,-99,-99,-99,-99,-99,-99,-99,4,6,5,13,13
E12000003,Yorkshire and The Humber,E08000035,Leeds,E08000035,Leeds,E02002333,Otley South,-99,-99,-99,-99,-99,-99,-99,-99,-99,-99,5,5,4,4,-99,-99,-99,-99,-99,-99,-99,4,-99,-99,-99,-99,-99,-99,-99,-99,-99,-99,3,3,6,9,9
E12000003,Yorkshire and The Humber,E08000035,Leeds,E08000035,Leeds,E02002334,Boston Spa & Bramham,-99,-99,-99,-99,-99,-99,-99,-99,6,-99,8,3,-99,-99,4,-99,3,-99,-99,-99,-99,-99,-99,-99,-99,-99,-99,-99,-99,-99,4,-99,3,-99,12,10,10
E12000003,Yorkshire and The Humber,E08000035,Leeds,E08000035,Leeds,E02002335,"Collingham, Rigton & Harewood",-99,-99,-99,-99,-99,-99,-99,-99,5,3,-99,3,-99,-99,-99,-99,-99,-99,-99,-99,-99,-99,-99,-99,-99,-99,-99,-99,-99,7,7,-99,3,6,8,13,13
E12000003,Yorkshire and The Humber,E08000035,Leeds,E08000035,Leeds,E02002336,Bramhope & Pool-in-Wharfedale,-99,-99,-99,-99,-99,-99,-99,-99,-99,-99,-99,5,-99,-99,-99,-99,-99,-99,-99,-99,-99,-99,-99,-99,-99,-99,-99,-99,-99,-99,-99,-99,4,4,6,12,12
E12000003,Yorkshire and The Humber,E08000035,Leeds,E08000035,Leeds,E02002337,Guiseley North & West,-99,-99,-99,-99,-99,-99,-99,-99,-99,6,-99,4,3,7,10,-99,-99,-99,-99,-99,-99,-99,-99,-99,-99,-99,-99,-99,-99,-99,-99,3,10,3,4,9,9
E12000003,Yorkshire and The Humber,E08000035,Leeds,E08000035,Leeds,E02002338,Guiseley East & South,-99,-99,-99,-99,-99,-99,-99,-99,-99,-99,-99,-99,3,16,17,5,-99,3,-99,-99,-99,-99,-99,-99,-99,-99,-99,-99,-99,-99,-99,-99,-99,7,5,7,7
E12000003,Yorkshire and The Humber,E08000035,Leeds,E08000035,Leeds,E02002339,Yeadon West,-99,-99,-99,-99,-99,-99,-99,-99,3,-99,4,7,3,-99,-99,-99,-99,-99,-99,-99,-99,-99,-99,-99,-99,-99,-99,-99,-99,-99,-99,4,-99,-99,-99,6,6
E12000003,Yorkshire and The Humber,E08000035,Leeds,E08000035,Leeds,E02002340,Yeadon East,-99,-99,-99,-99,-99,-99,-99,-99,-99,-99,-99,-99,-99,-99,3,-99,-99,-99,-99,-99,-99,-99,-99,-99,-99,-99,-99,-99,-99,-99,5,7,-99,-99,4,9,9
E12000003,Yorkshire and The Humber,E08000035,Leeds,E08000035,Leeds,E02002341,Alwoodley,-99,-99,-99,-99,-99,-99,-99,-99,-99,4,8,4,4,-99,-99,-99,-99,-99,-99,-99,3,-99,-99,-99,-99,-99,-99,-99,-99,4,-99,5,3,7,10,11,11
E12000003,Yorkshire and The Humber,E08000035,Leeds,E08000035,Leeds,E02002342,Cookridge & Holt Park,-99,-99,-99,-99,-99,-99,-99,-99,-99,3,-99,3,-99,4,-99,-99,-99,-99,-99,-99,-99,-99,-99,-99,-99,-99,-99,3,-99,-99,-99,-99,-99,3,5,7,7
E12000003,Yorkshire and The Humber,E08000035,Leeds,E08000035,Leeds,E02002343,Yeadon South,-99,-99,-99,-99,-99,-99,-99,-99,-99,-99,-99,-99,5,-99,-99,-99,-99,-99,-99,-99,-99,-99,-99,-99,-99,-99,-99,-99,5,-99,-99,7,3,5,9,8,8
E12000003,Yorkshire and The Humber,E08000035,Leeds,E08000035,Leeds,E02002344,Primley Park & Wigton Moor,-99,-99,-99,-99,-99,-99,-99,-99,-99,-99,3,-99,7,-99,3,-99,-99,-99,-99,-99,5,-99,-99,-99,-99,-99,-99,-99,3,4,3,6,3,13,12,14,14
E12000003,Yorkshire and The Humber,E08000035,Leeds,E08000035,Leeds,E02002345,Adel,-99,-99,-99,-99,-99,-99,-99,-99,-99,-99,-99,4,3,-99,-99,-99,-99,-99,-99,-99,-99,-99,-99,-99,-99,-99,-99,-99,-99,-99,-99,3,5,7,8,9,9
E12000003,Yorkshire and The Humber,E08000035,Leeds,E08000035,Leeds,E02002346,Tinshill,-99,-99,-99,-99,-99,-99,-99,-99,-99,-99,3,-99,3,3,-99,-99,-99,-99,-99,-99,-99,-99,-99,-99,-99,3,-99,-99,-99,-99,-99,3,-99,4,7,14,14
E12000003,Yorkshire and The Humber,E08000035,Leeds,E08000035,Leeds,E02002347,Moor Allerton,-99,-99,-99,-99,-99,-99,-99,-99,-99,-99,5,-99,6,3,5,4,-99,-99,-99,-99,-99,-99,-99,-99,-99,-99,-99,-99,-99,-99,-99,-99,-99,11,4,11,11
E12000003,Yorkshire and The Humber,E08000035,Leeds,E08000035,Leeds,E02002348,Lawnswood & Ireland Wood,-99,-99,-99,-99,-99,-99,-99,-99,-99,3,-99,6,-99,21,-99,12,4,-99,-99,-99,-99,-99,-99,-99,-99,-99,-99,-99,-99,-99,-99,-99,3,5,11,14,14
E12000003,Yorkshire and The Humber,E08000035,Leeds,E08000035,Leeds,E02002349,Roundhay Park & Slaid Hill,-99,-99,-99,-99,-99,-99,-99,-99,-99,4,-99,4,7,9,3,-99,-99,-99,-99,-99,-99,-99,-99,-99,-99,-99,-99,-99,3,-99,5,3,3,4,9,13,13
E12000003,Yorkshire and The Humber,E08000035,Leeds,E08000035,Leeds,E02002350,Horsforth West,-99,-99,-99,-99,-99,-99,-99,-99,-99,4,-99,3,-99,-99,-99,-99,-99,-99,-99,-99,-99,-99,-99,-99,-99,-99,-99,-99,-99,-99,-99,3,5,6,8,14,14
E12000003,Yorkshire and The Humber,E08000035,Leeds,E08000035,Leeds,E02002351,"Scarcroft, Shadwell & Scholes",-99,-99,-99,-99,-99,-99,-99,-99,-99,-99,-99,3,-99,-99,-99,-99,-99,-99,-99,-99,-99,-99,-99,-99,-99,-99,-99,-99,-99,4,3,-99,-99,7,10,10,10
E12000003,Yorkshire and The Humber,E08000035,Leeds,E08000035,Leeds,E02002352,Moortown,-99,-99,-99,-99,-99,-99,-99,-99,-99,6,4,-99,-99,5,26,3,-99,-99,-99,-99,-99,-99,-99,-99,-99,-99,-99,3,-99,-99,3,12,6,13,19,20,20
E12000003,Yorkshire and The Humber,E08000035,Leeds,E08000035,Leeds,E02002353,Roundhay West,-99,-99,-99,-99,-99,-99,-99,-99,3,-99,-99,5,3,-99,3,-99,-99,-99,-99,-99,-99,-99,-99,-99,-99,-99,-99,-99,-99,-99,4,3,8,5,6,18,18
E12000003,Yorkshire and The Humber,E08000035,Leeds,E08000035,Leeds,E02002354,Carr Manor,-99,-99,-99,-99,-99,-99,-99,-99,3,4,5,7,-99,9,3,4,-99,3,-99,-99,4,3,-99,-99,-99,-99,-99,-99,-99,3,11,7,13,10,6,14,14
E12000003,Yorkshire and The Humber,E08000035,Leeds,E08000035,Leeds,E02002356,Horsforth South & Rawdon,-99,-99,-99,-99,-99,-99,-99,-99,-99,-99,-99,3,3,3,-99,-99,3,-99,-99,-99,-99,-99,-99,-99,-99,-99,-99,-99,-99,-99,-99,7,8,8,9,10,10
E12000003,Yorkshire and The Humber,E08000035,Leeds,E08000035,Leeds,E02002357,Horsforth East,-99,-99,-99,-99,-99,-99,-99,-99,-99,-99,4,-99,3,-99,-99,-99,-99,-99,-99,-99,-99,-99,-99,-99,-99,-99,-99,-99,-99,-99,-99,-99,3,10,12,12,12
E12000003,Yorkshire and The Humber,E08000035,Leeds,E08000035,Leeds,E02002358,Whinmoor,-99,-99,-99,-99,-99,-99,-99,-99,-99,-99,4,8,4,4,-99,-99,-99,-99,-99,-99,-99,-99,-99,-99,-99,-99,-99,-99,-99,-99,7,9,6,5,15,22,22
E12000003,Yorkshire and The Humber,E08000035,Leeds,E08000035,Leeds,E02002359,"Aberford, Barwick & Thorner",-99,-99,-99,-99,-99,-99,-99,-99,-99,-99,-99,-99,-99,3,-99,-99,-99,-99,-99,-99,-99,-99,-99,3,-99,-99,-99,-99,-99,3,-99,5,4,3,8,16,16
E12000003,Yorkshire and The Humber,E08000035,Leeds,E08000035,Leeds,E02002360,Meanwood,-99,-99,-99,-99,-99,-99,-99,-99,-99,-99,4,-99,-99,-99,4,3,-99,-99,-99,-99,-99,-99,-99,-99,-99,-99,-99,-99,-99,-99,3,-99,4,13,8,13,13
E12000003,Yorkshire and The Humber,E08000035,Leeds,E08000035,Leeds,E02002361,Gledhow,-99,-99,-99,-99,-99,-99,-99,-99,-99,-99,-99,-99,3,4,-99,6,4,-99,-99,-99,-99,-99,-99,-99,-99,-99,3,-99,-99,6,3,-99,8,9,11,22,22
E12000003,Yorkshire and The Humber,E08000035,Leeds,E08000035,Leeds,E02002362,Hawksworth & West Park,-99,-99,-99,-99,-99,-99,-99,-99,-99,4,-99,3,6,4,-99,5,-99,-99,-99,4,3,-99,-99,-99,-99,-99,-99,-99,4,-99,-99,-99,5,10,5,10,10
E12000003,Yorkshire and The Humber,E08000035,Leeds,E08000035,Leeds,E02002363,Chapel Allerton North,-99,-99,-99,-99,-99,-99,-99,-99,-99,3,7,11,7,-99,-99,-99,-99,-99,-99,3,-99,-99,-99,-99,-99,-99,-99,-99,-99,-99,-99,-99,8,-99,7,15,15
E12000003,Yorkshire and The Humber,E08000035,Leeds,E08000035,Leeds,E02002364,Seacroft North & Monkswood,-99,-99,-99,-99,-99,-99,-99,-99,3,-99,10,9,6,12,7,7,3,-99,-99,-99,-99,-99,-99,-99,-99,-99,-99,-99,-99,-99,-99,3,5,6,3,7,7
E12000003,Yorkshire and The Humber,E08000035,Leeds,E08000035,Leeds,E02002366,Lady Wood & Oakwood,-99,-99,-99,-99,-99,-99,-99,-99,-99,-99,8,9,6,3,10,7,18,-99,-99,-99,19,5,-99,-99,5,-99,7,18,-99,9,3,12,10,10,18,37,37
E12000003,Yorkshire and The Humber,E08000035,Leeds,E08000035,Leeds,E02002367,Meanwood South & Sugarwell,-99,-99,-99,-99,-99,-99,-99,-99,-99,4,3,3,4,6,-99,-99,-99,-99,-99,-99,3,3,-99,-99,-99,-99,-99,-99,-99,-99,-99,6,-99,12,8,9,9
E12000003,Yorkshire and The Humber,E08000035,Leeds,E08000035,Leeds,E02002368,Calverley & Farsley North,-99,-99,-99,-99,-99,-99,-99,-99,-99,-99,-99,-99,-99,-99,3,-99,-99,4,-99,-99,-99,5,-99,-99,-99,-99,-99,3,-99,-99,-99,13,14,9,8,25,25
E12000003,Yorkshire and The Humber,E08000035,Leeds,E08000035,Leeds,E02002369,Hollin Park & Fearnville,-99,-99,-99,-99,-99,-99,-99,-99,-99,-99,-99,7,13,-99,-99,3,3,-99,-99,-99,3,-99,-99,-99,-99,-99,-99,-99,-99,-99,-99,4,4,5,11,17,17
E12000003,Yorkshire and The Humber,E08000035,Leeds,E08000035,Leeds,E02002370,Swarcliffe,-99,-99,-99,-99,-99,-99,-99,-99,-99,-99,-99,7,-99,6,4,3,-99,-99,-99,-99,-99,-99,-99,-99,-99,-99,-99,-99,-99,-99,-99,-99,-99,6,5,15,15
E12000003,Yorkshire and The Humber,E08000035,Leeds,E08000035,Leeds,E02002371,Chapel Allerton South & Chapeltown,-99,-99,-99,-99,-99,-99,-99,-99,3,3,4,6,11,5,3,-99,3,-99,-99,4,12,6,-99,-99,-99,-99,-99,4,4,-99,18,20,15,9,22,28,28
E12000003,Yorkshire and The Humber,E08000035,Leeds,E08000035,Leeds,E02002373,Headingley,-99,-99,-99,-99,-99,-99,-99,-99,-99,-99,5,6,-99,-99,8,3,-99,-99,-99,-99,-99,-99,-99,-99,-99,-99,-99,-99,5,4,-99,11,13,27,28,88,88
E12000003,Yorkshire and The Humber,E08000035,Leeds,E08000035,Leeds,E02002374,Kirkstall,-99,-99,-99,-99,-99,-99,-99,-99,-99,-99,-99,4,5,-99,-99,5,4,-99,-99,-99,-99,-99,-99,-99,-99,3,20,5,-99,-99,-99,-99,-99,6,15,20,20
E12000003,Yorkshire and The Humber,E08000035,Leeds,E08000035,Leeds,E02002375,Bramley Fall,-99,-99,-99,-99,-99,-99,-99,-99,-99,-99,-99,3,9,-99,-99,-99,4,-99,-99,-99,-99,-99,-99,-99,-99,-99,-99,-99,-99,-99,-99,10,7,4,7,18,18
E12000003,Yorkshire and The Humber,E08000035,Leeds,E08000035,Leeds,E02002376,Gipton North,-99,-99,-99,-99,-99,-99,-99,-99,-99,-99,8,6,9,16,6,8,6,-99,3,4,7,-99,-99,-99,-99,4,9,7,8,-99,7,8,16,13,8,29,29
E12000003,Yorkshire and The Humber,E08000035,Leeds,E08000035,Leeds,E02002377,Harehills North,-99,-99,-99,-99,-99,-99,-99,-99,-99,-99,-99,5,4,4,-99,3,-99,-99,5,3,7,4,3,8,5,-99,11,10,6,-99,6,7,15,18,20,19,19
E12000003,Yorkshire and The Humber,E08000035,Leeds,E08000035,Leeds,E02002379,Seacroft South,-99,-99,-99,-99,-99,-99,-99,-99,-99,-99,-99,5,-99,5,4,6,-99,-99,-99,-99,-99,-99,-99,-99,-99,-99,-99,-99,-99,-99,-99,-99,3,6,6,9,9
E12000003,Yorkshire and The Humber,E08000035,Leeds,E08000035,Leeds,E02002380,Bramley Park North,-99,-99,-99,-99,-99,-99,-99,-99,3,-99,-99,-99,-99,4,4,-99,-99,-99,-99,-99,-99,-99,-99,-99,-99,-99,-99,-99,-99,3,-99,14,10,3,-99,8,8
E12000003,Yorkshire and The Humber,E08000035,Leeds,E08000035,Leeds,E02002381,Rodley & Stanningley Park,-99,-99,-99,-99,-99,-99,-99,-99,-99,-99,-99,5,-99,-99,-99,-99,-99,-99,-99,-99,-99,-99,-99,-99,-99,-99,-99,-99,-99,-99,-99,24,5,5,4,12,12
E12000003,Yorkshire and The Humber,E08000035,Leeds,E08000035,Leeds,E02002382,Harehills South,-99,-99,-99,-99,-99,-99,-99,-99,3,-99,3,6,14,9,3,3,-99,-99,11,17,7,-99,-99,-99,-99,-99,3,6,-99,-99,-99,8,11,11,10,20,20
E12000003,Yorkshire and The Humber,E08000035,Leeds,E08000035,Leeds,E02002383,Hyde Park,-99,-99,-99,-99,-99,-99,-99,-99,-99,-99,3,3,-99,-99,-99,-99,-99,-99,-99,-99,-99,-99,-99,-99,-99,-99,-99,3,4,3,4,6,17,28,58,145,145
E12000003,Yorkshire and The Humber,E08000035,Leeds,E08000035,Leeds,E02002384,Woodhouse & Little London,-99,-99,-99,-99,-99,-99,-99,-99,-99,-99,4,8,4,-99,3,-99,4,-99,-99,-99,-99,-99,-99,-99,-99,4,-99,-99,-99,-99,5,16,22,36,96,165,165
E12000003,Yorkshire and The Humber,E08000035,Leeds,E08000035,Leeds,E02002385,Burley,-99,-99,-99,-99,-99,-99,-99,-99,-99,-99,-99,-99,-99,4,6,-99,-99,-99,-99,-99,-99,-99,-99,4,3,-99,-99,-99,5,-99,-99,4,6,12,20,53,53
E12000003,Yorkshire and The Humber,E08000035,Leeds,E08000035,Leeds,E02002386,Cross Gates East & Manston,-99,-99,-99,-99,-99,-99,-99,-99,-99,3,7,3,6,-99,3,-99,-99,-99,-99,-99,-99,4,-99,-99,-99,-99,-99,-99,-99,-99,-99,5,5,15,5,16,16
E12000003,Yorkshire and The Humber,E08000035,Leeds,E08000035,Leeds,E02002387,Bramley Park South,-99,-99,-99,-99,-99,-99,-99,-99,-99,-99,6,6,4,7,-99,3,-99,-99,-99,-99,-99,-99,-99,-99,-99,-99,-99,-99,-99,-99,-99,5,4,3,3,4,4
E12000003,Yorkshire and The Humber,E08000035,Leeds,E08000035,Leeds,E02002388,Bramley East,-99,-99,-99,-99,-99,-99,-99,-99,-99,3,3,9,5,3,-99,3,5,-99,-99,-99,-99,-99,-99,3,-99,-99,-99,-99,-99,-99,-99,-99,4,8,8,13,13
E12000003,Yorkshire and The Humber,E08000035,Leeds,E08000035,Leeds,E02002389,Gipton South & Killingbeck Park,-99,-99,-99,-99,-99,-99,-99,-99,-99,3,6,4,10,5,3,5,-99,-99,-99,-99,3,-99,-99,-99,-99,-99,-99,5,3,-99,-99,4,5,11,11,12,12
E12000003,Yorkshire and The Humber,E08000035,Leeds,E08000035,Leeds,E02002390,Cross Gates West & Killingbeck,-99,-99,-99,-99,-99,-99,-99,-99,-99,-99,3,4,5,4,-99,3,-99,-99,-99,-99,4,3,-99,-99,-99,-99,-99,-99,-99,-99,-99,-99,9,6,3,25,25
E12000003,Yorkshire and The Humber,E08000035,Leeds,E08000035,Leeds,E02002391,"Farsley South, Stanningley & Pudsey North West",-99,-99,-99,-99,-99,-99,-99,-99,-99,-99,3,-99,6,3,3,3,3,-99,-99,-99,-99,-99,-99,-99,-99,-99,-99,-99,-99,-99,3,10,11,22,14,25,25
E12000003,Yorkshire and The Humber,E08000035,Leeds,E08000035,Leeds,E02002392,University & Little Woodhouse,-99,-99,-99,-99,-99,-99,-99,-99,-99,-99,3,5,8,4,5,5,-99,-99,-99,-99,-99,4,-99,-99,-99,-99,7,4,-99,4,4,14,13,30,86,270,270
E12000003,Yorkshire and The Humber,E08000035,Leeds,E08000035,Leeds,E02002393,Lincoln Green & St James,-99,-99,-99,-99,-99,-99,-99,-99,-99,-99,3,5,13,7,5,16,5,-99,-99,7,-99,-99,-99,-99,-99,-99,5,3,5,4,14,27,16,18,17,24,24
E12000003,Yorkshire and The Humber,E08000035,Leeds,E08000035,Leeds,E02002394,Burmantofts,-99,-99,-99,-99,-99,-99,-99,-99,-99,-99,-99,4,4,5,3,5,-99,-99,-99,-99,-99,3,3,6,3,-99,4,-99,4,5,7,4,11,13,5,15,15
E12000003,Yorkshire and The Humber,E08000035,Leeds,E08000035,Leeds,E02002395,New Pudsey,-99,-99,-99,-99,-99,-99,-99,-99,-99,-99,6,-99,11,3,10,5,8,-99,4,9,8,-99,3,-99,5,3,4,3,5,6,10,13,13,8,13,34,34
E12000003,Yorkshire and The Humber,E08000035,Leeds,E08000035,Leeds,E02002396,Bramley South & Upper Armley,-99,-99,-99,-99,-99,-99,-99,-99,-99,4,-99,3,3,9,3,-99,-99,-99,3,-99,-99,4,-99,-99,-99,-99,-99,-99,-99,-99,-99,4,3,17,16,21,21
E12000003,Yorkshire and The Humber,E08000035,Leeds,E08000035,Leeds,E02002397,Pudsey North East,-99,-99,-99,-99,-99,-99,-99,-99,-99,-99,-99,5,5,4,-99,-99,3,-99,-99,-99,-99,-99,-99,-99,-99,-99,-99,-99,-99,-99,-99,7,6,7,13,18,18
E12000003,Yorkshire and The Humber,E08000035,Leeds,E08000035,Leeds,E02002398,Temple Newsam & Graveleythorpe,-99,-99,-99,-99,-99,-99,-99,-99,-99,-99,-99,-99,7,-99,4,3,-99,-99,-99,-99,-99,-99,-99,-99,-99,-99,-99,-99,-99,-99,7,6,-99,3,-99,14,14
E12000003,Yorkshire and The Humber,E08000035,Leeds,E08000035,Leeds,E02002399,Osmondthorpe & Neville Hill,-99,-99,-99,-99,-99,-99,-99,-99,-99,-99,5,5,5,5,4,4,3,-99,-99,-99,-99,-99,-99,-99,-99,-99,-99,-99,-99,-99,-99,-99,-99,12,16,16,16
E12000003,Yorkshire and The Humber,E08000035,Leeds,E08000035,Leeds,E02002400,Armley & New Wortley,-99,-99,-99,-99,-99,-99,-99,-99,-99,-99,5,-99,3,4,-99,6,-99,3,-99,-99,3,-99,5,-99,-99,-99,-99,-99,-99,-99,-99,7,8,12,9,13,13
E12000003,Yorkshire and The Humber,E08000035,Leeds,E08000035,Leeds,E02002401,Halton Moor,-99,-99,-99,-99,-99,-99,-99,-99,3,-99,3,6,6,7,-99,3,-99,-99,-99,-99,4,-99,-99,-99,-99,-99,-99,-99,-99,-99,-99,3,4,-99,7,7,7
E12000003,Yorkshire and The Humber,E08000035,Leeds,E08000035,Leeds,E02002402,"Colton, Austhorpe & Whitkirk",-99,-99,-99,-99,-99,-99,-99,-99,3,4,4,6,7,-99,6,5,-99,-99,6,-99,-99,-99,-99,-99,-99,-99,-99,-99,-99,-99,4,4,3,-99,5,12,12
E12000003,Yorkshire and The Humber,E08000035,Leeds,E08000035,Leeds,E02002403,Garforth West,-99,-99,-99,-99,-99,-99,-99,-99,-99,3,4,-99,-99,3,-99,3,3,-99,-99,-99,-99,-99,-99,-99,-99,-99,-99,-99,-99,-99,-99,-99,-99,9,36,43,43
E12000003,Yorkshire and The Humber,E08000035,Leeds,E08000035,Leeds,E02002404,East End Park & Richmond Hill,-99,-99,-99,-99,-99,-99,-99,-99,-99,5,3,5,5,10,8,-99,5,-99,3,-99,-99,-99,-99,-99,-99,-99,-99,-99,-99,8,12,10,11,9,13,37,37
E12000003,Yorkshire and The Humber,E08000035,Leeds,E08000035,Leeds,E02002405,Pudsey South West,-99,-99,-99,-99,-99,-99,-99,-99,3,-99,4,7,-99,4,4,4,3,6,3,-99,-99,-99,-99,-99,-99,-99,-99,-99,-99,-99,3,9,9,11,13,12,12
E12000003,Yorkshire and The Humber,E08000035,Leeds,E08000035,Leeds,E02002406,Garforth East,-99,-99,-99,-99,-99,-99,-99,-99,-99,-99,3,-99,3,4,-99,4,-99,-99,-99,-99,-99,-99,-99,-99,-99,-99,-99,-99,-99,-99,5,5,3,-99,8,14,14
E12000003,Yorkshire and The Humber,E08000035,Leeds,E08000035,Leeds,E02002407,Farnley East,-99,-99,-99,-99,-99,-99,-99,-99,-99,-99,4,5,5,4,-99,3,-99,-99,-99,-99,-99,-99,-99,-99,-99,-99,-99,-99,-99,-99,-99,-99,-99,3,6,8,8
E12000003,Yorkshire and The Humber,E08000035,Leeds,E08000035,Leeds,E02002408,Pudsey South East,-99,-99,-99,-99,-99,-99,-99,-99,-99,4,3,-99,3,-99,-99,3,-99,-99,-99,-99,7,-99,-99,-99,-99,-99,-99,-99,-99,-99,-99,-99,-99,4,5,10,10
E12000003,Yorkshire and The Humber,E08000035,Leeds,E08000035,Leeds,E02002409,Farnley West & Gamble Hill,-99,-99,-99,-99,-99,-99,-99,-99,-99,-99,-99,3,3,-99,4,3,-99,-99,-99,-99,-99,-99,-99,-99,-99,-99,-99,-99,-99,-99,-99,-99,3,5,4,7,7
E12000003,Yorkshire and The Humber,E08000035,Leeds,E08000035,Leeds,E02002410,Wortley,-99,-99,-99,-99,-99,-99,-99,-99,-99,-99,5,-99,8,5,8,-99,-99,-99,-99,-99,-99,-99,-99,-99,-99,-99,-99,-99,-99,4,-99,9,3,-99,10,19,19
E12000003,Yorkshire and The Humber,E08000035,Leeds,E08000035,Leeds,E02002411,Holbeck,-99,-99,-99,-99,-99,-99,-99,-99,-99,-99,5,8,9,16,-99,4,-99,-99,6,4,-99,-99,-99,-99,-99,-99,3,-99,-99,6,-99,3,13,12,9,26,26
E12000003,Yorkshire and The Humber,E08000035,Leeds,E08000035,Leeds,E02002412,New Farnley & Lower Wortley,-99,-99,-99,-99,-99,-99,-99,-99,-99,-99,5,6,-99,6,4,-99,-99,-99,-99,6,-99,-99,-99,-99,-99,-99,-99,3,4,-99,-99,8,12,7,8,23,23
E12000003,Yorkshire and The Humber,E08000035,Leeds,E08000035,Leeds,E02002414,Beeston Hill & Hunslet Moor,-99,-99,-99,-99,-99,-99,-99,-99,-99,-99,3,-99,6,6,11,5,19,3,-99,-99,-99,-99,-99,-99,-99,-99,-99,-99,-99,-99,-99,-99,5,9,15,4,4
E12000003,Yorkshire and The Humber,E08000035,Leeds,E08000035,Leeds,E02002415,Cross Flats Park & Garnets,-99,-99,-99,-99,-99,-99,-99,-99,-99,-99,-99,6,6,3,-99,5,3,-99,-99,-99,-99,4,-99,-99,6,-99,3,-99,-99,4,-99,-99,14,12,25,25,25
E12000003,Yorkshire and The Humber,E08000035,Leeds,E08000035,Leeds,E02002416,"Garforth South, Swillington & Little Preston",-99,-99,-99,-99,-99,-99,-99,-99,3,-99,-99,5,15,5,-99,-99,-99,-99,-99,-99,-99,-99,-99,-99,-99,-99,-99,-99,-99,-99,-99,-99,-99,-99,5,10,10
E12000003,Yorkshire and The Humber,E08000035,Leeds,E08000035,Leeds,E02002417,"Kippax East, Micklefield & Allerton Bywater",-99,-99,-99,-99,-99,-99,-99,-99,-99,-99,-99,5,15,-99,-99,-99,-99,-99,-99,-99,-99,-99,-99,-99,-99,-99,-99,-99,-99,-99,3,-99,-99,4,10,12,12
E12000003,Yorkshire and The Humber,E08000035,Leeds,E08000035,Leeds,E02002418,Kippax West,-99,-99,-99,-99,-99,-99,-99,-99,-99,-99,-99,-99,6,4,-99,-99,-99,-99,-99,-99,-99,-99,-99,-99,-99,-99,-99,-99,-99,-99,3,-99,3,3,7,19,19
E12000003,Yorkshire and The Humber,E08000035,Leeds,E08000035,Leeds,E02002419,Beeston West & Cottingley,-99,-99,-99,-99,-99,-99,-99,-99,-99,4,-99,5,5,4,-99,-99,5,-99,-99,-99,-99,-99,-99,-99,-99,-99,-99,-99,4,4,-99,10,3,5,12,16,16
E12000003,Yorkshire and The Humber,E08000035,Leeds,E08000035,Leeds,E02002420,Beeston East,-99,-99,-99,-99,-99,-99,-99,-99,-99,6,-99,4,6,7,-99,-99,-99,-99,-99,-99,-99,-99,-99,-99,-99,-99,-99,-99,-99,-99,-99,3,6,10,5,21,21
E12000003,Yorkshire and The Humber,E08000035,Leeds,E08000035,Leeds,E02002421,Belle Isle North,-99,-99,-99,-99,-99,-99,-99,-99,-99,-99,3,5,-99,8,4,-99,-99,-99,-99,-99,-99,-99,3,-99,-99,-99,-99,-99,-99,-99,-99,-99,-99,4,8,5,5
E12000003,Yorkshire and The Humber,E08000035,Leeds,E08000035,Leeds,E02002422,Churwell,-99,-99,-99,-99,-99,-99,-99,-99,-99,4,3,-99,13,5,-99,3,-99,-99,-99,-99,-99,-99,-99,-99,-99,-99,-99,-99,-99,-99,-99,-99,4,4,5,15,15
E12000003,Yorkshire and The Humber,E08000035,Leeds,E08000035,Leeds,E02002423,Belle Isle South,-99,-99,-99,-99,-99,-99,-99,-99,-99,4,4,8,5,-99,-99,-99,4,-99,-99,-99,-99,-99,-99,-99,-99,-99,-99,-99,-99,-99,-99,-99,-99,3,6,8,8
E12000003,Yorkshire and The Humber,E08000035,Leeds,E08000035,Leeds,E02002424,Morley North & Gildersome East,-99,-99,-99,-99,-99,-99,-99,-99,3,-99,-99,9,5,-99,-99,-99,-99,-99,-99,-99,-99,-99,-99,-99,-99,-99,-99,-99,-99,-99,-99,5,3,8,12,6,6
E12000003,Yorkshire and The Humber,E08000035,Leeds,E08000035,Leeds,E02002425,Drighlington & Gildersome West,-99,-99,-99,-99,-99,-99,-99,-99,4,8,7,3,7,3,-99,-99,-99,-99,-99,-99,3,-99,-99,-99,-99,-99,-99,-99,-99,-99,-99,3,-99,5,12,22,22
E12000003,Yorkshire and The Humber,E08000035,Leeds,E08000035,Leeds,E02002426,Woodlesford & Oulton,-99,-99,-99,-99,-99,-99,-99,-99,-99,-99,3,-99,3,-99,-99,4,-99,-99,-99,-99,-99,-99,-99,-99,-99,-99,-99,-99,-99,4,-99,-99,-99,3,-99,23,23
E12000003,Yorkshire and The Humber,E08000035,Leeds,E08000035,Leeds,E02002427,Rothwell Inner,-99,-99,-99,-99,-99,-99,-99,-99,-99,-99,-99,3,3,-99,4,-99,-99,-99,-99,-99,-99,-99,-99,-99,-99,-99,3,-99,-99,-99,-99,-99,3,4,6,12,12
E12000003,Yorkshire and The Humber,E08000035,Leeds,E08000035,Leeds,E02002428,Middleton Town Street,-99,-99,-99,-99,-99,-99,-99,-99,-99,3,6,-99,3,-99,3,-99,5,-99,-99,-99,-99,-99,-99,-99,-99,-99,-99,-99,-99,-99,-99,-99,6,-99,5,29,29
E12000003,Yorkshire and The Humber,E08000035,Leeds,E08000035,Leeds,E02002429,Rothwell Outer,-99,-99,-99,-99,-99,-99,-99,-99,-99,4,-99,-99,7,6,-99,-99,-99,-99,-99,-99,-99,-99,-99,-99,-99,-99,-99,-99,-99,-99,-99,-99,3,3,7,17,17
E12000003,Yorkshire and The Humber,E08000035,Leeds,E08000035,Leeds,E02002430,Middleton Park Avenue,-99,-99,-99,-99,-99,-99,-99,-99,3,-99,3,6,9,4,-99,4,-99,-99,-99,-99,-99,-99,-99,-99,-99,-99,-99,-99,-99,-99,-99,-99,4,3,6,9,9
E12000003,Yorkshire and The Humber,E08000035,Leeds,E08000035,Leeds,E02002431,Morley East,-99,-99,-99,-99,-99,-99,-99,-99,-99,-99,-99,10,10,3,4,4,-99,-99,-99,-99,-99,-99,-99,-99,-99,-99,-99,-99,-99,-99,-99,-99,5,5,5,13,13
E12000003,Yorkshire and The Humber,E08000035,Leeds,E08000035,Leeds,E02002432,Methley,-99,-99,-99,-99,-99,-99,-99,-99,-99,4,6,8,7,5,-99,-99,-99,-99,-99,-99,-99,-99,-99,-99,-99,-99,-99,-99,-99,-99,-99,3,4,-99,7,9,9
E12000003,Yorkshire and The Humber,E08000035,Leeds,E08000035,Leeds,E02002433,Morley Central,-99,-99,-99,-99,-99,-99,-99,-99,-99,-99,-99,5,7,-99,-99,-99,-99,-99,-99,-99,-99,-99,-99,-99,-99,-99,-99,-99,-99,-99,-99,4,-99,7,3,10,10
E12000003,Yorkshire and The Humber,E08000035,Leeds,E08000035,Leeds,E02002434,"Robin Hood, Lofthouse & Middleton Lane",-99,-99,-99,-99,-99,-99,-99,-99,-99,-99,5,12,9,6,4,3,-99,-99,-99,-99,-99,-99,-99,-99,-99,-99,7,-99,13,-99,-99,3,4,6,8,19,19
E12000003,Yorkshire and The Humber,E08000035,Leeds,E08000035,Leeds,E02002435,Morley Bruntcliffe & Woodkirk,-99,-99,-99,-99,-99,-99,-99,-99,-99,4,-99,5,-99,7,4,-99,-99,-99,-99,-99,-99,-99,-99,-99,-99,-99,-99,-99,-99,-99,3,6,-99,4,6,17,17
E12000003,Yorkshire and The Humber,E08000035,Leeds,E08000035,Leeds,E02002436,Tingley East & East Ardsley,-99,-99,-99,-99,-99,-99,-99,-99,-99,-99,-99,-99,-99,6,-99,4,3,-99,-99,-99,-99,-99,-99,-99,-99,-99,-99,-99,-99,-99,-99,-99,-99,4,4,3,3
E12000003,Yorkshire and The Humber,E08000035,Leeds,E08000035,Leeds,E02002437,Tingley West & West Ardsley,-99,-99,-99,-99,-99,-99,-99,-99,4,-99,-99,-99,4,3,4,-99,-99,-99,-99,-99,-99,-99,-99,-99,-99,-99,-99,-99,-99,-99,-99,-99,-99,-99,-99,16,16
E12000003,Yorkshire and The Humber,E08000036,Wakefield,E08000036,Wakefield,E02002438,Ferry Fryston,-99,-99,-99,-99,-99,-99,-99,-99,-99,-99,-99,-99,3,-99,-99,-99,3,3,-99,4,-99,3,-99,-99,-99,-99,-99,-99,-99,-99,-99,-99,6,3,3,9,9
E12000003,Yorkshire and The Humber,E08000036,Wakefield,E08000036,Wakefield,E02002439,Castleford Town,-99,-99,-99,-99,-99,-99,-99,-99,4,4,7,5,-99,8,-99,-99,-99,-99,-99,3,-99,-99,-99,3,-99,-99,-99,-99,-99,-99,-99,-99,5,3,4,12,12
E12000003,Yorkshire and The Humber,E08000036,Wakefield,E08000036,Wakefield,E02002440,Airedale,-99,-99,-99,-99,-99,-99,-99,-99,-99,-99,-99,-99,-99,6,5,-99,5,5,-99,-99,-99,-99,-99,-99,-99,-99,-99,-99,-99,-99,-99,-99,-99,-99,-99,18,18
E12000003,Yorkshire and The Humber,E08000036,Wakefield,E08000036,Wakefield,E02002441,Castleford West,-99,-99,-99,-99,-99,-99,-99,-99,3,-99,3,3,7,5,5,4,11,8,-99,-99,-99,-99,-99,-99,-99,-99,-99,-99,-99,-99,-99,-99,4,4,-99,8,8
E12000003,Yorkshire and The Humber,E08000036,Wakefield,E08000036,Wakefield,E02002442,Glasshoughton,-99,-99,-99,-99,-99,-99,-99,-99,-99,-99,3,4,4,4,8,8,4,8,3,-99,-99,-99,-99,-99,-99,-99,-99,-99,3,-99,-99,-99,-99,3,-99,8,8
E12000003,Yorkshire and The Humber,E08000036,Wakefield,E08000036,Wakefield,E02002443,Outwood East,-99,-99,-99,-99,-99,-99,-99,-99,-99,-99,-99,3,-99,4,-99,11,3,-99,3,-99,-99,-99,-99,-99,-99,-99,-99,-99,-99,-99,-99,-99,-99,5,10,6,6
E12000003,Yorkshire and The Humber,E08000036,Wakefield,E08000036,Wakefield,E02002444,"Stanley, Moorhouse & Bottomboat",-99,-99,-99,-99,-99,-99,-99,-99,-99,4,4,-99,3,-99,4,-99,5,-99,-99,-99,-99,-99,-99,-99,-99,-99,-99,5,-99,-99,-99,5,3,4,6,13,13
E12000003,Yorkshire and The Humber,E08000036,Wakefield,E08000036,Wakefield,E02002445,Outwood West,-99,-99,-99,-99,-99,-99,-99,-99,3,5,4,-99,11,13,8,5,-99,4,6,-99,-99,-99,-99,-99,-99,-99,-99,-99,-99,-99,-99,3,-99,-99,9,14,14
E12000003,Yorkshire and The Humber,E08000036,Wakefield,E08000036,Wakefield,E02002446,Altofts,-99,-99,-99,-99,-99,-99,-99,-99,-99,3,-99,4,-99,4,3,-99,-99,-99,-99,-99,-99,-99,-99,-99,-99,-99,-99,-99,-99,-99,-99,-99,-99,7,7,6,6
E12000003,Yorkshire and The Humber,E08000036,Wakefield,E08000036,Wakefield,E02002447,Knottingley,-99,-99,-99,-99,-99,-99,-99,-99,8,5,6,-99,4,4,4,-99,6,3,5,-99,-99,-99,-99,-99,-99,-99,-99,-99,-99,-99,-99,3,3,-99,-99,6,6
E12000003,Yorkshire and The Humber,E08000036,Wakefield,E08000036,Wakefield,E02002448,Ferrybridge & West Knottingley,-99,-99,-99,-99,-99,-99,-99,-99,-99,3,4,-99,4,3,-99,6,3,-99,-99,-99,4,-99,-99,-99,3,-99,-99,-99,-99,-99,3,-99,-99,-99,5,6,6
E12000003,Yorkshire and The Humber,E08000036,Wakefield,E08000036,Wakefield,E02002449,Pontefract North East,-99,-99,-99,-99,-99,-99,-99,-99,-99,-99,-99,7,9,11,15,9,7,8,-99,-99,-99,5,-99,-99,-99,-99,-99,3,-99,-99,-99,4,-99,3,-99,30,30
E12000003,Yorkshire and The Humber,E08000036,Wakefield,E08000036,Wakefield,E02002450,Normanton East,-99,-99,-99,-99,-99,-99,-99,-99,-99,-99,4,4,3,3,8,-99,-99,-99,-99,-99,-99,-99,-99,-99,3,-99,-99,-99,-99,-99,-99,4,3,3,11,12,12
E12000003,Yorkshire and The Humber,E08000036,Wakefield,E08000036,Wakefield,E02002451,Wrenthorpe & Kirkhamgate,-99,-99,-99,-99,-99,-99,-99,-99,-99,4,-99,5,7,3,-99,4,4,-99,-99,-99,4,-99,-99,-99,-99,-99,-99,-99,-99,3,-99,-99,4,4,7,18,18
E12000003,Yorkshire and The Humber,E08000036,Wakefield,E08000036,Wakefield,E02002452,Pontefract North West,-99,-99,-99,-99,-99,-99,-99,-99,-99,-99,-99,-99,5,6,5,5,4,9,-99,-99,-99,-99,-99,-99,-99,-99,-99,-99,-99,-99,-99,4,-99,5,6,16,16
E12000003,Yorkshire and The Humber,E08000036,Wakefield,E08000036,Wakefield,E02002453,Normanton West,-99,-99,-99,-99,-99,-99,-99,-99,3,4,5,10,-99,11,6,4,9,-99,-99,-99,-99,4,3,-99,-99,-99,-99,-99,8,5,-99,-99,-99,3,6,11,11
E12000003,Yorkshire and The Humber,E08000036,Wakefield,E08000036,Wakefield,E02002454,Wakefield Central,-99,-99,-99,-99,-99,-99,-99,-99,-99,-99,-99,5,-99,-99,10,4,6,-99,12,4,6,4,11,6,22,5,8,3,5,13,-99,5,7,3,5,12,12
E12000003,Yorkshire and The Humber,E08000036,Wakefield,E08000036,Wakefield,E02002455,Pontefract South East,-99,-99,-99,-99,-99,-99,-99,-99,3,-99,3,-99,-99,-99,3,6,-99,-99,-99,-99,-99,-99,-99,-99,-99,-99,-99,-99,-99,-99,-99,-99,-99,-99,-99,10,10
E12000003,Yorkshire and The Humber,E08000036,Wakefield,E08000036,Wakefield,E02002456,Wakefield St John's,-99,-99,-99,-99,-99,-99,-99,-99,-99,-99,-99,-99,8,6,-99,-99,-99,-99,-99,-99,-99,3,-99,17,8,-99,-99,5,3,3,-99,-99,-99,-99,-99,10,10
E12000003,Yorkshire and The Humber,E08000036,Wakefield,E08000036,Wakefield,E02002457,Eastmoor,-99,-99,-99,-99,-99,-99,-99,-99,3,5,5,9,-99,4,5,9,5,6,-99,-99,4,-99,8,5,11,8,7,5,4,-99,-99,4,6,3,10,12,12
E12000003,Yorkshire and The Humber,E08000036,Wakefield,E08000036,Wakefield,E02002458,Ossett North,-99,-99,-99,-99,-99,-99,-99,-99,-99,-99,-99,3,-99,6,3,-99,3,-99,-99,-99,-99,-99,-99,-99,-99,-99,-99,5,-99,-99,-99,-99,5,7,12,17,17
E12000003,Yorkshire and The Humber,E08000036,Wakefield,E08000036,Wakefield,E02002459,Alverthorpe & Flanshaw,-99,-99,-99,-99,-99,-99,-99,-99,-99,-99,-99,-99,9,8,6,-99,3,-99,-99,3,3,-99,-99,8,-99,4,3,-99,7,4,-99,-99,6,-99,8,10,10
E12000003,Yorkshire and The Humber,E08000036,Wakefield,E08000036,Wakefield,E02002460,Pontefract South West,-99,-99,-99,-99,-99,-99,-99,-99,-99,-99,-99,-99,5,-99,-99,3,-99,-99,-99,-99,-99,-99,-99,-99,-99,-99,-99,-99,-99,-99,-99,-99,-99,8,5,19,19
E12000003,Yorkshire and The Humber,E08000036,Wakefield,E08000036,Wakefield,E02002461,Streethouse & Sharlston Common,-99,-99,-99,-99,-99,-99,-99,-99,3,4,9,11,6,10,3,6,9,7,-99,3,3,-99,-99,-99,-99,-99,-99,-99,-99,-99,-99,3,3,6,11,25,25
E12000003,Yorkshire and The Humber,E08000036,Wakefield,E08000036,Wakefield,E02002462,Ossett West,-99,-99,-99,-99,-99,-99,-99,-99,-99,-99,-99,-99,-99,-99,-99,-99,-99,-99,-99,-99,-99,-99,-99,-99,-99,-99,-99,-99,-99,-99,-99,6,4,8,9,12,12
E12000003,Yorkshire and The Humber,E08000036,Wakefield,E08000036,Wakefield,E02002463,Lupset,-99,-99,-99,-99,-99,-99,-99,-99,-99,6,-99,5,4,4,9,3,3,-99,5,-99,-99,-99,-99,-99,-99,-99,-99,-99,-99,6,3,-99,3,5,10,17,17
E12000003,Yorkshire and The Humber,E08000036,Wakefield,E08000036,Wakefield,E02002464,Featherstone,-99,-99,-99,-99,-99,-99,-99,-99,-99,-99,-99,4,-99,6,4,-99,-99,-99,-99,-99,-99,-99,-99,-99,-99,-99,-99,-99,-99,3,-99,-99,-99,-99,15,16,16
E12000003,Yorkshire and The Humber,E08000036,Wakefield,E08000036,Wakefield,E02002465,Thornes,-99,-99,-99,-99,-99,-99,-99,-99,-99,3,4,3,-99,4,-99,-99,-99,-99,-99,-99,3,-99,-99,-99,-99,-99,-99,-99,-99,4,4,4,-99,3,8,9,9
E12000003,Yorkshire and The Humber,E08000036,Wakefield,E08000036,Wakefield,E02002466,Ossett South East & Horbury Bridge,-99,-99,-99,-99,-99,-99,-99,-99,-99,4,3,-99,7,7,3,-99,-99,4,-99,-99,-99,-99,-99,-99,-99,-99,-99,-99,9,-99,-99,4,11,7,16,12,12
E12000003,Yorkshire and The Humber,E08000036,Wakefield,E08000036,Wakefield,E02002467,Agbrigg & Belle Isle,-99,-99,-99,-99,-99,-99,-99,-99,-99,-99,3,-99,-99,4,5,-99,-99,-99,-99,3,6,-99,7,-99,-99,8,6,7,4,4,4,-99,4,5,10,14,14
E12000003,Yorkshire and The Humber,E08000036,Wakefield,E08000036,Wakefield,E02002468,Horbury,-99,-99,-99,-99,-99,-99,-99,-99,-99,-99,-99,5,-99,-99,3,-99,-99,-99,-99,-99,-99,-99,-99,-99,-99,-99,-99,-99,-99,3,-99,-99,5,3,5,8,8
E12000003,Yorkshire and The Humber,E08000036,Wakefield,E08000036,Wakefield,E02002469,Crofton,-99,-99,-99,-99,-99,-99,-99,-99,-99,4,3,-99,-99,4,-99,-99,-99,-99,-99,-99,-99,-99,-99,-99,-99,-99,3,-99,3,-99,-99,-99,-99,8,6,14,14
E12000003,Yorkshire and The Humber,E08000036,Wakefield,E08000036,Wakefield,E02002470,Sandal,-99,-99,-99,-99,-99,-99,-99,-99,-99,5,-99,4,3,-99,-99,-99,-99,-99,-99,-99,-99,-99,-99,-99,-99,-99,-99,-99,-99,-99,-99,-99,3,3,-99,15,15
E12000003,Yorkshire and The Humber,E08000036,Wakefield,E08000036,Wakefield,E02002471,Ackworth & Darrington,-99,-99,-99,-99,-99,-99,-99,-99,-99,6,-99,-99,4,5,-99,-99,-99,4,3,-99,3,-99,-99,-99,-99,-99,-99,-99,-99,-99,-99,-99,-99,-99,9,24,24
E12000003,Yorkshire and The Humber,E08000036,Wakefield,E08000036,Wakefield,E02002472,Netherton & Middlestown,-99,-99,-99,-99,-99,-99,-99,-99,-99,-99,3,5,-99,5,-99,3,-99,-99,3,-99,-99,-99,-99,-99,-99,-99,-99,-99,-99,-99,-99,-99,6,4,3,7,7
E12000003,Yorkshire and The Humber,E08000036,Wakefield,E08000036,Wakefield,E02002473,Durkar & Crigglestone,-99,-99,-99,-99,-99,-99,-99,-99,-99,4,-99,-99,-99,4,-99,3,-99,-99,-99,-99,-99,-99,-99,-99,-99,-99,-99,-99,-99,-99,-99,4,-99,3,3,7,7
E12000003,Yorkshire and The Humber,E08000036,Wakefield,E08000036,Wakefield,E02002474,Kettlethorpe & Chapelthorpe,-99,-99,-99,-99,-99,-99,-99,-99,-99,-99,6,-99,5,10,-99,-99,-99,-99,-99,-99,-99,-99,-99,-99,-99,-99,-99,-99,3,-99,-99,3,4,5,16,9,9
E12000003,Yorkshire and The Humber,E08000036,Wakefield,E08000036,Wakefield,E02002475,"Walton, Woolley & Bretton",-99,-99,-99,-99,-99,-99,-99,-99,-99,-99,6,3,-99,5,4,-99,-99,-99,-99,-99,-99,-99,-99,-99,-99,-99,-99,4,-99,-99,-99,3,-99,-99,7,12,12
E12000003,Yorkshire and The Humber,E08000036,Wakefield,E08000036,Wakefield,E02002476,Kinsley & Fitzwilliam,-99,-99,-99,-99,-99,-99,-99,-99,4,-99,-99,-99,-99,3,-99,-99,-99,-99,-99,3,-99,-99,-99,-99,-99,-99,-99,-99,-99,-99,-99,-99,-99,10,10,10,10
E12000003,Yorkshire and The Humber,E08000036,Wakefield,E08000036,Wakefield,E02002477,Ryhill & South Hiendley,-99,-99,-99,-99,-99,-99,-99,-99,-99,3,-99,3,-99,10,-99,-99,7,-99,3,-99,-99,-99,-99,-99,-99,-99,-99,3,-99,-99,-99,-99,6,3,6,4,4
E12000003,Yorkshire and The Humber,E08000036,Wakefield,E08000036,Wakefield,E02002478,Upton,-99,-99,-99,-99,-99,-99,-99,-99,-99,-99,-99,-99,-99,-99,-99,-99,-99,-99,-99,-99,-99,-99,-99,-99,-99,-99,-99,-99,-99,-99,-99,-99,-99,8,11,7,7
E12000003,Yorkshire and The Humber,E08000036,Wakefield,E08000036,Wakefield,E02002479,Hemsworth Town,-99,-99,-99,-99,-99,-99,-99,-99,-99,7,4,6,3,3,4,3,-99,-99,-99,-99,-99,-99,-99,-99,-99,-99,-99,-99,4,-99,-99,-99,-99,-99,10,15,15
E12000003,Yorkshire and The Humber,E08000036,Wakefield,E08000036,Wakefield,E02002480,Moorthorpe,-99,-99,-99,-99,-99,-99,-99,-99,5,3,7,4,-99,-99,3,-99,-99,-99,-99,-99,7,-99,-99,-99,-99,-99,-99,-99,-99,-99,-99,-99,-99,-99,3,5,5
E12000003,Yorkshire and The Humber,E08000036,Wakefield,E08000036,Wakefield,E02002481,South Elmsall,-99,-99,-99,-99,-99,-99,-99,-99,-99,3,3,4,7,3,-99,4,-99,-99,-99,3,-99,-99,-99,3,-99,-99,-99,-99,-99,-99,-99,-99,-99,-99,4,4,4
E12000003,Yorkshire and The Humber,E08000036,Wakefield,E08000036,Wakefield,E02002482,South Kirkby,-99,-99,-99,-99,-99,-99,-99,-99,-99,-99,3,-99,-99,3,-99,5,-99,-99,3,-99,-99,-99,-99,-99,-99,-99,-99,-99,-99,-99,-99,-99,-99,-99,-99,15,15
E12000001,North East,E06000001,Hartlepool,E06000001,Hartlepool,E02002483,Clavering,-99,-99,-99,-99,-99,-99,-99,-99,-99,-99,7,3,10,15,8,5,-99,-99,-99,-99,-99,-99,-99,-99,-99,-99,-99,-99,-99,-99,-99,4,13,7,27,25,25
E12000001,North East,E06000001,Hartlepool,E06000001,Hartlepool,E02002484,Headland & West View,-99,-99,-99,-99,-99,-99,-99,-99,-99,4,3,5,21,10,28,24,11,-99,-99,-99,-99,3,-99,-99,-99,-99,-99,-99,-99,-99,-99,4,9,7,14,25,25
E12000001,North East,E06000001,Hartlepool,E06000001,Hartlepool,E02002485,Jesmond,-99,-99,-99,-99,-99,-99,-99,-99,-99,-99,12,8,9,13,4,7,-99,4,4,-99,-99,-99,-99,-99,-99,-99,-99,-99,-99,-99,-99,3,-99,5,12,25,25
E12000001,North East,E06000001,Hartlepool,E06000001,Hartlepool,E02002487,Harbour & Victoria,-99,-99,-99,-99,-99,-99,-99,-99,-99,-99,-99,4,5,-99,3,4,-99,-99,-99,-99,-99,-99,-99,-99,-99,-99,-99,-99,-99,-99,-99,3,-99,4,8,3,3
E12000001,North East,E06000001,Hartlepool,E06000001,Hartlepool,E02002488,Wooler Road,-99,-99,-99,-99,-99,-99,-99,-99,-99,3,-99,8,6,6,4,4,-99,-99,-99,-99,-99,-99,-99,-99,-99,-99,-99,-99,-99,3,4,10,3,13,11,23,23
E12000001,North East,E06000001,Hartlepool,E06000001,Hartlepool,E02002489,Old Town & Grange,-99,-99,-99,-99,-99,-99,-99,-99,-99,3,-99,4,-99,-99,6,-99,-99,-99,-99,6,-99,-99,-99,-99,-99,-99,-99,-99,-99,-99,-99,5,6,5,8,13,13
E12000001,North East,E06000001,Hartlepool,E06000001,Hartlepool,E02002490,Foggy Furze,-99,-99,-99,-99,-99,-99,-99,-99,-99,-99,-99,-99,3,3,4,-99,5,6,4,-99,-99,-99,-99,-99,-99,-99,-99,-99,-99,-99,-99,3,3,3,4,12,12
E12000001,North East,E06000001,Hartlepool,E06000001,Hartlepool,E02002491,Rift House & Summerhill,-99,-99,-99,-99,-99,-99,-99,-99,-99,3,7,9,7,3,-99,3,3,-99,-99,-99,-99,-99,-99,-99,-99,3,-99,-99,-99,-99,-99,5,-99,-99,11,20,20
E12000001,North East,E06000001,Hartlepool,E06000001,Hartlepool,E02002492,Rossmere & Mill,-99,-99,-99,-99,-99,-99,-99,-99,-99,-99,-99,5,11,8,-99,5,-99,-99,-99,-99,-99,-99,-99,-99,-99,-99,-99,-99,-99,-99,-99,6,8,5,6,17,17
E12000001,North East,E06000001,Hartlepool,E06000001,Hartlepool,E02002493,Seaton Carew,-99,-99,-99,-99,-99,-99,-99,-99,-99,-99,-99,7,13,3,9,7,-99,3,-99,-99,-99,-99,-99,-99,-99,-99,-99,-99,-99,-99,3,3,-99,3,13,21,21
E12000001,North East,E06000001,Hartlepool,E06000001,Hartlepool,E02002494,Owton Manor,-99,-99,-99,-99,-99,-99,-99,-99,-99,-99,-99,7,6,12,5,5,5,-99,5,3,-99,-99,-99,-99,-99,-99,3,-99,-99,-99,-99,3,-99,6,10,14,14
E12000001,North East,E06000002,Middlesbrough,E06000002,Middlesbrough,E02002496,Middlesbrough Central,-99,-99,-99,-99,-99,-99,-99,-99,4,13,7,10,5,9,3,3,4,5,5,4,-99,-99,-99,-99,-99,-99,3,6,6,4,-99,4,-99,-99,12,14,14
E12000001,North East,E06000002,Middlesbrough,E06000002,Middlesbrough,E02002497,North Ormesby & Brambles,-99,-99,-99,-99,-99,-99,-99,-99,-99,4,4,6,3,4,-99,-99,-99,-99,-99,-99,-99,-99,-99,-99,-99,-99,-99,-99,3,-99,-99,-99,3,-99,5,10,10
E12000001,North East,E06000002,Middlesbrough,E06000002,Middlesbrough,E02002498,Ayresome,-99,-99,-99,-99,-99,-99,-99,-99,5,5,4,9,6,-99,3,4,4,-99,-99,-99,-99,-99,-99,-99,-99,-99,-99,-99,-99,-99,-99,6,-99,-99,6,12,12
E12000001,North East,E06000002,Middlesbrough,E06000002,Middlesbrough,E02002499,Berwick Hills,-99,-99,-99,-99,-99,-99,-99,-99,-99,11,11,18,5,11,-99,5,3,-99,-99,-99,-99,-99,-99,-99,-99,-99,-99,-99,-99,4,4,4,-99,-99,8,23,23
E12000001,North East,E06000002,Middlesbrough,E06000002,Middlesbrough,E02002500,Linthorpe East & Albert Park,-99,-99,-99,-99,-99,-99,-99,-99,3,3,-99,-99,-99,7,-99,-99,3,-99,-99,6,3,-99,-99,-99,-99,-99,-99,3,3,-99,-99,4,-99,-99,15,52,52
E12000001,North East,E06000002,Middlesbrough,E06000002,Middlesbrough,E02002501,Park Vale,-99,-99,-99,-99,-99,-99,-99,-99,-99,8,6,8,8,7,-99,-99,-99,-99,3,-99,-99,-99,-99,-99,-99,-99,-99,-99,4,-99,-99,-99,-99,4,11,12,12
E12000001,North East,E06000002,Middlesbrough,E06000002,Middlesbrough,E02002502,Thorntree,-99,-99,-99,-99,-99,-99,-99,-99,-99,7,9,6,8,6,7,5,4,-99,4,-99,-99,-99,-99,-99,-99,-99,-99,-99,-99,-99,-99,-99,-99,-99,14,14,14
E12000001,North East,E06000002,Middlesbrough,E06000002,Middlesbrough,E02002503,Newport & Maze Park,-99,-99,-99,-99,-99,-99,-99,-99,4,3,-99,-99,7,-99,-99,-99,-99,-99,-99,-99,-99,-99,-99,-99,-99,-99,-99,3,-99,-99,-99,-99,6,7,5,13,13
E12000001,North East,E06000002,Middlesbrough,E06000002,Middlesbrough,E02002504,Linthorpe West,-99,-99,-99,-99,-99,-99,-99,-99,3,7,4,-99,10,10,10,-99,-99,-99,3,-99,-99,-99,-99,-99,-99,-99,-99,11,-99,3,-99,-99,4,3,10,25,25
E12000001,North East,E06000002,Middlesbrough,E06000002,Middlesbrough,E02002505,Park End,-99,-99,-99,-99,-99,-99,-99,-99,-99,8,-99,5,4,7,9,-99,-99,-99,-99,-99,-99,-99,-99,-99,-99,-99,-99,-99,-99,-99,-99,8,-99,-99,8,15,15
E12000001,North East,E06000002,Middlesbrough,E06000002,Middlesbrough,E02002506,Beechwood & James Cook,-99,-99,-99,-99,-99,-99,-99,-99,5,6,14,8,9,23,7,-99,-99,3,11,-99,-99,-99,-99,-99,-99,-99,-99,-99,3,-99,-99,-99,-99,-99,10,7,7
E12000001,North East,E06000002,Middlesbrough,E06000002,Middlesbrough,E02002507,Acklam,-99,-99,-99,-99,-99,-99,-99,-99,-99,4,-99,3,-99,4,3,5,6,-99,-99,-99,-99,-99,-99,-99,-99,-99,-99,-99,-99,3,-99,7,5,6,11,11,11
E12000001,North East,E06000002,Middlesbrough,E06000002,Middlesbrough,E02002508,Kader,-99,-99,-99,-99,-99,-99,-99,-99,-99,6,-99,4,-99,-99,-99,-99,-99,-99,-99,-99,-99,-99,-99,-99,-99,-99,-99,11,-99,-99,-99,-99,4,9,7,15,15
E12000001,North East,E06000002,Middlesbrough,E06000002,Middlesbrough,E02002509,Easterside,-99,-99,-99,-99,-99,-99,-99,-99,-99,4,5,6,5,4,4,-99,3,-99,-99,-99,-99,-99,-99,-99,-99,-99,-99,-99,-99,-99,12,11,3,6,10,25,25
E12000001,North East,E06000002,Middlesbrough,E06000002,Middlesbrough,E02002510,Trimdon,-99,-99,-99,-99,-99,-99,-99,-99,-99,6,5,-99,6,-99,-99,-99,-99,-99,-99,-99,-99,-99,-99,-99,-99,-99,-99,-99,-99,-99,-99,3,-99,-99,16,16,16
E12000001,North East,E06000002,Middlesbrough,E06000002,Middlesbrough,E02002512,Marton West,-99,-99,-99,-99,-99,-99,-99,-99,5,5,4,3,4,4,-99,-99,-99,-99,-99,-99,-99,-99,-99,-99,-99,-99,-99,-99,-99,-99,-99,3,5,6,5,19,19
E12000001,North East,E06000002,Middlesbrough,E06000002,Middlesbrough,E02002513,Stainton & Hemlington,-99,-99,-99,-99,-99,-99,-99,-99,4,7,8,21,10,8,6,8,15,-99,4,6,-99,-99,-99,-99,3,-99,-99,-99,-99,-99,4,5,6,9,17,29,29
E12000001,North East,E06000002,Middlesbrough,E06000002,Middlesbrough,E02002514,Coulby Newham,-99,-99,-99,-99,-99,-99,-99,-99,-99,15,11,9,12,9,3,5,16,-99,-99,-99,-99,-99,-99,-99,-99,-99,-99,-99,-99,-99,-99,3,3,9,9,21,21
E12000001,North East,E06000003,Redcar and Cleveland,E06000003,Redcar and Cleveland,E02002515,Redcar Town & Coatham,-99,-99,-99,-99,-99,-99,-99,-99,-99,-99,3,3,13,12,5,3,5,-99,-99,-99,-99,-99,-99,-99,-99,-99,-99,-99,-99,-99,-99,-99,-99,5,-99,10,10
E12000001,North East,E06000003,Redcar and Cleveland,E06000003,Redcar and Cleveland,E02002516,Redcar Lakes North,-99,-99,-99,-99,-99,-99,-99,-99,-99,5,7,4,-99,4,-99,-99,-99,-99,-99,-99,-99,-99,-99,-99,-99,-99,-99,-99,-99,-99,-99,3,4,3,4,3,3
E12000001,North East,E06000003,Redcar and Cleveland,E06000003,Redcar and Cleveland,E02002517,Dormanstown,-99,-99,-99,-99,-99,-99,-99,-99,4,3,-99,3,7,-99,-99,-99,4,-99,-99,-99,-99,-99,-99,-99,-99,-99,-99,-99,-99,-99,8,-99,-99,-99,3,4,4
E12000001,North East,E06000003,Redcar and Cleveland,E06000003,Redcar and Cleveland,E02002518,Redcar East,-99,-99,-99,-99,-99,-99,-99,-99,-99,5,4,6,7,8,4,4,4,-99,-99,-99,-99,-99,-99,-99,-99,-99,-99,-99,-99,-99,8,4,-99,-99,7,16,16
E12000001,North East,E06000003,Redcar and Cleveland,E06000003,Redcar and Cleveland,E02002519,Redcar Lakes South,-99,-99,-99,-99,-99,-99,-99,-99,-99,4,3,5,5,5,3,3,-99,3,-99,-99,-99,-99,-99,-99,-99,-99,-99,-99,-99,-99,3,-99,-99,4,4,7,7
E12000001,North East,E06000003,Redcar and Cleveland,E06000003,Redcar and Cleveland,E02002520,Marske,-99,-99,-99,-99,-99,-99,-99,-99,4,10,4,8,10,13,4,5,9,5,-99,-99,-99,-99,-99,-99,-99,-99,-99,-99,-99,-99,-99,3,7,-99,10,8,8
E12000001,North East,E06000003,Redcar and Cleveland,E06000003,Redcar and Cleveland,E02002521,Saltburn,-99,-99,-99,-99,-99,-99,-99,-99,-99,4,3,4,3,10,13,-99,13,8,11,-99,-99,-99,-99,-99,-99,-99,4,-99,-99,-99,-99,-99,-99,-99,-99,13,13
E12000001,North East,E06000003,Redcar and Cleveland,E06000003,Redcar and Cleveland,E02002523,Grangetown,-99,-99,-99,-99,-99,-99,-99,-99,3,3,-99,3,3,5,-99,4,-99,-99,-99,-99,-99,-99,-99,-99,-99,-99,-99,-99,-99,-99,-99,-99,-99,-99,5,13,13
E12000001,North East,E06000003,Redcar and Cleveland,E06000003,Redcar and Cleveland,E02002524,Brotton,-99,-99,-99,-99,-99,-99,-99,-99,-99,-99,-99,-99,3,7,5,-99,3,-99,-99,-99,-99,-99,-99,-99,-99,-99,-99,-99,-99,-99,-99,-99,-99,3,-99,6,6
E12000001,North East,E06000003,Redcar and Cleveland,E06000003,Redcar and Cleveland,E02002525,Eston,-99,-99,-99,-99,-99,-99,-99,-99,3,9,5,4,4,5,-99,-99,-99,-99,-99,-99,-99,-99,-99,-99,-99,-99,-99,-99,-99,-99,-99,-99,-99,5,6,15,15
E12000001,North East,E06000003,Redcar and Cleveland,E06000003,Redcar and Cleveland,E02002526,Skelton,-99,-99,-99,-99,-99,-99,-99,-99,-99,4,6,3,3,8,5,-99,3,-99,-99,-99,-99,-99,-99,-99,-99,-99,-99,-99,-99,-99,-99,3,-99,-99,-99,11,11
E12000001,North East,E06000003,Redcar and Cleveland,E06000003,Redcar and Cleveland,E02002527,Loftus & Skinningrove,-99,-99,-99,-99,-99,-99,-99,-99,-99,-99,4,-99,-99,3,-99,4,4,-99,-99,-99,-99,-99,-99,-99,-99,-99,-99,-99,-99,-99,-99,-99,-99,-99,-99,3,3
E12000001,North East,E06000003,Redcar and Cleveland,E06000003,Redcar and Cleveland,E02002529,Bankfields,-99,-99,-99,-99,-99,-99,-99,-99,3,4,5,3,3,6,3,-99,-99,-99,-99,-99,-99,-99,-99,-99,-99,-99,-99,-99,-99,-99,-99,7,-99,6,10,17,17
E12000001,North East,E06000003,Redcar and Cleveland,E06000003,Redcar and Cleveland,E02002530,"Boosbeck, Lingdale & Easington",-99,-99,-99,-99,-99,-99,-99,-99,-99,4,-99,3,-99,-99,3,-99,-99,-99,-99,-99,-99,-99,-99,-99,-99,-99,-99,-99,-99,-99,-99,-99,-99,-99,3,10,10
E12000001,North East,E06000003,Redcar and Cleveland,E06000003,Redcar and Cleveland,E02002532,Guisborough North,-99,-99,-99,-99,-99,-99,-99,-99,-99,-99,-99,-99,3,3,9,-99,-99,-99,4,-99,-99,-99,-99,-99,-99,-99,-99,-99,-99,-99,-99,-99,-99,-99,6,24,24
E12000001,North East,E06000003,Redcar and Cleveland,E06000003,Redcar and Cleveland,E02002533,Guisborough West,-99,-99,-99,-99,-99,-99,-99,-99,4,3,-99,4,6,-99,21,5,-99,6,-99,-99,-99,-99,-99,-99,-99,-99,-99,-99,-99,-99,-99,-99,-99,5,10,14,14
E12000001,North East,E06000003,Redcar and Cleveland,E06000003,Redcar and Cleveland,E02002534,Guisborough Outer & Upleatham,-99,-99,-99,-99,-99,-99,-99,-99,-99,3,-99,-99,-99,-99,-99,-99,-99,-99,-99,-99,-99,-99,-99,-99,-99,-99,-99,-99,-99,-99,-99,-99,-99,-99,3,6,6
E12000001,North East,E06000004,Stockton-on-Tees,E06000004,Stockton-on-Tees,E02002535,Billingham North & Wolviston,-99,-99,-99,-99,-99,-99,-99,-99,-99,6,3,7,5,-99,-99,3,3,-99,3,-99,-99,-99,-99,-99,-99,-99,-99,-99,-99,-99,-99,6,-99,7,11,12,12
E12000001,North East,E06000004,Stockton-on-Tees,E06000004,Stockton-on-Tees,E02002536,Billingham Central,-99,-99,-99,-99,-99,-99,-99,-99,-99,-99,-99,3,7,4,-99,4,4,3,-99,-99,-99,3,-99,-99,-99,-99,-99,-99,-99,-99,-99,-99,-99,-99,8,32,32
E12000001,North East,E06000004,Stockton-on-Tees,E06000004,Stockton-on-Tees,E02002537,Billingham East & Haverton Hill,-99,-99,-99,-99,-99,-99,-99,-99,-99,3,6,5,4,6,-99,3,-99,-99,5,-99,-99,-99,-99,-99,-99,-99,-99,-99,-99,-99,4,3,4,-99,8,12,12
E12000001,North East,E06000004,Stockton-on-Tees,E06000004,Stockton-on-Tees,E02002538,Billingham South,-99,-99,-99,-99,-99,-99,-99,-99,-99,-99,-99,3,9,6,5,4,4,-99,-99,-99,-99,-99,-99,-99,-99,-99,-99,-99,-99,-99,-99,-99,-99,-99,6,30,30
E12000001,North East,E06000004,Stockton-on-Tees,E06000004,Stockton-on-Tees,E02002539,"Billingham West, Stillington & Longnewton",-99,-99,-99,-99,-99,-99,-99,-99,7,9,5,5,-99,-99,-99,4,6,-99,-99,-99,-99,-99,-99,-99,-99,-99,-99,-99,-99,-99,3,-99,4,7,9,27,27
E12000001,North East,E06000004,Stockton-on-Tees,E06000004,Stockton-on-Tees,E02002540,Norton North,-99,-99,-99,-99,-99,-99,-99,-99,-99,3,-99,-99,-99,5,3,4,-99,-99,4,-99,-99,-99,-99,-99,-99,-99,-99,-99,-99,-99,-99,-99,-99,-99,4,22,22
E12000001,North East,E06000004,Stockton-on-Tees,E06000004,Stockton-on-Tees,E02002541,Norton High Street,-99,-99,-99,-99,-99,-99,-99,-99,-99,3,-99,-99,3,-99,3,-99,-99,-99,-99,-99,-99,-99,-99,-99,-99,-99,-99,-99,-99,-99,-99,-99,5,3,10,11,11
E12000001,North East,E06000004,Stockton-on-Tees,E06000004,Stockton-on-Tees,E02002542,Roseworth,-99,-99,-99,-99,-99,-99,-99,-99,-99,4,3,4,6,8,12,7,11,3,3,-99,3,-99,-99,-99,-99,-99,-99,-99,-99,-99,-99,-99,-99,4,-99,14,14
E12000001,North East,E06000004,Stockton-on-Tees,E06000004,Stockton-on-Tees,E02002543,Hardwick & Salters Lane,-99,-99,-99,-99,-99,-99,-99,-99,5,5,9,6,15,43,11,5,10,5,-99,-99,-99,-99,-99,-99,-99,-99,-99,-99,-99,-99,-99,-99,-99,7,13,21,21
E12000001,North East,E06000004,Stockton-on-Tees,E06000004,Stockton-on-Tees,E02002544,Norton South,-99,-99,-99,-99,-99,-99,-99,-99,-99,-99,6,5,7,9,7,7,6,7,4,3,-99,-99,-99,-99,-99,-99,-99,-99,4,-99,-99,-99,3,5,5,19,19
E12000001,North East,E06000004,Stockton-on-Tees,E06000004,Stockton-on-Tees,E02002545,Rimswell & Bishopsgarth,-99,-99,-99,-99,-99,-99,-99,-99,-99,5,-99,-99,3,-99,5,-99,-99,-99,-99,-99,-99,-99,-99,-99,-99,-99,-99,-99,-99,-99,-99,-99,-99,5,5,11,11
E12000001,North East,E06000004,Stockton-on-Tees,E06000004,Stockton-on-Tees,E02002546,Eastbourne & Newham Grange,-99,-99,-99,-99,-99,-99,-99,-99,-99,-99,4,-99,3,13,8,3,5,3,-99,-99,8,-99,-99,-99,-99,-99,-99,-99,-99,-99,-99,-99,-99,-99,10,24,24
E12000001,North East,E06000004,Stockton-on-Tees,E06000004,Stockton-on-Tees,E02002547,Elm Tree & Grangefield,-99,-99,-99,-99,-99,-99,-99,-99,-99,4,-99,-99,-99,3,-99,-99,-99,3,-99,-99,-99,-99,-99,-99,-99,-99,-99,-99,-99,-99,-99,-99,-99,4,12,16,16
E12000001,North East,E06000004,Stockton-on-Tees,E06000004,Stockton-on-Tees,E02002548,"Central Stockton, Portrack & Low Hartburn",-99,-99,-99,-99,-99,-99,-99,-99,-99,7,-99,8,7,11,4,5,7,-99,5,19,-99,-99,-99,3,-99,-99,-99,-99,-99,-99,5,3,7,7,17,40,40
E12000001,North East,E06000004,Stockton-on-Tees,E06000004,Stockton-on-Tees,E02002549,Fairfield,-99,-99,-99,-99,-99,-99,-99,-99,-99,3,-99,-99,5,-99,5,-99,-99,-99,-99,-99,-99,-99,-99,-99,-99,-99,-99,-99,-99,-99,-99,-99,-99,6,10,20,20
E12000001,North East,E06000004,Stockton-on-Tees,E06000004,Stockton-on-Tees,E02002550,Hartburn,-99,-99,-99,-99,-99,-99,-99,-99,-99,3,5,-99,-99,-99,-99,-99,3,-99,-99,-99,-99,-99,-99,-99,-99,-99,-99,-99,-99,-99,-99,-99,-99,5,6,13,13
E12000001,North East,E06000004,Stockton-on-Tees,E06000004,Stockton-on-Tees,E02002551,Thornaby North,-99,-99,-99,-99,-99,-99,-99,-99,4,3,4,-99,5,-99,-99,-99,-99,-99,-99,-99,-99,-99,-99,-99,-99,-99,3,-99,-99,-99,-99,-99,-99,-99,5,5,5
E12000001,North East,E06000004,Stockton-on-Tees,E06000004,Stockton-on-Tees,E02002552,Thornaby Mandale,-99,-99,-99,-99,-99,-99,-99,-99,-99,3,3,3,-99,-99,5,-99,-99,-99,-99,-99,-99,-99,-99,-99,-99,-99,-99,-99,-99,-99,-99,3,-99,4,13,17,17
E12000001,North East,E06000004,Stockton-on-Tees,E06000004,Stockton-on-Tees,E02002553,Thornaby Village,-99,-99,-99,-99,-99,-99,-99,-99,-99,4,-99,-99,-99,-99,-99,-99,3,-99,-99,-99,-99,-99,-99,-99,-99,-99,-99,-99,-99,-99,-99,-99,-99,3,-99,6,6
E12000001,North East,E06000004,Stockton-on-Tees,E06000004,Stockton-on-Tees,E02002554,Thornaby South,-99,-99,-99,-99,-99,-99,-99,-99,-99,3,-99,5,-99,3,-99,-99,-99,3,-99,-99,-99,-99,-99,-99,-99,-99,-99,-99,-99,-99,-99,-99,-99,3,5,8,8
E12000001,North East,E06000004,Stockton-on-Tees,E06000004,Stockton-on-Tees,E02002555,Eaglescliffe,-99,-99,-99,-99,-99,-99,-99,-99,-99,3,5,-99,-99,3,3,9,-99,-99,-99,4,3,-99,-99,-99,-99,-99,-99,-99,-99,-99,-99,3,6,4,8,18,18
E12000001,North East,E06000004,Stockton-on-Tees,E06000004,Stockton-on-Tees,E02002556,Ingleby Barwick East & Hilton,-99,-99,-99,-99,-99,-99,-99,-99,-99,3,-99,-99,-99,3,-99,5,-99,-99,-99,-99,-99,-99,-99,-99,-99,-99,-99,-99,-99,-99,-99,4,-99,6,3,16,16
E12000001,North East,E06000004,Stockton-on-Tees,E06000004,Stockton-on-Tees,E02002557,Ingleby Barwick West,-99,-99,-99,-99,-99,-99,-99,-99,-99,4,12,9,6,-99,8,4,6,-99,-99,-99,-99,-99,-99,-99,-99,-99,-99,-99,-99,-99,-99,5,12,7,18,46,46
E12000001,North East,E06000004,Stockton-on-Tees,E06000004,Stockton-on-Tees,E02002558,Yarm,-99,-99,-99,-99,-99,-99,-99,-99,-99,5,3,4,5,3,-99,-99,-99,-99,-99,-99,-99,-99,-99,-99,-99,-99,-99,-99,-99,-99,-99,-99,-99,10,11,11,11
E12000001,North East,E06000005,Darlington,E06000005,Darlington,E02002559,"Faverdale, Heighington & Sadberge",-99,-99,-99,-99,-99,-99,-99,-99,-99,4,14,4,6,7,-99,3,3,-99,-99,-99,-99,-99,-99,-99,-99,-99,-99,-99,-99,-99,4,-99,-99,8,12,14,14
E12000001,North East,E06000005,Darlington,E06000005,Darlington,E02002560,Harrowgate Hill,-99,-99,-99,-99,-99,-99,-99,-99,-99,-99,-99,-99,4,7,4,4,-99,-99,-99,-99,-99,-99,-99,-99,-99,-99,-99,-99,-99,-99,-99,-99,-99,-99,5,5,5
E12000001,North East,E06000005,Darlington,E06000005,Darlington,E02002561,Whinfield,-99,-99,-99,-99,-99,-99,-99,-99,-99,-99,6,4,7,4,5,-99,-99,-99,3,-99,-99,-99,-99,-99,-99,-99,-99,-99,-99,-99,-99,-99,-99,-99,3,8,8
E12000001,North East,E06000005,Darlington,E06000005,Darlington,E02002562,Rise Carr,-99,-99,-99,-99,-99,-99,-99,-99,-99,-99,3,-99,10,30,-99,12,4,-99,-99,-99,-99,-99,-99,-99,-99,-99,-99,-99,-99,-99,-99,-99,-99,-99,3,4,4
E12000001,North East,E06000005,Darlington,E06000005,Darlington,E02002563,Haughton Le Skerne,-99,-99,-99,-99,-99,-99,-99,-99,-99,-99,10,3,7,8,3,-99,3,-99,-99,3,-99,-99,-99,-99,-99,-99,-99,-99,-99,-99,-99,-99,3,4,5,11,11
E12000001,North East,E06000005,Darlington,E06000005,Darlington,E02002564,Cockerton & Hopetown,-99,-99,-99,-99,-99,-99,-99,-99,-99,-99,9,3,-99,7,5,4,-99,4,4,-99,-99,-99,-99,-99,-99,-99,4,-99,-99,-99,-99,-99,-99,-99,6,16,16
E12000001,North East,E06000005,Darlington,E06000005,Darlington,E02002565,Pierremont,-99,-99,-99,-99,-99,-99,-99,-99,-99,-99,13,-99,3,7,-99,-99,-99,-99,-99,-99,-99,-99,-99,-99,-99,-99,-99,-99,-99,-99,-99,-99,-99,3,5,12,12
E12000001,North East,E06000005,Darlington,E06000005,Darlington,E02002566,Central Darlington,-99,-99,-99,-99,-99,-99,-99,-99,3,5,9,-99,3,4,-99,-99,-99,-99,-99,-99,-99,-99,-99,-99,-99,-99,-99,-99,-99,-99,-99,-99,-99,3,10,18,18
E12000001,North East,E06000005,Darlington,E06000005,Darlington,E02002567,Albert Hill & Red Hall,-99,-99,-99,-99,-99,-99,-99,-99,-99,5,9,5,-99,5,6,-99,-99,-99,-99,-99,-99,-99,-99,-99,-99,-99,-99,-99,-99,-99,-99,-99,-99,-99,10,16,16
E12000001,North East,E06000005,Darlington,E06000005,Darlington,E02002568,College & Park West,-99,-99,-99,-99,-99,-99,-99,-99,-99,3,7,7,7,5,9,3,5,3,-99,3,-99,-99,-99,-99,-99,-99,-99,-99,-99,-99,-99,-99,-99,3,6,15,15
E12000001,North East,E06000005,Darlington,E06000005,Darlington,E02002569,Hummersknott,-99,-99,-99,-99,-99,-99,-99,-99,-99,5,-99,8,3,6,5,4,-99,-99,-99,-99,-99,-99,-99,-99,-99,-99,-99,-99,-99,-99,4,-99,5,-99,9,13,13
E12000001,North East,E06000005,Darlington,E06000005,Darlington,E02002570,Bank Top,-99,-99,-99,-99,-99,-99,-99,-99,-99,5,-99,6,13,7,5,4,-99,4,-99,-99,-99,-99,-99,-99,-99,-99,-99,-99,-99,-99,-99,-99,3,3,24,18,18
E12000001,North East,E06000005,Darlington,E06000005,Darlington,E02002571,Firthmoor,-99,-99,-99,-99,-99,-99,-99,-99,-99,-99,-99,9,6,11,-99,-99,6,-99,-99,-99,-99,-99,-99,-99,-99,-99,-99,-99,-99,-99,-99,-99,-99,-99,4,7,7
E12000001,North East,E06000005,Darlington,E06000005,Darlington,E02002572,Park East,-99,-99,-99,-99,-99,-99,-99,-99,-99,-99,3,4,6,-99,-99,4,6,-99,-99,-99,-99,-99,-99,-99,-99,-99,-99,-99,-99,-99,-99,-99,-99,-99,4,9,9
E12000001,North East,E06000005,Darlington,E06000005,Darlington,E02002573,Middleton & Hurworth,-99,-99,-99,-99,-99,-99,-99,-99,-99,3,4,-99,4,3,-99,-99,4,-99,-99,-99,-99,-99,-99,-99,-99,-99,-99,-99,-99,-99,-99,-99,5,5,5,17,17
E12000002,North West,E06000006,Halton,E06000006,Halton,E02002574,Farnworth,-99,-99,-99,-99,-99,-99,-99,-99,-99,5,3,5,3,-99,-99,-99,5,5,-99,-99,-99,-99,-99,-99,-99,-99,-99,-99,-99,-99,-99,-99,16,19,17,29,29
E12000002,North West,E06000006,Halton,E06000006,Halton,E02002575,Upton Rocks,-99,-99,-99,-99,-99,-99,-99,-99,-99,9,6,-99,-99,-99,-99,4,4,-99,-99,-99,-99,-99,-99,-99,-99,-99,-99,-99,-99,-99,-99,5,16,21,32,37,37
E12000002,North West,E06000006,Halton,E06000006,Halton,E02002576,Halton View,-99,-99,-99,-99,-99,-99,-99,-99,-99,5,7,-99,4,5,-99,6,6,9,-99,-99,-99,-99,-99,-99,-99,-99,-99,-99,-99,-99,-99,4,9,32,26,37,37
E12000002,North West,E06000006,Halton,E06000006,Halton,E02002577,Hough Green,-99,-99,-99,-99,-99,-99,-99,-99,3,3,7,3,4,4,3,3,-99,-99,-99,-99,-99,-99,-99,-99,-99,-99,-99,-99,-99,-99,-99,-99,-99,20,23,32,32
E12000002,North West,E06000006,Halton,E06000006,Halton,E02002578,Victoria Park,-99,-99,-99,-99,-99,-99,-99,-99,-99,4,5,11,5,4,5,7,3,3,-99,-99,-99,-99,-99,-99,-99,-99,-99,-99,-99,-99,-99,5,8,21,27,34,34
E12000002,North West,E06000006,Halton,E06000006,Halton,E02002579,Ditton,-99,-99,-99,-99,-99,-99,-99,-99,4,12,6,5,6,15,-99,6,4,-99,-99,-99,-99,-99,-99,-99,-99,-99,-99,-99,3,-99,-99,-99,-99,15,20,32,32
E12000002,North West,E06000006,Halton,E06000006,Halton,E02002580,Widnes Riverside,-99,-99,-99,-99,-99,-99,-99,-99,-99,4,5,8,5,9,4,7,-99,-99,-99,-99,-99,-99,-99,-99,-99,-99,-99,-99,-99,-99,-99,3,7,8,23,26,26
E12000002,North West,E06000006,Halton,E06000006,Halton,E02002581,Hale Bank,-99,-99,-99,-99,-99,-99,-99,-99,-99,3,11,5,5,9,-99,4,4,-99,-99,-99,-99,-99,-99,-99,-99,-99,5,4,-99,-99,-99,-99,14,15,18,23,23
E12000002,North West,E06000006,Halton,E06000006,Halton,E02002582,"Sandymoor, Daresbury & Preston Brook",-99,-99,-99,-99,-99,-99,-99,-99,-99,3,3,4,4,3,-99,6,-99,-99,-99,-99,-99,-99,5,-99,-99,-99,-99,-99,-99,-99,-99,-99,10,5,11,22,22
E12000002,North West,E06000006,Halton,E06000006,Halton,E02002583,Halton Castlefield,-99,-99,-99,-99,-99,-99,-99,-99,-99,-99,3,-99,3,-99,-99,4,-99,-99,-99,-99,-99,-99,-99,-99,-99,-99,-99,-99,-99,-99,-99,-99,9,18,13,12,12
E12000002,North West,E06000006,Halton,E06000006,Halton,E02002584,Runcorn Halton Road,-99,-99,-99,-99,-99,-99,-99,-99,-99,5,4,7,5,3,-99,-99,-99,-99,-99,-99,-99,-99,-99,-99,-99,-99,-99,-99,-99,-99,-99,4,-99,7,22,24,24
E12000002,North West,E06000006,Halton,E06000006,Halton,E02002585,Runcorn Town & Westfield,-99,-99,-99,-99,-99,-99,-99,-99,-99,8,12,4,4,4,-99,9,6,-99,-99,-99,3,-99,-99,-99,-99,-99,-99,-99,-99,-99,-99,-99,-99,13,15,26,26
E12000002,North West,E06000006,Halton,E06000006,Halton,E02002586,"Grange, Halton Brook & Hallwood Park",-99,-99,-99,-99,-99,-99,-99,-99,-99,8,-99,4,-99,-99,3,3,3,-99,-99,-99,-99,-99,-99,-99,-99,-99,-99,-99,4,-99,-99,7,6,20,29,31,31
E12000002,North West,E06000006,Halton,E06000006,Halton,E02002587,Norton,-99,-99,-99,-99,-99,-99,-99,-99,-99,-99,10,6,6,4,-99,3,-99,-99,-99,-99,-99,-99,-99,-99,-99,-99,-99,-99,-99,-99,3,-99,3,9,10,15,15
E12000002,North West,E06000006,Halton,E06000006,Halton,E02002588,Halton Lea & Brookvale,-99,-99,-99,-99,-99,-99,-99,-99,4,9,5,9,12,11,9,5,11,8,-99,-99,-99,-99,-99,-99,-99,-99,-99,-99,-99,-99,-99,-99,-99,13,24,18,18
E12000002,North West,E06000006,Halton,E06000006,Halton,E02002589,Beechwood & Heath,-99,-99,-99,-99,-99,-99,-99,-99,-99,5,-99,5,-99,4,-99,-99,-99,-99,-99,-99,-99,-99,-99,-99,-99,-99,-99,-99,-99,-99,-99,-99,-99,10,34,26,26
E12000002,North West,E06000007,Warrington,E06000007,Warrington,E02002590,Culcheth West & Croft,-99,-99,-99,-99,-99,-99,-99,-99,3,3,6,12,6,5,-99,4,3,6,-99,-99,-99,-99,-99,-99,-99,-99,-99,-99,-99,-99,-99,8,7,8,16,27,27
E12000002,North West,E06000007,Warrington,E06000007,Warrington,E02002591,Culcheth East & Hollins Green,-99,-99,-99,-99,-99,-99,-99,-99,-99,3,4,3,5,3,-99,-99,-99,-99,-99,-99,-99,-99,-99,-99,-99,-99,-99,-99,-99,-99,-99,-99,9,5,18,6,6
E12000002,North West,E06000007,Warrington,E06000007,Warrington,E02002592,Winwick & Burtonwood,-99,-99,-99,-99,-99,-99,-99,-99,4,3,13,11,6,10,3,5,-99,-99,-99,-99,-99,-99,-99,-99,-99,-99,-99,4,-99,-99,-99,-99,8,4,11,13,13
E12000002,North West,E06000007,Warrington,E06000007,Warrington,E02002593,Locking Stumps,-99,-99,-99,-99,-99,-99,-99,-99,-99,3,4,-99,-99,3,6,-99,-99,-99,-99,-99,-99,-99,-99,-99,-99,-99,-99,-99,-99,-99,-99,-99,-99,8,9,4,4
E12000002,North West,E06000007,Warrington,E06000007,Warrington,E02002594,Oakwood & Gorse Covert,-99,-99,-99,-99,-99,-99,-99,-99,-99,-99,3,-99,-99,-99,-99,-99,-99,-99,-99,-99,-99,-99,-99,-99,-99,-99,-99,-99,-99,-99,-99,-99,7,4,6,9,9
E12000002,North West,E06000007,Warrington,E06000007,Warrington,E02002595,Hulme,-99,-99,-99,-99,-99,-99,-99,-99,-99,-99,5,9,4,9,4,5,-99,-99,4,-99,-99,-99,-99,-99,-99,-99,-99,-99,-99,-99,-99,4,8,15,15,24,24
E12000002,North West,E06000007,Warrington,E06000007,Warrington,E02002596,Houghton Green & Fearnhead,-99,-99,-99,-99,-99,-99,-99,-99,-99,6,-99,6,6,-99,-99,-99,-99,-99,-99,-99,-99,-99,-99,-99,-99,-99,-99,-99,-99,-99,4,6,7,11,14,15,15
E12000002,North West,E06000007,Warrington,E06000007,Warrington,E02002597,Blackbrook,-99,-99,-99,-99,-99,-99,-99,-99,-99,4,3,13,8,8,4,3,-99,-99,-99,-99,-99,-99,-99,-99,-99,-99,-99,-99,-99,-99,-99,12,20,17,21,26,26
E12000002,North West,E06000007,Warrington,E06000007,Warrington,E02002598,Kingswood & Whittle Hall,-99,-99,-99,-99,-99,-99,-99,-99,-99,10,10,15,13,5,4,8,-99,4,5,7,5,3,-99,-99,-99,-99,-99,-99,-99,-99,-99,4,16,18,18,25,25
E12000002,North West,E06000007,Warrington,E06000007,Warrington,E02002599,Callands & Old Hall,-99,-99,-99,-99,-99,-99,-99,-99,5,12,18,6,5,20,7,8,-99,-99,-99,-99,-99,-99,-99,-99,-99,-99,-99,-99,3,-99,-99,5,7,8,13,36,36
E12000002,North West,E06000007,Warrington,E06000007,Warrington,E02002600,Orford,-99,-99,-99,-99,-99,-99,-99,-99,-99,5,5,9,12,9,7,3,6,-99,-99,-99,-99,-99,-99,-99,-99,-99,-99,-99,-99,-99,3,5,11,18,14,30,30
E12000002,North West,E06000007,Warrington,E06000007,Warrington,E02002601,Padgate & Paddington,-99,-99,-99,-99,-99,-99,-99,-99,-99,-99,4,6,6,4,-99,-99,-99,-99,-99,-99,-99,-99,-99,-99,-99,-99,-99,-99,-99,-99,-99,-99,12,16,15,21,21
E12000002,North West,E06000007,Warrington,E06000007,Warrington,E02002602,Bewsey & Dallam,-99,-99,-99,-99,-99,-99,-99,-99,3,6,11,7,7,7,6,10,-99,-99,-99,-99,-99,-99,-99,-99,-99,-99,-99,-99,-99,-99,-99,-99,8,7,24,19,19
E12000002,North West,E06000007,Warrington,E06000007,Warrington,E02002603,Woolston,-99,-99,-99,-99,-99,-99,-99,-99,-99,-99,5,10,4,3,4,-99,-99,3,5,-99,-99,-99,-99,-99,-99,-99,-99,-99,-99,-99,-99,-99,10,9,9,15,15
E12000002,North West,E06000007,Warrington,E06000007,Warrington,E02002604,Great Sankey,-99,-99,-99,-99,-99,-99,-99,-99,-99,8,4,8,7,4,-99,5,-99,5,6,-99,-99,-99,-99,-99,-99,-99,-99,-99,-99,-99,-99,5,-99,3,24,38,38
E12000002,North West,E06000007,Warrington,E06000007,Warrington,E02002605,Hood Manor & Sankey Bridges,-99,-99,-99,-99,-99,-99,-99,-99,-99,6,6,13,8,5,4,3,-99,4,7,5,-99,-99,-99,-99,-99,-99,-99,-99,-99,-99,-99,13,14,16,30,23,23
E12000002,North West,E06000007,Warrington,E06000007,Warrington,E02002606,Fairfield & Howley,-99,-99,-99,-99,-99,-99,-99,-99,4,8,23,12,12,12,17,11,12,4,-99,5,-99,-99,-99,-99,-99,-99,-99,-99,-99,-99,-99,8,17,11,21,20,20
E12000002,North West,E06000007,Warrington,E06000007,Warrington,E02002607,Central Warrington,-99,-99,-99,-99,-99,-99,-99,-99,-99,6,7,6,25,12,4,4,11,3,-99,-99,-99,-99,-99,-99,-99,-99,-99,5,-99,-99,-99,12,17,12,17,30,30
E12000002,North West,E06000007,Warrington,E06000007,Warrington,E02002608,Penketh & Cuerdley,-99,-99,-99,-99,-99,-99,-99,-99,5,17,8,10,14,3,3,-99,-99,-99,-99,-99,-99,-99,-99,-99,-99,-99,-99,-99,-99,-99,-99,6,8,26,11,16,16
E12000002,North West,E06000007,Warrington,E06000007,Warrington,E02002609,Latchford,-99,-99,-99,-99,-99,-99,-99,-99,-99,8,4,4,14,7,7,8,-99,3,4,-99,-99,-99,-99,-99,-99,-99,-99,-99,-99,-99,-99,9,7,10,15,16,16
E12000002,North West,E06000007,Warrington,E06000007,Warrington,E02002610,Lymm,-99,-99,-99,-99,-99,-99,-99,-99,3,7,9,5,10,17,4,3,-99,4,-99,-99,-99,-99,-99,-99,-99,-99,-99,8,-99,-99,-99,-99,10,25,28,28,28
E12000002,North West,E06000007,Warrington,E06000007,Warrington,E02002611,Grappenhall,-99,-99,-99,-99,-99,-99,-99,-99,-99,3,14,6,4,-99,-99,-99,-99,-99,-99,-99,-99,-99,-99,-99,-99,-99,-99,3,-99,-99,-99,5,3,5,19,24,24
E12000002,North West,E06000007,Warrington,E06000007,Warrington,E02002612,Stockton Heath & Hillcliffe,-99,-99,-99,-99,-99,-99,-99,-99,-99,5,3,3,9,-99,4,3,6,-99,-99,-99,-99,-99,-99,-99,-99,-99,-99,-99,-99,-99,-99,-99,5,8,9,23,23
E12000002,North West,E06000007,Warrington,E06000007,Warrington,E02002613,"Appleton Thorn, Stretton & Walton",-99,-99,-99,-99,-99,-99,-99,-99,-99,3,-99,5,-99,4,-99,-99,-99,-99,-99,-99,-99,-99,-99,-99,-99,-99,-99,-99,-99,-99,-99,5,11,11,26,10,10
E12000002,North West,E06000007,Warrington,E06000007,Warrington,E02002614,Appleton,-99,-99,-99,-99,-99,-99,-99,-99,-99,-99,4,3,-99,-99,-99,-99,-99,-99,-99,-99,-99,-99,-99,-99,-99,-99,-99,-99,-99,-99,-99,-99,8,3,12,18,18
E12000002,North West,E06000008,Blackburn with Darwen,E06000008,Blackburn with Darwen,E02002615,"Roe Lee, Brownhill & Sunnybower",-99,-99,-99,-99,-99,-99,-99,-99,-99,3,4,4,-99,6,11,13,21,3,8,4,4,-99,-99,3,8,9,9,16,5,4,4,10,29,28,21,32,32
E12000002,North West,E06000008,Blackburn with Darwen,E06000008,Blackburn with Darwen,E02002616,Lammack & Revidge,-99,-99,-99,-99,-99,-99,-99,-99,-99,3,6,-99,3,3,6,-99,-99,3,12,5,6,4,6,9,11,17,12,17,9,5,9,10,21,38,27,34,34
E12000002,North West,E06000008,Blackburn with Darwen,E06000008,Blackburn with Darwen,E02002617,Little Harwood,-99,-99,-99,-99,-99,-99,-99,-99,-99,-99,8,-99,-99,4,5,5,3,6,12,6,14,5,7,5,8,10,8,6,29,12,18,21,27,44,47,28,28
E12000002,North West,E06000008,Blackburn with Darwen,E06000008,Blackburn with Darwen,E02002618,Bastwell,-99,-99,-99,-99,-99,-99,-99,-99,-99,6,4,4,3,8,6,3,-99,5,3,3,12,4,9,17,12,25,32,13,18,5,3,4,10,13,14,24,24
E12000002,North West,E06000008,Blackburn with Darwen,E06000008,Blackburn with Darwen,E02002619,Wensley Fold,-99,-99,-99,-99,-99,-99,-99,-99,-99,4,3,8,5,11,18,13,-99,6,5,4,5,8,6,13,19,20,4,8,8,11,5,4,11,16,29,27,27
E12000002,North West,E06000008,Blackburn with Darwen,E06000008,Blackburn with Darwen,E02002620,Central Blackburn,-99,-99,-99,-99,-99,-99,-99,-99,-99,3,5,-99,-99,-99,3,6,6,3,-99,4,-99,10,4,13,5,19,10,4,20,10,3,8,11,14,16,23,23
E12000002,North West,E06000008,Blackburn with Darwen,E06000008,Blackburn with Darwen,E02002621,Audley,-99,-99,-99,-99,-99,-99,-99,-99,-99,6,-99,5,5,10,-99,6,13,3,-99,-99,-99,-99,6,4,32,19,32,17,10,16,12,12,15,33,13,22,22
E12000002,North West,E06000008,Blackburn with Darwen,E06000008,Blackburn with Darwen,E02002622,Shadsworth & Intack,-99,-99,-99,-99,-99,-99,-99,-99,-99,-99,7,12,8,9,8,9,3,-99,9,-99,-99,-99,-99,-99,-99,6,6,13,3,6,9,6,12,15,12,24,24
E12000002,North West,E06000008,Blackburn with Darwen,E06000008,Blackburn with Darwen,E02002623,"Witton, Mill Hill & Hollin Bank",-99,-99,-99,-99,-99,-99,-99,-99,-99,-99,3,12,15,13,7,4,10,7,-99,-99,-99,-99,-99,3,6,-99,-99,-99,6,4,5,-99,11,6,14,16,16
E12000002,North West,E06000008,Blackburn with Darwen,E06000008,Blackburn with Darwen,E02002624,"Beardwood, Pleasington & Livesey",-99,-99,-99,-99,-99,-99,-99,-99,-99,7,4,-99,8,7,7,-99,3,4,3,-99,-99,-99,-99,-99,3,3,-99,4,-99,-99,-99,-99,4,13,11,21,21
E12000002,North West,E06000008,Blackburn with Darwen,E06000008,Blackburn with Darwen,E02002625,Queen's Park & Higher Croft,-99,-99,-99,-99,-99,-99,-99,-99,-99,5,11,3,5,3,5,3,7,-99,-99,-99,-99,-99,-99,-99,9,3,6,8,-99,-99,-99,3,13,16,12,13,13
E12000002,North West,E06000008,Blackburn with Darwen,E06000008,Blackburn with Darwen,E02002626,Meadowhead,-99,-99,-99,-99,-99,-99,-99,-99,3,6,5,-99,6,4,5,5,3,-99,-99,-99,-99,-99,-99,-99,-99,3,-99,-99,-99,-99,-99,-99,3,3,12,13,13
E12000002,North West,E06000008,Blackburn with Darwen,E06000008,Blackburn with Darwen,E02002627,Ewood & Fernhurst,-99,-99,-99,-99,-99,-99,-99,-99,-99,-99,6,6,3,-99,-99,-99,6,3,-99,-99,-99,-99,-99,-99,-99,-99,-99,-99,-99,-99,-99,3,5,16,12,24,24
E12000002,North West,E06000008,Blackburn with Darwen,E06000008,Blackburn with Darwen,E02002628,North Darwen,-99,-99,-99,-99,-99,-99,-99,-99,-99,-99,3,5,4,3,4,5,23,-99,-99,-99,-99,-99,-99,-99,-99,-99,-99,-99,-99,-99,-99,6,3,9,3,10,10
E12000002,North West,E06000008,Blackburn with Darwen,E06000008,Blackburn with Darwen,E02002629,East Darwen,-99,-99,-99,-99,-99,-99,-99,-99,-99,-99,3,-99,3,-99,-99,-99,-99,-99,-99,-99,-99,-99,-99,-99,-99,-99,-99,-99,4,3,-99,-99,4,5,7,11,11
E12000002,North West,E06000008,Blackburn with Darwen,E06000008,Blackburn with Darwen,E02002630,Darwen Town,-99,-99,-99,-99,-99,-99,-99,-99,-99,4,7,3,9,10,4,-99,5,-99,-99,-99,-99,-99,-99,-99,-99,-99,-99,-99,-99,-99,-99,6,3,7,8,13,13
E12000002,North West,E06000008,Blackburn with Darwen,E06000008,Blackburn with Darwen,E02002631,South Darwen & Whitehall,-99,-99,-99,-99,-99,-99,-99,-99,-99,5,4,6,4,5,3,-99,6,4,-99,-99,-99,-99,-99,-99,-99,-99,-99,-99,-99,-99,-99,7,6,14,5,19,19
E12000002,North West,E06000008,Blackburn with Darwen,E06000008,Blackburn with Darwen,E02002632,"Tockholes, Edgworth & Hoddlesden",-99,-99,-99,-99,-99,-99,-99,-99,4,-99,-99,-99,-99,-99,-99,-99,-99,-99,-99,-99,-99,-99,-99,-99,-99,-99,-99,-99,-99,-99,-99,4,3,6,8,18,18
E12000002,North West,E06000009,Blackpool,E06000009,Blackpool,E02002633,Little Bispham & Anchorsholme,-99,-99,-99,-99,-99,-99,-99,-99,-99,3,7,5,7,4,4,-99,4,3,-99,-99,-99,3,-99,-99,-99,-99,-99,-99,-99,-99,-99,-99,-99,3,8,8,8
E12000002,North West,E06000009,Blackpool,E06000009,Blackpool,E02002634,Churchtown,-99,-99,-99,-99,-99,-99,-99,-99,-99,3,4,6,4,-99,6,-99,6,3,-99,-99,-99,-99,-99,-99,-99,-99,-99,-99,-99,-99,-99,-99,8,11,7,20,20
E12000002,North West,E06000009,Blackpool,E06000009,Blackpool,E02002635,Norbreck & Bispham,-99,-99,-99,-99,-99,-99,-99,-99,-99,4,3,6,5,5,9,4,5,-99,-99,-99,-99,4,-99,-99,-99,-99,-99,-99,-99,-99,-99,-99,6,11,10,9,9
E12000002,North West,E06000009,Blackpool,E06000009,Blackpool,E02002636,Warbreck & Bispham Road,-99,-99,-99,-99,-99,-99,-99,-99,-99,3,9,4,6,3,4,-99,-99,7,-99,-99,-99,4,-99,-99,-99,-99,-99,-99,-99,-99,-99,3,-99,9,12,11,11
E12000002,North West,E06000009,Blackpool,E06000009,Blackpool,E02002637,Hoohill,-99,-99,-99,-99,-99,-99,-99,-99,-99,4,-99,12,4,7,5,3,8,-99,-99,-99,-99,-99,-99,-99,-99,-99,-99,-99,-99,-99,-99,-99,4,5,7,12,12
E12000002,North West,E06000009,Blackpool,E06000009,Blackpool,E02002638,North Shore,-99,-99,-99,-99,-99,-99,-99,-99,-99,4,3,4,8,10,-99,-99,-99,-99,-99,5,-99,-99,-99,-99,-99,-99,3,-99,-99,-99,4,-99,-99,-99,8,5,5
E12000002,North West,E06000009,Blackpool,E06000009,Blackpool,E02002639,Little Layton & Little Carleton,-99,-99,-99,-99,-99,-99,-99,-99,-99,3,6,6,3,7,-99,3,5,7,4,-99,-99,4,-99,-99,-99,-99,-99,-99,-99,-99,-99,-99,-99,5,4,8,8
E12000002,North West,E06000009,Blackpool,E06000009,Blackpool,E02002640,North East Centre,-99,-99,-99,-99,-99,-99,-99,-99,-99,-99,-99,7,12,8,3,-99,11,3,3,-99,-99,-99,-99,-99,-99,-99,-99,-99,-99,-99,-99,-99,-99,-99,4,10,10
E12000002,North West,E06000009,Blackpool,E06000009,Blackpool,E02002641,Queenstown & Layton,-99,-99,-99,-99,-99,-99,-99,-99,-99,7,8,8,16,15,13,6,13,7,6,3,-99,-99,-99,3,-99,-99,-99,-99,-99,-99,-99,-99,4,10,14,30,30
E12000002,North West,E06000009,Blackpool,E06000009,Blackpool,E02002642,Central Blackpool,-99,-99,-99,-99,-99,-99,-99,-99,-99,9,7,9,6,3,4,-99,6,3,-99,3,-99,-99,-99,-99,-99,-99,-99,-99,-99,-99,-99,-99,-99,5,7,11,11
E12000002,North West,E06000009,Blackpool,E06000009,Blackpool,E02002643,Park Road,-99,-99,-99,-99,-99,-99,-99,-99,-99,8,-99,4,6,-99,5,8,3,-99,3,4,-99,-99,-99,-99,-99,-99,-99,-99,-99,-99,-99,-99,-99,4,6,8,8
E12000002,North West,E06000009,Blackpool,E06000009,Blackpool,E02002644,Stanley Park & Great Marton,-99,-99,-99,-99,-99,-99,-99,-99,4,3,6,11,16,15,4,7,6,-99,3,-99,-99,-99,-99,-99,-99,-99,-99,4,3,-99,-99,-99,3,5,11,28,28
E12000002,North West,E06000009,Blackpool,E06000009,Blackpool,E02002645,South Promenade & Seasiders Way,-99,-99,-99,-99,-99,-99,-99,-99,-99,-99,3,3,7,11,10,7,6,-99,3,-99,-99,-99,-99,-99,-99,-99,-99,-99,-99,-99,-99,3,3,3,3,10,10
E12000002,North West,E06000009,Blackpool,E06000009,Blackpool,E02002646,Little Marton & Marton Moss Side,-99,-99,-99,-99,-99,-99,-99,-99,-99,3,6,10,4,3,3,-99,6,4,3,3,-99,-99,-99,-99,-99,-99,-99,-99,-99,-99,-99,-99,-99,5,8,9,9
E12000002,North West,E06000009,Blackpool,E06000009,Blackpool,E02002647,Victoria,-99,-99,-99,-99,-99,-99,-99,-99,-99,-99,3,10,11,6,7,7,7,8,-99,-99,-99,-99,-99,-99,-99,-99,-99,-99,-99,-99,-99,4,-99,7,3,14,14
E12000002,North West,E06000009,Blackpool,E06000009,Blackpool,E02002648,Hawes Side,-99,-99,-99,-99,-99,-99,-99,-99,-99,3,-99,4,-99,6,-99,-99,7,3,5,3,-99,-99,-99,-99,-99,-99,-99,-99,-99,-99,-99,-99,4,3,4,12,12
E12000002,North West,E06000009,Blackpool,E06000009,Blackpool,E02002649,South Shore,-99,-99,-99,-99,-99,-99,-99,-99,-99,4,3,-99,8,6,5,4,10,5,6,3,-99,-99,-99,-99,-99,-99,-99,-99,-99,-99,-99,4,-99,4,5,13,13
E12000002,North West,E06000009,Blackpool,E06000009,Blackpool,E02002650,Common Edge,-99,-99,-99,-99,-99,-99,-99,-99,-99,-99,5,5,4,-99,3,-99,4,4,-99,-99,-99,-99,-99,-99,-99,-99,-99,-99,-99,-99,-99,-99,5,3,3,20,20
E12000002,North West,E06000009,Blackpool,E06000009,Blackpool,E02002651,Squires Gate,-99,-99,-99,-99,-99,-99,-99,-99,-99,-99,3,12,5,5,4,6,4,-99,-99,-99,-99,-99,3,-99,-99,-99,-99,-99,-99,-99,-99,-99,3,5,4,10,10
E12000003,Yorkshire and The Humber,E06000010,"Kingston upon Hull, City of",E06000010,"Kingston upon Hull, City of",E02002652,Kingswood,-99,-99,-99,-99,-99,-99,-99,-99,-99,-99,5,5,9,36,8,8,14,7,-99,3,-99,-99,-99,-99,-99,-99,-99,-99,-99,-99,-99,3,3,3,6,12,12
E12000003,Yorkshire and The Humber,E06000010,"Kingston upon Hull, City of",E06000010,"Kingston upon Hull, City of",E02002653,Bransholme Central,-99,-99,-99,-99,-99,-99,-99,-99,-99,-99,-99,4,5,5,6,6,3,4,-99,-99,-99,-99,-99,-99,-99,-99,-99,-99,-99,-99,-99,-99,-99,-99,4,3,3
E12000003,Yorkshire and The Humber,E06000010,"Kingston upon Hull, City of",E06000010,"Kingston upon Hull, City of",E02002654,Orchard Park,-99,-99,-99,-99,-99,-99,-99,-99,-99,-99,-99,4,3,4,-99,3,-99,-99,3,-99,3,-99,-99,-99,-99,-99,-99,-99,-99,-99,-99,-99,-99,-99,-99,8,8
E12000003,Yorkshire and The Humber,E06000010,"Kingston upon Hull, City of",E06000010,"Kingston upon Hull, City of",E02002655,Bransholme East,-99,-99,-99,-99,-99,-99,-99,-99,-99,-99,9,12,9,21,8,8,5,-99,-99,-99,-99,-99,-99,-99,-99,-99,-99,-99,-99,-99,-99,-99,3,-99,-99,6,6
E12000003,Yorkshire and The Humber,E06000010,"Kingston upon Hull, City of",E06000010,"Kingston upon Hull, City of",E02002656,Haworth Park,-99,-99,-99,-99,-99,-99,-99,-99,-99,-99,-99,3,-99,-99,5,-99,4,-99,-99,-99,-99,-99,-99,-99,-99,-99,-99,-99,-99,-99,-99,-99,-99,-99,-99,-99,-99
E12000003,Yorkshire and The Humber,E06000010,"Kingston upon Hull, City of",E06000010,"Kingston upon Hull, City of",E02002657,Bransholme West,-99,-99,-99,-99,-99,-99,-99,-99,-99,-99,-99,3,4,9,7,6,3,5,3,-99,-99,-99,-99,-99,-99,-99,-99,-99,-99,-99,-99,-99,4,-99,-99,6,6
E12000003,Yorkshire and The Humber,E06000010,"Kingston upon Hull, City of",E06000010,"Kingston upon Hull, City of",E02002658,Sutton North,-99,-99,-99,-99,-99,-99,-99,-99,-99,-99,-99,3,-99,6,5,-99,-99,3,-99,-99,3,-99,-99,-99,-99,-99,-99,-99,-99,-99,-99,-99,-99,4,3,8,8
E12000003,Yorkshire and The Humber,E06000010,"Kingston upon Hull, City of",E06000010,"Kingston upon Hull, City of",E02002659,Greenwood,-99,-99,-99,-99,-99,-99,-99,-99,-99,4,-99,6,7,13,4,5,4,3,-99,-99,-99,-99,-99,-99,-99,-99,-99,-99,-99,-99,-99,-99,-99,-99,5,13,13
E12000003,Yorkshire and The Humber,E06000010,"Kingston upon Hull, City of",E06000010,"Kingston upon Hull, City of",E02002660,Bilton Grange,-99,-99,-99,-99,-99,-99,-99,-99,-99,-99,-99,6,5,4,-99,3,7,-99,-99,-99,-99,-99,-99,-99,-99,-99,-99,-99,-99,-99,-99,-99,-99,-99,-99,6,6
E12000003,Yorkshire and The Humber,E06000010,"Kingston upon Hull, City of",E06000010,"Kingston upon Hull, City of",E02002661,Longhill,-99,-99,-99,-99,-99,-99,-99,-99,-99,-99,5,5,10,14,11,7,14,4,6,13,18,-99,-99,-99,-99,-99,-99,-99,3,-99,-99,-99,-99,6,-99,8,8
E12000003,Yorkshire and The Humber,E06000010,"Kingston upon Hull, City of",E06000010,"Kingston upon Hull, City of",E02002662,Ings,-99,-99,-99,-99,-99,-99,-99,-99,-99,3,5,7,6,3,-99,-99,3,5,-99,-99,-99,-99,-99,-99,-99,-99,-99,-99,-99,-99,-99,-99,-99,-99,5,7,7
E12000003,Yorkshire and The Humber,E06000010,"Kingston upon Hull, City of",E06000010,"Kingston upon Hull, City of",E02002663,University & Newland North,-99,-99,-99,-99,-99,-99,-99,-99,-99,-99,-99,3,3,6,-99,-99,-99,-99,-99,-99,-99,-99,-99,-99,-99,-99,-99,-99,-99,-99,-99,-99,-99,-99,6,7,7
E12000003,Yorkshire and The Humber,E06000010,"Kingston upon Hull, City of",E06000010,"Kingston upon Hull, City of",E02002664,Sutton South,-99,-99,-99,-99,-99,-99,-99,-99,-99,-99,-99,5,3,9,-99,3,7,3,-99,-99,-99,-99,-99,-99,-99,-99,-99,-99,-99,-99,-99,-99,-99,-99,6,6,6
E12000003,Yorkshire and The Humber,E06000010,"Kingston upon Hull, City of",E06000010,"Kingston upon Hull, City of",E02002665,Bricknell East,-99,-99,-99,-99,-99,-99,-99,-99,-99,-99,3,4,6,5,5,-99,3,-99,-99,6,-99,-99,-99,-99,-99,-99,-99,-99,-99,-99,-99,-99,3,-99,3,6,6
E12000003,Yorkshire and The Humber,E06000010,"Kingston upon Hull, City of",E06000010,"Kingston upon Hull, City of",E02002666,Newland South,-99,-99,-99,-99,-99,-99,-99,-99,-99,-99,3,6,-99,15,3,5,5,8,-99,-99,-99,-99,-99,-99,-99,-99,-99,-99,-99,-99,-99,-99,-99,-99,-99,-99,-99
E12000003,Yorkshire and The Humber,E06000010,"Kingston upon Hull, City of",E06000010,"Kingston upon Hull, City of",E02002667,Stoneferry & Sutton Fields,-99,-99,-99,-99,-99,-99,-99,-99,-99,-99,-99,4,6,5,-99,4,6,-99,-99,-99,-99,-99,-99,-99,-99,-99,-99,-99,-99,-99,-99,-99,-99,-99,3,9,9
E12000003,Yorkshire and The Humber,E06000010,"Kingston upon Hull, City of",E06000010,"Kingston upon Hull, City of",E02002668,Southcoates East,-99,-99,-99,-99,-99,-99,-99,-99,-99,-99,-99,-99,-99,12,-99,3,-99,-99,-99,-99,-99,-99,-99,-99,-99,-99,-99,-99,-99,-99,-99,-99,3,-99,3,6,6
E12000003,Yorkshire and The Humber,E06000010,"Kingston upon Hull, City of",E06000010,"Kingston upon Hull, City of",E02002669,Newland Avenues,-99,-99,-99,-99,-99,-99,-99,-99,-99,-99,6,6,3,-99,5,-99,-99,-99,-99,-99,-99,-99,-99,-99,-99,-99,-99,-99,-99,-99,-99,-99,-99,-99,3,6,6
E12000003,Yorkshire and The Humber,E06000010,"Kingston upon Hull, City of",E06000010,"Kingston upon Hull, City of",E02002670,Bricknell West,-99,-99,-99,-99,-99,-99,-99,-99,-99,-99,5,5,10,15,4,4,10,3,-99,4,-99,-99,-99,-99,-99,-99,-99,-99,-99,-99,-99,-99,-99,-99,3,7,7
E12000003,Yorkshire and The Humber,E06000010,"Kingston upon Hull, City of",E06000010,"Kingston upon Hull, City of",E02002671,Southcoates Central & Docks,-99,-99,-99,-99,-99,-99,-99,-99,-99,-99,-99,4,9,18,11,6,12,-99,-99,-99,3,-99,-99,-99,-99,-99,-99,-99,-99,-99,3,-99,-99,-99,3,3,3
E12000003,Yorkshire and The Humber,E06000010,"Kingston upon Hull, City of",E06000010,"Kingston upon Hull, City of",E02002672,Greatfield,-99,-99,-99,-99,-99,-99,-99,-99,-99,-99,-99,3,9,25,12,-99,7,-99,-99,4,-99,-99,-99,-99,-99,-99,-99,-99,-99,-99,-99,-99,-99,-99,-99,5,5
E12000003,Yorkshire and The Humber,E06000010,"Kingston upon Hull, City of",E06000010,"Kingston upon Hull, City of",E02002673,Southcoates West,-99,-99,-99,-99,-99,-99,-99,-99,-99,-99,-99,4,6,7,4,10,3,-99,3,3,-99,-99,-99,-99,-99,-99,-99,-99,-99,-99,-99,-99,-99,-99,4,-99,-99
E12000003,Yorkshire and The Humber,E06000010,"Kingston upon Hull, City of",E06000010,"Kingston upon Hull, City of",E02002674,Derringham,-99,-99,-99,-99,-99,-99,-99,-99,-99,-99,3,-99,-99,9,3,4,4,-99,-99,-99,-99,-99,-99,-99,-99,-99,-99,-99,-99,-99,-99,-99,-99,-99,-99,5,5
E12000003,Yorkshire and The Humber,E06000010,"Kingston upon Hull, City of",E06000010,"Kingston upon Hull, City of",E02002675,Sculcoates,-99,-99,-99,-99,-99,-99,-99,-99,-99,-99,-99,4,4,-99,-99,-99,-99,-99,-99,-99,-99,-99,-99,-99,-99,-99,-99,-99,-99,-99,-99,-99,-99,-99,-99,4,4
E12000003,Yorkshire and The Humber,E06000010,"Kingston upon Hull, City of",E06000010,"Kingston upon Hull, City of",E02002676,Chanterlands Avenue,-99,-99,-99,-99,-99,-99,-99,-99,-99,-99,3,5,9,10,13,-99,4,-99,-99,-99,-99,-99,-99,-99,3,-99,-99,-99,4,-99,-99,-99,-99,-99,-99,4,4
E12000003,Yorkshire and The Humber,E06000010,"Kingston upon Hull, City of",E06000010,"Kingston upon Hull, City of",E02002677,Drypool & Victoria Dock,-99,-99,-99,-99,-99,-99,-99,-99,-99,-99,4,4,4,6,5,-99,3,4,-99,-99,-99,-99,-99,-99,-99,-99,-99,-99,-99,-99,-99,3,-99,3,-99,4,4
E12000003,Yorkshire and The Humber,E06000010,"Kingston upon Hull, City of",E06000010,"Kingston upon Hull, City of",E02002678,Newington,-99,-99,-99,-99,-99,-99,-99,-99,-99,-99,7,3,6,6,4,3,18,27,-99,5,-99,-99,-99,-99,-99,-99,-99,-99,-99,-99,-99,-99,-99,-99,5,5,5
E12000003,Yorkshire and The Humber,E06000010,"Kingston upon Hull, City of",E06000010,"Kingston upon Hull, City of",E02002679,East Ella,-99,-99,-99,-99,-99,-99,-99,-99,-99,5,5,-99,9,-99,-99,8,5,-99,-99,4,-99,-99,-99,-99,-99,-99,-99,-99,-99,-99,-99,-99,-99,-99,3,8,8
E12000003,Yorkshire and The Humber,E06000010,"Kingston upon Hull, City of",E06000010,"Kingston upon Hull, City of",E02002680,Hull City Centre,-99,-99,-99,-99,-99,-99,-99,-99,-99,4,3,5,3,10,5,-99,8,-99,-99,-99,-99,-99,-99,-99,-99,-99,-99,-99,-99,-99,-99,-99,-99,-99,5,49,49
E12000003,Yorkshire and The Humber,E06000010,"Kingston upon Hull, City of",E06000010,"Kingston upon Hull, City of",E02002681,Boulevard & St Andrew's Quay,-99,-99,-99,-99,-99,-99,-99,-99,-99,-99,-99,4,9,3,3,11,6,6,-99,3,5,-99,-99,-99,-99,-99,-99,-99,-99,-99,-99,-99,-99,-99,-99,6,6
E12000003,Yorkshire and The Humber,E06000010,"Kingston upon Hull, City of",E06000010,"Kingston upon Hull, City of",E02002682,Gypsyville,-99,-99,-99,-99,-99,-99,-99,-99,-99,-99,5,6,8,11,-99,5,12,4,4,4,4,-99,-99,-99,-99,-99,-99,-99,-99,-99,-99,-99,-99,-99,4,6,6
E12000003,Yorkshire and The Humber,E06000011,East Riding of Yorkshire,E06000011,East Riding of Yorkshire,E02002684,Bridlington North & Bempton,-99,-99,-99,-99,-99,-99,-99,-99,4,3,-99,4,3,4,-99,4,3,-99,-99,-99,-99,-99,-99,-99,-99,-99,-99,-99,-99,-99,-99,-99,-99,4,5,8,8
E12000003,Yorkshire and The Humber,E06000011,East Riding of Yorkshire,E06000011,East Riding of Yorkshire,E02002685,Bridlington East & Flamborough,-99,-99,-99,-99,-99,-99,-99,-99,-99,3,-99,5,5,9,7,3,4,-99,-99,-99,-99,-99,-99,-99,-99,-99,-99,-99,-99,-99,-99,-99,3,-99,6,17,17
E12000003,Yorkshire and The Humber,E06000011,East Riding of Yorkshire,E06000011,East Riding of Yorkshire,E02002686,Bridlington West,-99,-99,-99,-99,-99,-99,-99,-99,-99,-99,-99,9,12,4,8,3,-99,-99,-99,-99,-99,-99,-99,-99,-99,-99,-99,-99,-99,-99,-99,-99,-99,7,-99,7,7
E12000003,Yorkshire and The Humber,E06000011,East Riding of Yorkshire,E06000011,East Riding of Yorkshire,E02002687,Bridlington Central,-99,-99,-99,-99,-99,-99,-99,-99,-99,-99,-99,-99,8,5,-99,3,3,-99,-99,-99,-99,-99,-99,-99,-99,-99,-99,-99,-99,-99,-99,3,3,3,7,6,6
E12000003,Yorkshire and The Humber,E06000011,East Riding of Yorkshire,E06000011,East Riding of Yorkshire,E02002688,Bridlington Hilderthorpe,-99,-99,-99,-99,-99,-99,-99,-99,-99,-99,-99,-99,3,-99,-99,-99,5,-99,-99,-99,-99,-99,-99,-99,-99,-99,-99,-99,-99,-99,-99,-99,-99,-99,5,3,3
E12000003,Yorkshire and The Humber,E06000011,East Riding of Yorkshire,E06000011,East Riding of Yorkshire,E02002689,"Burton Agnes, Rudston & Langtoft",-99,-99,-99,-99,-99,-99,-99,-99,-99,-99,-99,3,3,12,3,8,-99,-99,-99,-99,-99,-99,-99,-99,-99,-99,-99,-99,-99,-99,-99,-99,-99,-99,5,14,14
E12000003,Yorkshire and The Humber,E06000011,East Riding of Yorkshire,E06000011,East Riding of Yorkshire,E02002691,Driffield West & Huggate,-99,-99,-99,-99,-99,-99,-99,-99,-99,-99,-99,4,5,10,3,4,-99,-99,-99,-99,-99,-99,-99,-99,-99,-99,-99,-99,-99,-99,-99,-99,-99,-99,4,8,8
E12000003,Yorkshire and The Humber,E06000011,East Riding of Yorkshire,E06000011,East Riding of Yorkshire,E02002692,Stamford Bridge & Sutton Upon Derwent,-99,-99,-99,-99,-99,-99,-99,-99,-99,-99,-99,-99,13,3,10,14,-99,3,-99,-99,-99,-99,-99,-99,-99,-99,-99,-99,-99,-99,-99,-99,3,-99,7,11,11
E12000003,Yorkshire and The Humber,E06000011,East Riding of Yorkshire,E06000011,East Riding of Yorkshire,E02002693,"Skipsea, Beeford & Brandesburton",-99,-99,-99,-99,-99,-99,-99,-99,-99,-99,3,-99,4,3,-99,-99,-99,-99,-99,-99,-99,-99,-99,-99,-99,-99,-99,-99,-99,-99,-99,-99,-99,-99,9,6,6
E12000003,Yorkshire and The Humber,E06000011,East Riding of Yorkshire,E06000011,East Riding of Yorkshire,E02002694,Pocklington,-99,-99,-99,-99,-99,-99,-99,-99,-99,-99,4,-99,3,7,4,4,4,-99,-99,-99,-99,-99,-99,-99,-99,-99,-99,-99,-99,-99,-99,-99,-99,5,9,35,35
E12000003,Yorkshire and The Humber,E06000011,East Riding of Yorkshire,E06000011,East Riding of Yorkshire,E02002695,Hornsea,-99,-99,-99,-99,-99,-99,-99,-99,-99,-99,-99,-99,4,5,-99,-99,-99,-99,7,14,4,-99,-99,-99,-99,-99,-99,-99,-99,-99,-99,-99,-99,-99,-99,5,5
E12000003,Yorkshire and The Humber,E06000011,East Riding of Yorkshire,E06000011,East Riding of Yorkshire,E02002696,"Cherry Burton, Leconfield & Middleton",-99,-99,-99,-99,-99,-99,-99,-99,-99,-99,4,-99,-99,3,-99,-99,-99,-99,-99,-99,-99,-99,-99,-99,-99,-99,-99,-99,-99,-99,-99,-99,-99,-99,-99,3,3
E12000003,Yorkshire and The Humber,E06000011,East Riding of Yorkshire,E06000011,East Riding of Yorkshire,E02002697,Leven & Tickton,-99,-99,-99,-99,-99,-99,-99,-99,-99,-99,5,5,-99,7,-99,3,-99,3,-99,-99,-99,-99,-99,-99,-99,-99,-99,-99,-99,-99,-99,-99,-99,-99,-99,3,3
E12000003,Yorkshire and The Humber,E06000011,East Riding of Yorkshire,E06000011,East Riding of Yorkshire,E02002698,Market Weighton,-99,-99,-99,-99,-99,-99,-99,-99,-99,-99,5,-99,7,4,-99,6,-99,-99,-99,-99,-99,-99,-99,-99,-99,-99,-99,-99,-99,-99,-99,-99,-99,4,10,7,7
E12000003,Yorkshire and The Humber,E06000011,East Riding of Yorkshire,E06000011,East Riding of Yorkshire,E02002699,Molescroft,-99,-99,-99,-99,-99,-99,-99,-99,5,-99,5,3,-99,5,-99,3,-99,-99,-99,-99,-99,-99,-99,-99,-99,-99,-99,-99,-99,-99,-99,-99,-99,-99,4,13,13
E12000003,Yorkshire and The Humber,E06000011,East Riding of Yorkshire,E06000011,East Riding of Yorkshire,E02002700,Beverley North,-99,-99,-99,-99,-99,-99,-99,-99,3,-99,-99,6,-99,8,-99,4,3,-99,-99,-99,-99,-99,-99,-99,-99,-99,-99,-99,-99,-99,-99,-99,-99,-99,-99,3,3
E12000003,Yorkshire and The Humber,E06000011,East Riding of Yorkshire,E06000011,East Riding of Yorkshire,E02002701,"Holme, Melbourne & Bubwith",-99,-99,-99,-99,-99,-99,-99,-99,-99,3,-99,-99,-99,3,-99,-99,-99,3,-99,-99,-99,-99,-99,-99,-99,-99,-99,-99,-99,-99,-99,-99,-99,-99,4,10,10
E12000003,Yorkshire and The Humber,E06000011,East Riding of Yorkshire,E06000011,East Riding of Yorkshire,E02002702,Beverley South,-99,-99,-99,-99,-99,-99,-99,-99,-99,6,12,3,5,8,5,5,-99,-99,3,4,3,-99,-99,-99,-99,-99,-99,-99,-99,-99,-99,-99,5,-99,5,10,10
E12000003,Yorkshire and The Humber,E06000011,East Riding of Yorkshire,E06000011,East Riding of Yorkshire,E02002703,"Walkington, Bishop Burton & Woodmansey",-99,-99,-99,-99,-99,-99,-99,-99,-99,-99,5,7,8,4,7,9,6,4,-99,-99,-99,-99,-99,-99,-99,-99,-99,-99,-99,-99,-99,-99,3,-99,6,12,12
E12000003,Yorkshire and The Humber,E06000011,East Riding of Yorkshire,E06000011,East Riding of Yorkshire,E02002704,Aldbrough & Sproatley,-99,-99,-99,-99,-99,-99,-99,-99,-99,-99,-99,5,-99,5,4,-99,-99,-99,-99,-99,4,-99,-99,-99,-99,-99,-99,-99,-99,3,-99,-99,-99,-99,3,8,8
E12000003,Yorkshire and The Humber,E06000011,East Riding of Yorkshire,E06000011,East Riding of Yorkshire,E02002705,Cottingham West,-99,-99,-99,-99,-99,-99,-99,-99,-99,-99,6,4,13,10,-99,-99,-99,-99,-99,-99,-99,-99,-99,-99,-99,-99,-99,-99,-99,-99,-99,-99,3,-99,-99,-99,-99
E12000003,Yorkshire and The Humber,E06000011,East Riding of Yorkshire,E06000011,East Riding of Yorkshire,E02002706,Cottingham East,-99,-99,-99,-99,-99,-99,-99,-99,-99,-99,3,-99,4,7,5,10,8,3,-99,-99,-99,-99,-99,-99,-99,-99,-99,-99,-99,-99,-99,-99,-99,3,-99,5,5
E12000003,Yorkshire and The Humber,E06000011,East Riding of Yorkshire,E06000011,East Riding of Yorkshire,E02002707,"South Cave, Newbald & Little Weighton",-99,-99,-99,-99,-99,-99,-99,-99,-99,-99,-99,4,6,9,4,5,5,9,-99,-99,-99,-99,-99,-99,-99,-99,-99,-99,-99,-99,-99,-99,-99,3,5,10,10
E12000003,Yorkshire and The Humber,E06000011,East Riding of Yorkshire,E06000011,East Riding of Yorkshire,E02002708,Cottingham South & North Ella,-99,-99,-99,-99,-99,-99,-99,-99,-99,3,-99,5,-99,3,5,-99,-99,-99,-99,-99,-99,-99,-99,-99,-99,-99,-99,-99,-99,-99,-99,-99,-99,-99,8,6,6
E12000003,Yorkshire and The Humber,E06000011,East Riding of Yorkshire,E06000011,East Riding of Yorkshire,E02002709,Gilberdyke & North Cave,-99,-99,-99,-99,-99,-99,-99,-99,-99,-99,-99,-99,4,3,4,5,6,-99,-99,-99,-99,-99,-99,-99,-99,-99,-99,-99,-99,3,-99,-99,-99,-99,-99,9,9
E12000003,Yorkshire and The Humber,E06000011,East Riding of Yorkshire,E06000011,East Riding of Yorkshire,E02002710,Willerby,-99,-99,-99,-99,-99,-99,-99,-99,-99,-99,5,3,3,3,4,-99,-99,-99,-99,-99,4,-99,-99,-99,-99,-99,-99,-99,-99,-99,-99,-99,-99,-99,6,9,9
E12000003,Yorkshire and The Humber,E06000011,East Riding of Yorkshire,E06000011,East Riding of Yorkshire,E02002711,Kirk Ella,-99,-99,-99,-99,-99,-99,-99,-99,-99,3,-99,3,9,-99,-99,8,-99,3,-99,-99,-99,-99,-99,-99,-99,-99,-99,-99,-99,-99,-99,-99,-99,6,3,9,9
E12000003,Yorkshire and The Humber,E06000011,East Riding of Yorkshire,E06000011,East Riding of Yorkshire,E02002712,Hedon & Preston,-99,-99,-99,-99,-99,-99,-99,-99,-99,-99,-99,8,5,12,-99,3,11,7,-99,8,14,-99,-99,-99,-99,-99,-99,-99,-99,-99,-99,-99,-99,-99,-99,-99,-99
E12000003,Yorkshire and The Humber,E06000011,East Riding of Yorkshire,E06000011,East Riding of Yorkshire,E02002714,Withernsea West & Keyingham,-99,-99,-99,-99,-99,-99,-99,-99,-99,-99,-99,-99,6,3,4,-99,-99,4,-99,3,-99,-99,-99,-99,-99,-99,-99,-99,-99,-99,-99,-99,-99,-99,-99,8,8
E12000003,Yorkshire and The Humber,E06000011,East Riding of Yorkshire,E06000011,East Riding of Yorkshire,E02002715,Brough,-99,-99,-99,-99,-99,-99,-99,-99,-99,7,4,10,8,11,3,14,15,18,4,4,-99,-99,-99,-99,-99,-99,-99,-99,-99,-99,-99,-99,-99,-99,4,19,19
E12000003,Yorkshire and The Humber,E06000011,East Riding of Yorkshire,E06000011,East Riding of Yorkshire,E02002716,Burstwick & Thorngumbald,-99,-99,-99,-99,-99,-99,-99,-99,-99,-99,-99,3,-99,7,3,-99,-99,-99,-99,-99,3,-99,-99,-99,-99,-99,-99,-99,-99,-99,-99,-99,-99,-99,-99,3,3
E12000003,Yorkshire and The Humber,E06000011,East Riding of Yorkshire,E06000011,East Riding of Yorkshire,E02002717,Hessle East & Anlaby South,-99,-99,-99,-99,-99,-99,-99,-99,-99,3,4,3,6,8,7,15,7,6,-99,-99,-99,-99,-99,-99,-99,-99,-99,-99,3,-99,-99,-99,-99,-99,5,9,9
E12000003,Yorkshire and The Humber,E06000011,East Riding of Yorkshire,E06000011,East Riding of Yorkshire,E02002718,North Ferriby & Swanland,-99,-99,-99,-99,-99,-99,-99,-99,3,3,5,6,4,-99,-99,7,4,-99,-99,-99,-99,-99,-99,-99,-99,-99,-99,-99,-99,-99,-99,-99,-99,3,4,13,13
E12000003,Yorkshire and The Humber,E06000011,East Riding of Yorkshire,E06000011,East Riding of Yorkshire,E02002719,Hessle West,-99,-99,-99,-99,-99,-99,-99,-99,-99,5,-99,4,12,10,4,15,6,23,-99,4,-99,-99,-99,-99,-99,-99,-99,-99,3,-99,-99,-99,5,-99,-99,7,7
E12000003,Yorkshire and The Humber,E06000011,East Riding of Yorkshire,E06000011,East Riding of Yorkshire,E02002720,Howden South & Goole North,-99,-99,-99,-99,-99,-99,-99,-99,-99,-99,-99,-99,-99,7,-99,3,-99,-99,-99,-99,-99,-99,-99,-99,-99,-99,-99,-99,-99,4,-99,-99,-99,-99,5,17,17
E12000003,Yorkshire and The Humber,E06000011,East Riding of Yorkshire,E06000011,East Riding of Yorkshire,E02002721,"Howden North, Eastrington & Swinefleet",-99,-99,-99,-99,-99,-99,-99,-99,-99,-99,-99,-99,-99,4,-99,-99,-99,-99,-99,-99,-99,-99,-99,-99,-99,-99,-99,-99,-99,-99,-99,-99,4,3,3,6,6
E12000003,Yorkshire and The Humber,E06000011,East Riding of Yorkshire,E06000011,East Riding of Yorkshire,E02002722,Withernsea East & Patrington,-99,-99,-99,-99,-99,-99,-99,-99,-99,-99,3,6,12,21,-99,3,-99,3,-99,-99,-99,-99,-99,-99,-99,-99,-99,-99,-99,-99,-99,-99,-99,-99,-99,4,4
E12000003,Yorkshire and The Humber,E06000011,East Riding of Yorkshire,E06000011,East Riding of Yorkshire,E02002723,Goole West,-99,-99,-99,-99,-99,-99,-99,-99,-99,-99,-99,-99,-99,6,-99,3,-99,-99,-99,-99,-99,-99,-99,-99,-99,-99,-99,-99,-99,-99,-99,-99,8,-99,4,10,10
E12000003,Yorkshire and The Humber,E06000011,East Riding of Yorkshire,E06000011,East Riding of Yorkshire,E02002724,Goole East,-99,-99,-99,-99,-99,-99,-99,-99,-99,-99,-99,-99,-99,5,3,-99,-99,-99,-99,-99,-99,-99,-99,-99,-99,-99,-99,-99,-99,-99,-99,-99,6,6,-99,3,3
E12000003,Yorkshire and The Humber,E06000011,East Riding of Yorkshire,E06000011,East Riding of Yorkshire,E02002725,Snaith,-99,-99,-99,-99,-99,-99,-99,-99,-99,-99,4,-99,9,14,-99,3,-99,-99,3,-99,-99,-99,-99,-99,-99,-99,-99,-99,-99,-99,-99,7,8,5,-99,8,8
E12000003,Yorkshire and The Humber,E06000012,North East Lincolnshire,E06000012,North East Lincolnshire,E02002726,Immingham & Habrough,-99,-99,-99,-99,-99,-99,-99,-99,-99,7,-99,3,3,-99,-99,-99,-99,-99,-99,-99,-99,-99,-99,-99,-99,-99,-99,-99,-99,-99,-99,-99,-99,-99,-99,3,3
E12000003,Yorkshire and The Humber,E06000012,North East Lincolnshire,E06000012,North East Lincolnshire,E02002727,Grimsby East Marsh & Port,-99,-99,-99,-99,-99,-99,-99,-99,-99,-99,-99,-99,-99,-99,-99,-99,-99,-99,-99,-99,-99,-99,-99,-99,-99,-99,-99,-99,-99,-99,-99,-99,-99,-99,-99,-99,-99
E12000003,Yorkshire and The Humber,E06000012,North East Lincolnshire,E06000012,North East Lincolnshire,E02002728,Grimsby West Marsh,-99,-99,-99,-99,-99,-99,-99,-99,-99,-99,-99,-99,-99,-99,-99,-99,-99,-99,-99,-99,-99,-99,-99,-99,-99,-99,-99,-99,-99,-99,-99,-99,-99,-99,-99,-99,-99
E12000003,Yorkshire and The Humber,E06000012,North East Lincolnshire,E06000012,North East Lincolnshire,E02002729,Great Coates & The Willows,-99,-99,-99,-99,-99,-99,-99,-99,-99,-99,-99,-99,-99,-99,-99,-99,-99,-99,-99,-99,-99,-99,-99,-99,-99,-99,-99,-99,-99,-99,-99,-99,-99,-99,-99,3,3
E12000003,Yorkshire and The Humber,E06000012,North East Lincolnshire,E06000012,North East Lincolnshire,E02002730,Sidney Park,-99,-99,-99,-99,-99,-99,-99,-99,-99,-99,-99,-99,-99,-99,-99,-99,-99,-99,-99,-99,-99,-99,-99,-99,-99,-99,-99,-99,-99,-99,-99,-99,-99,-99,3,-99,-99
E12000003,Yorkshire and The Humber,E06000012,North East Lincolnshire,E06000012,North East Lincolnshire,E02002731,New Clee,-99,-99,-99,-99,-99,-99,-99,-99,-99,-99,-99,-99,-99,-99,-99,-99,-99,-99,-99,-99,-99,-99,-99,-99,-99,-99,-99,-99,-99,-99,-99,-99,-99,3,-99,-99,-99
E12000003,Yorkshire and The Humber,E06000012,North East Lincolnshire,E06000012,North East Lincolnshire,E02002732,"Laceby, Healing & Stallingborough",-99,-99,-99,-99,-99,-99,-99,-99,-99,-99,-99,-99,-99,-99,-99,-99,-99,-99,-99,-99,-99,-99,-99,-99,-99,-99,-99,-99,-99,-99,-99,-99,-99,-99,3,6,6
E12000003,Yorkshire and The Humber,E06000012,North East Lincolnshire,E06000012,North East Lincolnshire,E02002733,Littlefield North,-99,-99,-99,-99,-99,-99,-99,-99,-99,-99,-99,-99,-99,-99,-99,-99,-99,-99,-99,-99,-99,-99,-99,-99,-99,-99,-99,-99,-99,-99,-99,-99,-99,-99,-99,-99,-99
E12000003,Yorkshire and The Humber,E06000012,North East Lincolnshire,E06000012,North East Lincolnshire,E02002734,Yarborough,-99,-99,-99,-99,-99,-99,-99,-99,-99,-99,-99,-99,-99,-99,-99,-99,-99,-99,-99,-99,-99,-99,-99,-99,-99,-99,-99,-99,-99,-99,-99,-99,-99,-99,4,-99,-99
E12000003,Yorkshire and The Humber,E06000012,North East Lincolnshire,E06000012,North East Lincolnshire,E02002735,Cleethorpes North,-99,-99,-99,-99,-99,-99,-99,-99,-99,-99,-99,-99,-99,-99,-99,-99,-99,-99,-99,-99,-99,-99,-99,-99,-99,-99,-99,-99,-99,-99,-99,-99,-99,-99,3,7,7
E12000003,Yorkshire and The Humber,E06000012,North East Lincolnshire,E06000012,North East Lincolnshire,E02002736,Holme Hill,-99,-99,-99,-99,-99,-99,-99,-99,-99,-99,-99,-99,-99,-99,-99,-99,-99,-99,-99,-99,-99,-99,-99,-99,-99,-99,-99,-99,-99,-99,-99,-99,-99,-99,-99,-99,-99
E12000003,Yorkshire and The Humber,E06000012,North East Lincolnshire,E06000012,North East Lincolnshire,E02002737,Weelsby & Old Clee,-99,-99,-99,-99,-99,-99,-99,-99,-99,-99,-99,3,-99,-99,-99,-99,-99,-99,-99,-99,-99,-99,-99,-99,-99,-99,-99,-99,-99,-99,-99,-99,-99,-99,-99,3,3
E12000003,Yorkshire and The Humber,E06000012,North East Lincolnshire,E06000012,North East Lincolnshire,E02002738,Laceby Acres & Wybers Wood,-99,-99,-99,-99,-99,-99,-99,-99,-99,-99,3,-99,-99,-99,-99,-99,-99,-99,-99,3,-99,-99,-99,-99,-99,-99,-99,-99,-99,-99,-99,-99,-99,-99,-99,5,5
E12000003,Yorkshire and The Humber,E06000012,North East Lincolnshire,E06000012,North East Lincolnshire,E02002739,Cleethorpes Beacon Hill,-99,-99,-99,-99,-99,-99,-99,-99,-99,-99,-99,-99,-99,-99,-99,-99,-99,-99,-99,-99,-99,-99,-99,-99,-99,-99,-99,-99,-99,-99,-99,-99,-99,3,3,8,8
E12000003,Yorkshire and The Humber,E06000012,North East Lincolnshire,E06000012,North East Lincolnshire,E02002740,Littlefield South & Grange,-99,-99,-99,-99,-99,-99,-99,-99,-99,-99,-99,-99,-99,-99,-99,-99,-99,-99,-99,-99,-99,-99,-99,-99,-99,-99,-99,-99,-99,-99,-99,-99,-99,-99,-99,-99,-99
E12000003,Yorkshire and The Humber,E06000012,North East Lincolnshire,E06000012,North East Lincolnshire,E02002741,Wellow,-99,-99,-99,-99,-99,-99,-99,-99,-99,-99,-99,3,4,-99,-99,-99,-99,-99,-99,3,-99,-99,-99,-99,-99,-99,-99,-99,-99,-99,-99,-99,-99,-99,4,6,6
E12000003,Yorkshire and The Humber,E06000012,North East Lincolnshire,E06000012,North East Lincolnshire,E02002742,Cleethorpes Haverstoe,-99,-99,-99,-99,-99,-99,-99,-99,-99,-99,-99,-99,-99,-99,-99,-99,-99,-99,-99,-99,-99,-99,-99,-99,-99,-99,-99,-99,-99,-99,-99,-99,-99,-99,4,4,4
E12000003,Yorkshire and The Humber,E06000012,North East Lincolnshire,E06000012,North East Lincolnshire,E02002743,Cleethorpes West,-99,-99,-99,-99,-99,-99,-99,-99,-99,-99,-99,-99,-99,-99,-99,-99,-99,-99,-99,-99,-99,-99,-99,-99,-99,-99,-99,-99,-99,-99,-99,-99,-99,-99,-99,9,9
E12000003,Yorkshire and The Humber,E06000012,North East Lincolnshire,E06000012,North East Lincolnshire,E02002744,Nunsthorpe,-99,-99,-99,-99,-99,-99,-99,-99,-99,-99,-99,-99,-99,-99,-99,-99,-99,-99,-99,-99,-99,-99,-99,-99,-99,-99,-99,-99,-99,-99,-99,-99,-99,-99,-99,4,4
E12000003,Yorkshire and The Humber,E06000012,North East Lincolnshire,E06000012,North East Lincolnshire,E02002745,Humberston,-99,-99,-99,-99,-99,-99,-99,-99,3,-99,-99,-99,7,-99,-99,-99,-99,-99,-99,-99,-99,-99,-99,-99,-99,-99,-99,-99,-99,-99,-99,-99,-99,-99,5,3,3
E12000003,Yorkshire and The Humber,E06000012,North East Lincolnshire,E06000012,North East Lincolnshire,E02002746,Scartho,-99,-99,-99,-99,-99,-99,-99,-99,-99,3,-99,-99,3,-99,-99,-99,-99,-99,-99,-99,-99,-99,-99,-99,-99,-99,-99,-99,-99,-99,-99,-99,-99,-99,5,10,10
E12000003,Yorkshire and The Humber,E06000012,North East Lincolnshire,E06000012,North East Lincolnshire,E02002747,New Waltham,-99,-99,-99,-99,-99,-99,-99,-99,-99,-99,-99,-99,-99,-99,-99,-99,-99,-99,-99,-99,-99,-99,-99,-99,-99,-99,-99,-99,-99,-99,-99,-99,-99,4,-99,12,12
E12000003,Yorkshire and The Humber,E06000012,North East Lincolnshire,E06000012,North East Lincolnshire,E02002748,Waltham & East Ravendale,-99,-99,-99,-99,-99,-99,-99,-99,-99,3,3,-99,-99,-99,-99,-99,-99,-99,-99,-99,-99,-99,-99,-99,-99,-99,-99,-99,-99,-99,-99,-99,4,-99,8,14,14
E12000003,Yorkshire and The Humber,E06000013,North Lincolnshire,E06000013,North Lincolnshire,E02002749,Barton upon Humber,-99,-99,-99,-99,-99,-99,-99,-99,-99,-99,-99,4,5,9,-99,4,4,-99,-99,-99,-99,-99,-99,-99,-99,-99,-99,-99,-99,-99,-99,-99,-99,-99,-99,-99,-99
E12000003,Yorkshire and The Humber,E06000013,North Lincolnshire,E06000013,North Lincolnshire,E02002750,"Goxhill, Barrow & New Holland",-99,-99,-99,-99,-99,-99,-99,-99,-99,-99,-99,-99,-99,-99,-99,-99,3,-99,-99,-99,-99,-99,-99,-99,-99,-99,-99,-99,-99,-99,-99,-99,-99,-99,-99,5,5
E12000003,Yorkshire and The Humber,E06000013,North Lincolnshire,E06000013,North Lincolnshire,E02002751,Winterton & Winteringham,-99,-99,-99,-99,-99,-99,-99,-99,-99,-99,3,5,7,5,-99,3,-99,-99,-99,-99,-99,-99,-99,-99,-99,-99,-99,-99,-99,-99,-99,-99,-99,-99,-99,7,7
E12000003,Yorkshire and The Humber,E06000013,North Lincolnshire,E06000013,North Lincolnshire,E02002752,"Barnetby, Ulceby & Killingholme",-99,-99,-99,-99,-99,-99,-99,-99,-99,-99,-99,-99,3,-99,-99,-99,-99,-99,-99,-99,-99,-99,-99,-99,-99,-99,-99,-99,-99,-99,-99,-99,-99,-99,4,4,4
E12000003,Yorkshire and The Humber,E06000013,North Lincolnshire,E06000013,North Lincolnshire,E02002753,"Burton upon Stather, Alkborough & Gunness",-99,-99,-99,-99,-99,-99,-99,-99,-99,-99,3,3,3,8,5,18,6,-99,-99,-99,-99,-99,-99,-99,-99,-99,-99,-99,-99,-99,-99,-99,3,-99,5,9,9
E12000003,Yorkshire and The Humber,E06000013,North Lincolnshire,E06000013,North Lincolnshire,E02002754,Crowle & Keadby,-99,-99,-99,-99,-99,-99,-99,-99,-99,-99,4,3,-99,9,-99,-99,-99,3,-99,-99,-99,-99,-99,-99,-99,-99,-99,-99,-99,-99,-99,-99,4,-99,-99,9,9
E12000003,Yorkshire and The Humber,E06000013,North Lincolnshire,E06000013,North Lincolnshire,E02002755,Scunthorpe North,-99,-99,-99,-99,-99,-99,-99,-99,-99,5,9,6,17,14,3,10,-99,3,3,-99,-99,4,-99,-99,-99,-99,-99,-99,-99,-99,-99,-99,3,-99,5,10,10
E12000003,Yorkshire and The Humber,E06000013,North Lincolnshire,E06000013,North Lincolnshire,E02002756,Scunthorpe Central & Crosby,-99,-99,-99,-99,-99,-99,-99,-99,-99,-99,-99,3,7,4,6,8,8,3,-99,-99,-99,-99,-99,-99,-99,-99,-99,-99,3,-99,-99,-99,6,7,13,7,7
E12000003,Yorkshire and The Humber,E06000013,North Lincolnshire,E06000013,North Lincolnshire,E02002757,Scunthorpe Berkeley,-99,-99,-99,-99,-99,-99,-99,-99,-99,3,-99,4,13,7,4,13,-99,-99,-99,-99,-99,-99,-99,-99,-99,-99,-99,-99,-99,-99,-99,3,6,-99,3,8,8
E12000003,Yorkshire and The Humber,E06000013,North Lincolnshire,E06000013,North Lincolnshire,E02002758,Scunthorpe Frodingham,-99,-99,-99,-99,-99,-99,-99,-99,-99,-99,-99,5,-99,3,-99,-99,-99,-99,-99,-99,-99,-99,-99,-99,-99,-99,-99,-99,-99,-99,-99,-99,-99,4,4,3,3
E12000003,Yorkshire and The Humber,E06000013,North Lincolnshire,E06000013,North Lincolnshire,E02002759,Brigg & South Ferriby,-99,-99,-99,-99,-99,-99,-99,-99,-99,-99,4,3,3,5,4,3,-99,-99,-99,-99,-99,-99,-99,-99,-99,-99,-99,-99,-99,-99,-99,-99,3,-99,-99,5,5
E12000003,Yorkshire and The Humber,E06000013,North Lincolnshire,E06000013,North Lincolnshire,E02002760,Scunthorpe Central Park,-99,-99,-99,-99,-99,-99,-99,-99,3,-99,7,7,6,6,-99,-99,-99,-99,-99,-99,-99,-99,-99,-99,-99,-99,-99,-99,-99,-99,-99,-99,3,6,3,6,6
E12000003,Yorkshire and The Humber,E06000013,North Lincolnshire,E06000013,North Lincolnshire,E02002761,Broughton & Appleby,-99,-99,-99,-99,-99,-99,-99,-99,-99,-99,-99,6,3,5,-99,-99,-99,-99,-99,-99,-99,-99,-99,-99,-99,-99,-99,-99,-99,-99,-99,5,-99,-99,-99,6,6
E12000003,Yorkshire and The Humber,E06000013,North Lincolnshire,E06000013,North Lincolnshire,E02002762,Scunthorpe Lincoln Gardens,-99,-99,-99,-99,-99,-99,-99,-99,-99,-99,3,3,6,-99,5,-99,-99,-99,-99,-99,-99,-99,-99,-99,-99,-99,-99,-99,-99,-99,-99,-99,-99,-99,3,12,12
E12000003,Yorkshire and The Humber,E06000013,North Lincolnshire,E06000013,North Lincolnshire,E02002763,Scunthorpe Lakeside,-99,-99,-99,-99,-99,-99,-99,-99,-99,5,3,3,6,6,-99,-99,-99,-99,-99,-99,-99,-99,-99,-99,-99,-99,-99,-99,-99,-99,-99,-99,-99,3,6,8,8
E12000003,Yorkshire and The Humber,E06000013,North Lincolnshire,E06000013,North Lincolnshire,E02002764,Scunthorpe Westcliff,-99,-99,-99,-99,-99,-99,-99,-99,-99,-99,-99,5,3,5,-99,-99,-99,-99,-99,-99,-99,-99,-99,-99,-99,-99,-99,-99,-99,-99,-99,-99,-99,-99,-99,-99,-99
E12000003,Yorkshire and The Humber,E06000013,North Lincolnshire,E06000013,North Lincolnshire,E02002765,Scunthorpe Ashby,-99,-99,-99,-99,-99,-99,-99,-99,-99,4,6,7,10,6,6,-99,-99,4,-99,-99,-99,-99,-99,-99,-99,-99,-99,-99,-99,-99,-99,-99,-99,5,3,7,7
E12000003,Yorkshire and The Humber,E06000013,North Lincolnshire,E06000013,North Lincolnshire,E02002766,Scunthorpe Bottesford,-99,-99,-99,-99,-99,-99,-99,-99,3,-99,5,8,14,11,5,4,-99,-99,-99,-99,-99,-99,-99,-99,-99,-99,-99,-99,-99,-99,-99,-99,-99,3,7,8,8
E12000003,Yorkshire and The Humber,E06000013,North Lincolnshire,E06000013,North Lincolnshire,E02002767,Scunthorpe Yaddlethorpe,-99,-99,-99,-99,-99,-99,-99,-99,-99,-99,3,7,3,6,3,3,-99,-99,-99,-99,-99,-99,-99,-99,-99,-99,-99,-99,-99,-99,3,-99,5,4,-99,8,8
E12000003,Yorkshire and The Humber,E06000013,North Lincolnshire,E06000013,North Lincolnshire,E02002768,Epworth & Bracon,-99,-99,-99,-99,-99,-99,-99,-99,-99,-99,-99,-99,-99,-99,3,4,3,3,-99,-99,-99,-99,-99,-99,-99,-99,-99,-99,-99,-99,-99,-99,3,-99,-99,9,9
E12000003,Yorkshire and The Humber,E06000013,North Lincolnshire,E06000013,North Lincolnshire,E02002769,Messingham & Scawby,-99,-99,-99,-99,-99,-99,-99,-99,-99,3,4,3,4,-99,-99,-99,-99,-99,-99,-99,-99,-99,-99,-99,-99,-99,-99,-99,-99,-99,4,3,-99,5,3,4,4
E12000003,Yorkshire and The Humber,E06000013,North Lincolnshire,E06000013,North Lincolnshire,E02002770,Kirkton & Hibaldstow,-99,-99,-99,-99,-99,-99,-99,-99,-99,-99,-99,-99,-99,5,-99,-99,-99,-99,-99,-99,-99,-99,-99,-99,-99,-99,-99,-99,-99,-99,-99,-99,-99,3,-99,6,6
E12000003,Yorkshire and The Humber,E06000013,North Lincolnshire,E06000013,North Lincolnshire,E02002771,"Westwoodside, Haxley & Owston Ferry",-99,-99,-99,-99,-99,-99,-99,-99,-99,-99,-99,-99,4,5,-99,-99,-99,-99,-99,-99,-99,-99,-99,-99,-99,-99,-99,-99,-99,-99,-99,-99,-99,-99,6,7,7
E12000003,Yorkshire and The Humber,E06000014,York,E06000014,York,E02002772,Strensall,-99,-99,-99,-99,-99,-99,-99,-99,-99,-99,5,-99,3,6,5,-99,-99,-99,-99,-99,-99,-99,-99,-99,-99,-99,-99,-99,-99,-99,-99,4,-99,7,4,4,4
E12000003,Yorkshire and The Humber,E06000014,York,E06000014,York,E02002773,Haxby,-99,-99,-99,-99,-99,-99,-99,-99,-99,-99,-99,3,6,6,8,3,-99,-99,-99,-99,-99,-99,-99,-99,-99,-99,-99,-99,-99,-99,-99,-99,6,-99,5,12,12
E12000003,Yorkshire and The Humber,E06000014,York,E06000014,York,E02002774,Wigginton,-99,-99,-99,-99,-99,-99,-99,-99,-99,4,-99,-99,5,-99,-99,-99,-99,-99,-99,-99,-99,-99,-99,-99,-99,-99,-99,-99,-99,-99,-99,-99,3,3,3,9,9
E12000003,Yorkshire and The Humber,E06000014,York,E06000014,York,E02002775,New Earswick,-99,-99,-99,-99,-99,-99,-99,-99,-99,-99,-99,-99,7,8,-99,3,-99,4,-99,-99,-99,-99,-99,-99,-99,-99,-99,-99,-99,-99,-99,-99,3,4,8,8,8
E12000003,Yorkshire and The Humber,E06000014,York,E06000014,York,E02002776,Huntington,-99,-99,-99,-99,-99,-99,-99,-99,3,-99,-99,3,-99,6,4,3,-99,-99,-99,-99,-99,-99,-99,-99,-99,-99,-99,-99,-99,-99,-99,-99,3,5,4,4,4
E12000003,Yorkshire and The Humber,E06000014,York,E06000014,York,E02002777,Clifton Without & Skelton,-99,-99,-99,-99,-99,-99,-99,-99,-99,-99,3,-99,12,11,8,8,3,-99,-99,-99,-99,-99,-99,-99,-99,-99,-99,-99,-99,-99,-99,3,3,6,13,20,20
E12000003,Yorkshire and The Humber,E06000014,York,E06000014,York,E02002778,Rawcliffe & Clifton South,-99,-99,-99,-99,-99,-99,-99,-99,-99,3,-99,6,4,17,16,-99,3,-99,-99,-99,-99,-99,-99,-99,-99,3,-99,-99,-99,-99,-99,-99,-99,6,4,17,17
E12000003,Yorkshire and The Humber,E06000014,York,E06000014,York,E02002779,Heworth North & Stockton,-99,-99,-99,-99,-99,-99,-99,-99,-99,-99,-99,4,4,8,7,6,-99,-99,-99,-99,-99,-99,-99,-99,-99,-99,-99,-99,-99,-99,-99,-99,6,4,13,13,13
E12000003,Yorkshire and The Humber,E06000014,York,E06000014,York,E02002780,Clifton North,-99,-99,-99,-99,-99,-99,-99,-99,-99,5,3,3,7,15,13,12,3,-99,-99,-99,-99,-99,-99,-99,-99,3,-99,-99,-99,-99,-99,-99,4,-99,7,16,16
E12000003,Yorkshire and The Humber,E06000014,York,E06000014,York,E02002781,Heworth South & The Groves,-99,-99,-99,-99,-99,-99,-99,-99,-99,-99,4,3,7,4,6,12,-99,-99,3,-99,-99,-99,-99,-99,-99,-99,-99,-99,-99,-99,-99,-99,-99,4,9,29,29
E12000003,Yorkshire and The Humber,E06000014,York,E06000014,York,E02002782,"Poppleton, Rufforth & Askham",-99,-99,-99,-99,-99,-99,-99,-99,-99,-99,-99,-99,4,-99,9,-99,-99,-99,-99,-99,-99,-99,-99,-99,-99,-99,-99,-99,-99,-99,-99,-99,-99,-99,9,17,17
E12000003,Yorkshire and The Humber,E06000014,York,E06000014,York,E02002783,Acomb,-99,-99,-99,-99,-99,-99,-99,-99,-99,-99,3,5,6,5,6,3,3,-99,-99,3,-99,-99,-99,-99,-99,-99,-99,-99,-99,-99,-99,-99,3,-99,-99,14,14
E12000003,Yorkshire and The Humber,E06000014,York,E06000014,York,E02002784,York City Centre,-99,-99,-99,-99,-99,-99,-99,-99,-99,-99,-99,8,-99,-99,3,-99,3,-99,-99,-99,-99,-99,-99,-99,-99,-99,-99,-99,-99,-99,-99,-99,6,4,6,32,32
E12000003,Yorkshire and The Humber,E06000014,York,E06000014,York,E02002785,Osbaldwick,-99,-99,-99,-99,-99,-99,-99,-99,-99,-99,3,3,6,9,11,12,-99,-99,-99,-99,-99,-99,-99,-99,-99,-99,-99,-99,-99,-99,-99,-99,-99,3,10,14,14
E12000003,Yorkshire and The Humber,E06000014,York,E06000014,York,E02002786,Tang Hall,-99,-99,-99,-99,-99,-99,-99,-99,-99,3,6,-99,5,9,7,5,-99,-99,-99,-99,3,-99,-99,-99,-99,-99,-99,-99,-99,-99,-99,-99,8,4,4,29,29
E12000003,Yorkshire and The Humber,E06000014,York,E06000014,York,E02002787,Holgate West,-99,-99,-99,-99,-99,-99,-99,-99,-99,-99,-99,-99,11,9,5,-99,-99,-99,-99,-99,-99,-99,-99,-99,-99,-99,-99,-99,-99,-99,-99,-99,4,-99,6,10,10
E12000003,Yorkshire and The Humber,E06000014,York,E06000014,York,E02002788,Holgate East,-99,-99,-99,-99,-99,-99,-99,-99,-99,3,-99,-99,8,-99,7,-99,-99,-99,-99,-99,-99,-99,-99,-99,-99,-99,-99,-99,-99,-99,-99,-99,-99,10,4,24,24
E12000003,Yorkshire and The Humber,E06000014,York,E06000014,York,E02002789,"Westfield, Chapelfields & Foxwood",-99,-99,-99,-99,-99,-99,-99,-99,-99,-99,4,-99,9,15,11,4,-99,-99,-99,-99,-99,-99,-99,-99,-99,-99,-99,-99,-99,-99,-99,-99,4,4,8,14,14
E12000003,Yorkshire and The Humber,E06000014,York,E06000014,York,E02002790,Fulford Road & Clementhorpe,-99,-99,-99,-99,-99,-99,-99,-99,-99,-99,-99,4,8,16,-99,3,-99,-99,-99,-99,-99,-99,-99,-99,-99,-99,-99,-99,-99,-99,-99,-99,-99,5,5,19,19
E12000003,Yorkshire and The Humber,E06000014,York,E06000014,York,E02002791,"Dunnington, Elvington & Wheldrake",-99,-99,-99,-99,-99,-99,-99,-99,-99,-99,-99,-99,4,-99,-99,-99,-99,7,-99,-99,4,-99,-99,-99,-99,-99,-99,-99,-99,-99,-99,-99,-99,3,7,6,6
E12000003,Yorkshire and The Humber,E06000014,York,E06000014,York,E02002792,South Bank & Dringhouses,-99,-99,-99,-99,-99,-99,-99,-99,-99,-99,-99,-99,-99,5,-99,-99,6,3,4,3,-99,-99,-99,-99,-99,-99,-99,-99,-99,-99,-99,-99,5,4,-99,21,21
E12000003,Yorkshire and The Humber,E06000014,York,E06000014,York,E02002793,Woodthorpe & Acomb Park,-99,-99,-99,-99,-99,-99,-99,-99,3,5,4,4,7,13,-99,7,3,-99,-99,-99,-99,-99,-99,-99,-99,-99,-99,-99,3,-99,4,-99,-99,4,-99,13,13
E12000003,Yorkshire and The Humber,E06000014,York,E06000014,York,E02002794,"Fulford, Heslington & University",-99,-99,-99,-99,-99,-99,-99,-99,-99,-99,3,-99,7,11,8,3,5,-99,-99,-99,-99,-99,-99,-99,-99,-99,-99,-99,-99,-99,-99,4,-99,-99,9,54,54
E12000003,Yorkshire and The Humber,E06000014,York,E06000014,York,E02002795,Bishopthorpe & Copmanthorpe,-99,-99,-99,-99,-99,-99,-99,-99,-99,6,4,-99,3,6,-99,-99,-99,-99,-99,-99,-99,-99,-99,-99,-99,-99,-99,-99,-99,-99,-99,-99,3,5,10,6,6
E12000004,East Midlands,E06000015,Derby,E06000015,Derby,E02002796,Allestree North,-99,-99,-99,-99,-99,-99,-99,-99,-99,-99,-99,-99,-99,-99,-99,-99,-99,-99,-99,-99,-99,-99,-99,-99,-99,-99,-99,-99,-99,-99,-99,-99,-99,-99,4,-99,-99
E12000004,East Midlands,E06000015,Derby,E06000015,Derby,E02002797,Allestree South,-99,-99,-99,-99,-99,-99,-99,-99,3,-99,-99,-99,-99,-99,3,-99,-99,-99,3,-99,-99,-99,-99,-99,-99,-99,-99,-99,-99,4,-99,-99,-99,-99,4,-99,-99
E12000004,East Midlands,E06000015,Derby,E06000015,Derby,E02002798,Oakwood,-99,-99,-99,-99,-99,-99,-99,-99,-99,4,4,3,5,-99,-99,4,-99,-99,-99,-99,-99,-99,-99,-99,-99,-99,-99,-99,-99,-99,-99,-99,4,8,3,11,11
E12000004,East Midlands,E06000015,Derby,E06000015,Derby,E02002799,Breadsall Hilltop,-99,-99,-99,-99,-99,-99,-99,-99,-99,-99,-99,3,3,-99,4,6,6,4,-99,-99,3,3,-99,-99,-99,-99,-99,-99,-99,-99,-99,3,3,3,-99,5,5
E12000004,East Midlands,E06000015,Derby,E06000015,Derby,E02002800,Darley Abbey,-99,-99,-99,-99,-99,-99,-99,-99,4,5,3,-99,4,4,4,-99,-99,-99,-99,-99,-99,-99,-99,-99,-99,-99,-99,-99,-99,-99,-99,-99,5,-99,5,6,6
E12000004,East Midlands,E06000015,Derby,E06000015,Derby,E02002801,Chaddesden North,-99,-99,-99,-99,-99,-99,-99,-99,-99,4,3,3,-99,-99,-99,-99,3,-99,-99,-99,-99,-99,-99,-99,-99,-99,-99,-99,-99,-99,-99,-99,-99,4,-99,7,7
E12000004,East Midlands,E06000015,Derby,E06000015,Derby,E02002802,Chaddesden West,-99,-99,-99,-99,-99,-99,-99,-99,-99,6,3,4,-99,4,-99,3,-99,-99,-99,-99,-99,-99,-99,-99,-99,-99,-99,-99,-99,-99,-99,-99,-99,-99,-99,5,5
E12000004,East Midlands,E06000015,Derby,E06000015,Derby,E02002803,Little Chester,-99,-99,-99,-99,-99,-99,-99,-99,-99,-99,-99,-99,-99,3,-99,-99,5,-99,-99,-99,-99,-99,-99,-99,-99,-99,-99,-99,-99,-99,-99,4,3,4,5,9,9
E12000004,East Midlands,E06000015,Derby,E06000015,Derby,E02002804,Mackworth,-99,-99,-99,-99,-99,-99,-99,-99,-99,3,-99,-99,4,4,4,-99,-99,-99,-99,-99,-99,-99,-99,-99,-99,-99,-99,-99,-99,-99,-99,-99,-99,-99,9,-99,-99
E12000004,East Midlands,E06000015,Derby,E06000015,Derby,E02002805,Spondon North,-99,-99,-99,-99,-99,-99,-99,-99,-99,-99,-99,-99,3,-99,-99,-99,-99,-99,-99,-99,-99,-99,-99,-99,-99,-99,-99,-99,-99,-99,-99,-99,-99,-99,-99,-99,-99
E12000004,East Midlands,E06000015,Derby,E06000015,Derby,E02002806,New Zealand,-99,-99,-99,-99,-99,-99,-99,-99,-99,-99,-99,3,3,-99,6,-99,4,-99,-99,-99,-99,-99,-99,-99,-99,-99,-99,-99,-99,-99,-99,-99,-99,-99,-99,4,4
E12000004,East Midlands,E06000015,Derby,E06000015,Derby,E02002807,Chaddesden Park,-99,-99,-99,-99,-99,-99,-99,-99,-99,5,-99,3,-99,-99,3,-99,3,-99,-99,-99,-99,-99,-99,-99,-99,-99,-99,-99,-99,-99,-99,-99,-99,-99,-99,6,6
E12000004,East Midlands,E06000015,Derby,E06000015,Derby,E02002808,Cathedral Quarter & California,-99,-99,-99,-99,-99,-99,-99,-99,5,3,-99,4,7,5,8,-99,-99,-99,-99,3,3,-99,-99,-99,5,-99,-99,-99,-99,-99,-99,-99,-99,6,4,4,4
E12000004,East Midlands,E06000015,Derby,E06000015,Derby,E02002809,Spondon South,-99,-99,-99,-99,-99,-99,-99,-99,-99,-99,10,-99,4,5,7,5,3,3,-99,-99,-99,-99,-99,-99,-99,-99,-99,-99,-99,-99,-99,-99,-99,-99,3,8,8
E12000004,East Midlands,E06000015,Derby,E06000015,Derby,E02002810,Mickleover North,-99,-99,-99,-99,-99,-99,-99,-99,4,8,-99,-99,-99,-99,3,-99,-99,-99,-99,-99,-99,-99,-99,-99,-99,-99,-99,-99,-99,-99,-99,5,-99,-99,3,11,11
E12000004,East Midlands,E06000015,Derby,E06000015,Derby,E02002811,New Normanton,-99,-99,-99,-99,-99,-99,-99,4,5,5,3,5,6,4,3,3,6,7,4,13,4,-99,-99,-99,-99,-99,4,5,-99,3,-99,-99,-99,-99,4,4,4
E12000004,East Midlands,E06000015,Derby,E06000015,Derby,E02002812,Littleover East,-99,-99,-99,-99,-99,-99,-99,4,9,14,-99,-99,11,-99,8,4,4,7,-99,-99,-99,-99,-99,-99,-99,-99,-99,-99,-99,3,-99,-99,-99,3,5,9,9
E12000004,East Midlands,E06000015,Derby,E06000015,Derby,E02002813,Rose Hill & Castleward,-99,-99,-99,-99,-99,-99,-99,6,12,10,8,3,5,-99,-99,-99,3,9,4,8,5,5,4,3,-99,3,-99,-99,5,-99,-99,-99,3,-99,4,-99,-99
E12000004,East Midlands,E06000015,Derby,E06000015,Derby,E02002814,Mickleover South,-99,-99,-99,-99,-99,-99,-99,-99,7,4,-99,-99,-99,3,-99,-99,6,-99,-99,-99,-99,-99,-99,-99,-99,-99,-99,-99,-99,-99,-99,-99,-99,-99,-99,10,10
E12000004,East Midlands,E06000015,Derby,E06000015,Derby,E02002815,Normanton North & Peartree,-99,-99,-99,-99,-99,-99,-99,-99,3,3,5,-99,-99,3,-99,-99,-99,-99,-99,6,8,8,-99,-99,3,-99,-99,-99,-99,-99,-99,-99,-99,3,3,8,8
E12000004,East Midlands,E06000015,Derby,E06000015,Derby,E02002816,Littleover West & Heatherton,-99,-99,-99,-99,-99,-99,-99,-99,-99,7,-99,3,7,10,-99,-99,-99,5,3,-99,-99,-99,-99,-99,-99,-99,-99,-99,-99,-99,-99,-99,7,5,9,11,11
E12000004,East Midlands,E06000015,Derby,E06000015,Derby,E02002817,Normanton West,-99,-99,-99,-99,-99,-99,-99,3,5,7,-99,-99,5,-99,-99,3,-99,5,3,-99,-99,-99,-99,-99,-99,-99,-99,-99,-99,-99,-99,-99,-99,-99,-99,4,4
E12000004,East Midlands,E06000015,Derby,E06000015,Derby,E02002818,Normanton South,-99,-99,-99,-99,-99,-99,-99,-99,7,4,4,4,3,-99,-99,3,4,3,6,-99,-99,-99,3,4,-99,-99,-99,-99,-99,-99,-99,4,9,-99,3,3,3
E12000004,East Midlands,E06000015,Derby,E06000015,Derby,E02002819,Wilmorton & Alvaston Village,-99,-99,-99,-99,-99,-99,-99,-99,5,4,3,3,-99,4,-99,-99,-99,-99,4,11,8,6,-99,-99,-99,-99,-99,-99,-99,-99,-99,-99,-99,-99,-99,-99,-99
E12000004,East Midlands,E06000015,Derby,E06000015,Derby,E02002820,Alvaston & Crewton,-99,-99,-99,-99,-99,-99,-99,-99,-99,4,4,-99,8,5,3,6,-99,3,-99,-99,-99,-99,-99,-99,-99,-99,-99,-99,-99,-99,-99,5,-99,-99,3,4,4
E12000004,East Midlands,E06000015,Derby,E06000015,Derby,E02002821,Allenton & Osmaston,-99,-99,-99,-99,-99,-99,-99,-99,4,5,3,6,15,13,8,4,-99,-99,10,-99,3,-99,-99,3,-99,-99,-99,-99,-99,-99,-99,3,8,11,7,5,5
E12000004,East Midlands,E06000015,Derby,E06000015,Derby,E02002822,Sunny Hill,-99,-99,-99,-99,-99,-99,-99,3,6,4,-99,3,4,3,3,-99,-99,4,-99,-99,-99,-99,-99,-99,-99,-99,-99,-99,-99,-99,-99,-99,3,-99,8,9,9
E12000004,East Midlands,E06000015,Derby,E06000015,Derby,E02002823,Boulton,-99,-99,-99,-99,-99,-99,-99,-99,3,5,-99,-99,-99,6,4,3,-99,-99,-99,-99,3,-99,-99,-99,-99,-99,-99,-99,-99,-99,-99,-99,-99,-99,3,10,10
E12000004,East Midlands,E06000015,Derby,E06000015,Derby,E02002824,Sinfin,-99,-99,-99,-99,-99,-99,-99,-99,-99,-99,-99,-99,3,-99,8,12,8,-99,11,-99,5,3,3,3,-99,-99,-99,3,-99,-99,-99,-99,-99,9,7,17,17
E12000004,East Midlands,E06000015,Derby,E06000015,Derby,E02002825,Chellsaton West & Shelton Lock,-99,-99,-99,-99,-99,-99,-99,3,3,9,6,4,-99,4,5,9,7,-99,3,-99,-99,-99,-99,-99,-99,-99,-99,-99,3,-99,-99,3,6,7,-99,11,11
E12000004,East Midlands,E06000015,Derby,E06000015,Derby,E02002826,Chellaston East,-99,-99,-99,-99,-99,-99,-99,-99,-99,-99,3,-99,-99,-99,-99,-99,-99,-99,-99,-99,-99,-99,-99,-99,-99,-99,-99,-99,-99,-99,-99,-99,4,7,3,6,6
E12000004,East Midlands,E06000016,Leicester,E06000016,Leicester,E02002827,Beamont Park,-99,-99,-99,-99,-99,-99,-99,-99,-99,-99,-99,-99,4,-99,5,-99,4,-99,3,5,6,4,6,5,-99,6,3,-99,-99,-99,-99,-99,3,3,-99,3,3
E12000004,East Midlands,E06000016,Leicester,E06000016,Leicester,E02002828,Rushey Mead North,-99,-99,-99,-99,-99,-99,-99,3,-99,-99,-99,-99,3,-99,10,6,8,-99,8,19,8,4,8,6,3,7,7,7,4,5,-99,3,10,17,11,15,15
E12000004,East Midlands,E06000016,Leicester,E06000016,Leicester,E02002829,Stocking Farm & Mowmacre,-99,-99,-99,-99,-99,-99,-99,-99,3,-99,4,-99,3,6,3,11,6,-99,7,18,18,10,12,10,11,8,14,6,-99,-99,-99,6,11,4,8,8,8
E12000004,East Midlands,E06000016,Leicester,E06000016,Leicester,E02002830,Bradgate Heights & Beaumont Leys,-99,-99,-99,-99,-99,-99,-99,-99,8,3,6,5,13,9,7,10,4,3,3,7,9,-99,10,7,7,-99,3,3,-99,-99,-99,-99,5,8,-99,4,4
E12000004,East Midlands,E06000016,Leicester,E06000016,Leicester,E02002831,Rushey Mead South,-99,-99,-99,-99,-99,-99,-99,-99,-99,10,5,4,5,-99,4,6,7,9,8,8,7,14,11,7,7,3,12,4,4,4,-99,3,11,11,17,16,16
E12000004,East Midlands,E06000016,Leicester,E06000016,Leicester,E02002832,Belgrave North West,-99,-99,-99,-99,-99,-99,-99,-99,-99,3,7,5,-99,4,10,10,13,10,9,11,22,18,25,29,19,20,27,31,17,5,5,3,7,13,10,13,13
E12000004,East Midlands,E06000016,Leicester,E06000016,Leicester,E02002833,Belgrave North East,-99,-99,-99,-99,-99,-99,-99,-99,-99,7,9,4,6,5,14,10,8,11,12,7,22,21,30,8,21,7,10,16,19,7,6,16,13,15,12,19,19
E12000004,East Midlands,E06000016,Leicester,E06000016,Leicester,E02002834,Abbey Park,-99,-99,-99,-99,-99,-99,-99,-99,4,5,-99,-99,3,10,9,14,17,7,-99,6,8,10,5,14,6,7,6,4,-99,4,-99,7,5,10,14,11,11
E12000004,East Midlands,E06000016,Leicester,E06000016,Leicester,E02002835,Hamilton & Humberstone,-99,-99,-99,-99,-99,-99,-99,-99,-99,5,8,-99,8,10,11,7,5,8,19,15,25,25,11,10,-99,5,3,8,7,14,5,9,26,24,14,18,18
E12000004,East Midlands,E06000016,Leicester,E06000016,Leicester,E02002836,Belgrave South,-99,-99,-99,-99,-99,-99,-99,-99,4,5,7,3,7,6,12,16,9,16,6,28,27,41,29,44,23,10,15,26,12,12,8,9,18,16,23,25,25
E12000004,East Midlands,E06000016,Leicester,E06000016,Leicester,E02002837,Northfields & Merrydale,-99,-99,-99,-99,-99,-99,-99,-99,-99,3,-99,-99,3,9,13,9,10,9,14,26,39,34,23,24,14,8,6,5,7,-99,3,5,4,13,20,15,15
E12000004,East Midlands,E06000016,Leicester,E06000016,Leicester,E02002838,New Parks & Stokeswood,-99,-99,-99,-99,-99,-99,-99,-99,5,8,-99,-99,5,-99,11,9,3,-99,3,3,6,8,7,-99,-99,-99,-99,4,-99,-99,-99,-99,4,6,7,-99,-99
E12000004,East Midlands,E06000016,Leicester,E06000016,Leicester,E02002839,Colchester Road,-99,-99,-99,-99,-99,-99,-99,-99,-99,-99,3,-99,3,6,9,11,14,6,16,26,23,6,5,5,5,-99,-99,4,5,3,-99,11,11,15,9,5,5
E12000004,East Midlands,E06000016,Leicester,E06000016,Leicester,E02002842,Newfoundpool,-99,-99,-99,-99,-99,-99,-99,-99,-99,-99,-99,-99,-99,4,7,4,4,-99,-99,-99,-99,3,5,-99,3,4,-99,3,3,-99,-99,-99,7,5,7,10,10
E12000004,East Midlands,E06000016,Leicester,E06000016,Leicester,E02002843,Spinney Hill Road,-99,-99,-99,-99,-99,-99,-99,-99,-99,7,9,4,5,3,5,12,11,14,18,48,52,60,76,52,26,18,8,33,15,24,6,6,9,31,16,18,18
E12000004,East Midlands,E06000016,Leicester,E06000016,Leicester,E02002844,St Matthews & Highfields North,-99,-99,-99,-99,-99,-99,-99,-99,6,10,6,-99,-99,3,11,6,9,6,12,18,18,42,33,14,18,3,11,14,8,14,6,8,13,12,8,14,14
E12000004,East Midlands,E06000016,Leicester,E06000016,Leicester,E02002845,North Evington & Rowlatts Hill,-99,-99,-99,-99,-99,-99,-99,-99,-99,8,5,-99,8,7,-99,6,-99,12,7,25,27,30,25,13,14,16,12,10,5,5,-99,6,11,10,10,11,11
E12000004,East Midlands,E06000016,Leicester,E06000016,Leicester,E02002846,Dane Hills & Western Park,-99,-99,-99,-99,-99,-99,-99,-99,-99,-99,4,-99,4,-99,5,10,4,-99,-99,-99,6,-99,-99,-99,-99,-99,-99,-99,-99,-99,-99,-99,5,3,7,7,7
E12000004,East Midlands,E06000016,Leicester,E06000016,Leicester,E02002847,Crown Hills,-99,-99,-99,-99,-99,-99,-99,-99,-99,8,-99,4,-99,-99,-99,10,7,15,22,35,32,48,30,17,4,15,10,9,10,14,-99,13,8,17,13,16,16
E12000004,East Midlands,E06000016,Leicester,E06000016,Leicester,E02002848,Highfields South,-99,-99,-99,-99,-99,-99,-99,3,-99,-99,4,-99,-99,5,-99,10,10,3,7,17,47,19,16,16,14,17,16,11,14,9,3,8,22,23,32,30,30
E12000004,East Midlands,E06000016,Leicester,E06000016,Leicester,E02002849,West End & Westcotes,-99,-99,-99,-99,-99,-99,-99,-99,-99,3,8,9,4,8,10,15,13,9,5,8,6,3,4,11,7,7,3,4,-99,-99,6,15,8,3,5,15,15
E12000004,East Midlands,E06000016,Leicester,E06000016,Leicester,E02002851,Evington,-99,-99,-99,-99,-99,-99,-99,-99,-99,-99,3,-99,5,3,-99,11,-99,-99,3,17,12,16,5,23,7,5,3,11,5,-99,4,14,6,18,13,13,13
E12000004,East Midlands,E06000016,Leicester,E06000016,Leicester,E02002852,Braunstone Park West,-99,-99,-99,-99,-99,-99,-99,-99,-99,-99,3,-99,-99,3,7,7,3,4,9,6,-99,4,-99,-99,-99,3,-99,-99,-99,-99,-99,-99,3,6,4,6,6
E12000004,East Midlands,E06000016,Leicester,E06000016,Leicester,E02002853,Stoneygate North,-99,-99,-99,-99,-99,-99,-99,-99,3,4,6,-99,-99,4,-99,8,6,8,11,14,22,13,29,19,23,7,4,-99,-99,-99,-99,18,20,35,26,28,28
E12000004,East Midlands,E06000016,Leicester,E06000016,Leicester,E02002854,Braunstone Park East,-99,-99,-99,-99,-99,-99,-99,-99,-99,-99,6,3,11,5,-99,-99,4,-99,8,12,4,7,-99,5,5,4,5,-99,3,-99,-99,5,8,3,11,7,7
E12000004,East Midlands,E06000016,Leicester,E06000016,Leicester,E02002855,Rowley Fields & Faircharm,-99,-99,-99,-99,-99,-99,-99,-99,-99,3,4,3,6,5,3,-99,4,6,3,4,3,5,7,4,-99,-99,-99,-99,-99,-99,6,9,4,13,3,-99,-99
E12000004,East Midlands,E06000016,Leicester,E06000016,Leicester,E02002856,Clarendon Park & Stoneygate South,-99,-99,-99,-99,-99,-99,-99,-99,-99,6,3,5,7,10,5,-99,3,3,3,3,4,6,-99,4,-99,3,-99,-99,-99,-99,-99,4,4,15,19,20,20
E12000004,East Midlands,E06000016,Leicester,E06000016,Leicester,E02002857,Aylestone North & Saffron Fields,-99,-99,-99,-99,-99,-99,-99,-99,-99,-99,-99,5,3,5,4,6,7,-99,-99,-99,4,-99,5,3,-99,-99,3,3,-99,3,-99,-99,-99,4,4,6,6
E12000004,East Midlands,E06000016,Leicester,E06000016,Leicester,E02002858,Knighton,-99,-99,-99,-99,-99,-99,-99,3,-99,5,8,4,3,-99,-99,-99,4,-99,-99,-99,5,5,4,5,4,3,-99,-99,5,5,-99,-99,-99,-99,6,9,9
E12000004,East Midlands,E06000016,Leicester,E06000016,Leicester,E02002860,Aylestone South,-99,-99,-99,-99,-99,-99,-99,-99,-99,3,4,13,6,16,5,14,8,5,3,6,-99,-99,4,-99,-99,5,-99,4,5,5,-99,5,8,-99,6,7,7
E12000004,East Midlands,E06000016,Leicester,E06000016,Leicester,E02002861,Saffron Lane,-99,-99,-99,-99,-99,-99,-99,-99,-99,-99,4,-99,-99,4,-99,6,4,-99,3,-99,7,-99,-99,5,-99,-99,3,-99,-99,-99,-99,-99,-99,9,6,7,7
E12000004,East Midlands,E06000016,Leicester,E06000016,Leicester,E02002862,Eyres Monsell,-99,-99,-99,-99,-99,-99,-99,-99,3,-99,4,3,4,4,3,5,3,4,-99,3,-99,-99,-99,-99,-99,4,-99,4,5,4,4,-99,9,-99,6,4,4
E12000004,East Midlands,E06000017,Rutland,E06000017,Rutland,E02002863,"Market Overton, Cottesmore & Empingham",-99,-99,-99,-99,-99,-99,-99,-99,-99,-99,-99,-99,-99,-99,-99,-99,-99,-99,4,-99,-99,-99,-99,-99,3,-99,-99,-99,-99,-99,3,-99,-99,-99,5,10,10
E12000004,East Midlands,E06000017,Rutland,E06000017,Rutland,E02002864,"Oakham West, Langham & Whissendine",-99,-99,-99,-99,-99,-99,-99,-99,-99,-99,-99,-99,-99,-99,5,-99,-99,-99,-99,-99,-99,-99,-99,-99,-99,-99,-99,-99,-99,-99,-99,-99,-99,-99,3,7,7
E12000004,East Midlands,E06000017,Rutland,E06000017,Rutland,E02002865,Oakham East,-99,-99,-99,-99,-99,-99,-99,-99,-99,-99,-99,-99,-99,5,3,5,3,-99,-99,-99,-99,-99,-99,-99,-99,-99,-99,-99,-99,-99,-99,-99,-99,-99,-99,3,3
E12000004,East Midlands,E06000017,Rutland,E06000017,Rutland,E02002866,"Ketton, Ryhall & Luffenham",-99,-99,-99,-99,-99,-99,-99,-99,-99,-99,-99,-99,-99,-99,3,10,-99,-99,-99,-99,-99,-99,-99,-99,-99,-99,-99,-99,-99,-99,-99,-99,3,-99,3,5,5
E12000004,East Midlands,E06000017,Rutland,E06000017,Rutland,E02002867,"Uppingham, Lyddington & Braunston",-99,-99,-99,-99,-99,-99,-99,-99,-99,-99,-99,-99,3,-99,-99,-99,-99,-99,-99,-99,-99,-99,-99,-99,-99,-99,-99,-99,-99,-99,-99,-99,-99,-99,6,9,9
E12000004,East Midlands,E06000018,Nottingham,E06000018,Nottingham,E02002868,Rise Park & Top Valley West,-99,-99,-99,-99,-99,-99,-99,-99,-99,-99,4,-99,-99,4,-99,-99,-99,-99,-99,-99,-99,-99,-99,-99,-99,-99,-99,-99,-99,-99,-99,-99,-99,-99,-99,5,5
E12000004,East Midlands,E06000018,Nottingham,E06000018,Nottingham,E02002869,Bulwell North,-99,-99,-99,-99,-99,-99,-99,-99,3,-99,-99,3,-99,-99,-99,-99,-99,-99,-99,3,-99,-99,-99,-99,-99,-99,-99,-99,-99,-99,-99,3,-99,-99,-99,-99,-99
E12000004,East Midlands,E06000018,Nottingham,E06000018,Nottingham,E02002871,Highbury Vale,-99,-99,-99,-99,-99,-99,-99,-99,-99,6,5,4,8,6,4,-99,-99,-99,-99,-99,-99,-99,-99,-99,-99,-99,-99,-99,-99,-99,-99,-99,-99,-99,-99,8,8
E12000004,East Midlands,E06000018,Nottingham,E06000018,Nottingham,E02002872,Bulwell West,-99,-99,-99,-99,-99,-99,-99,-99,3,4,-99,-99,6,5,3,-99,-99,-99,-99,-99,-99,-99,-99,-99,-99,-99,-99,-99,-99,-99,-99,3,-99,-99,-99,8,8
E12000004,East Midlands,E06000018,Nottingham,E06000018,Nottingham,E02002873,Bestwood,-99,-99,-99,-99,-99,-99,-99,-99,-99,3,6,3,5,-99,3,6,-99,-99,-99,-99,-99,-99,-99,-99,-99,-99,-99,-99,-99,-99,-99,-99,-99,9,6,15,15
E12000004,East Midlands,E06000018,Nottingham,E06000018,Nottingham,E02002874,North Sherwood,-99,-99,-99,-99,-99,-99,-99,-99,-99,4,4,4,-99,5,-99,-99,-99,-99,-99,-99,-99,3,-99,-99,-99,-99,-99,-99,-99,-99,-99,3,-99,5,-99,9,9
E12000004,East Midlands,E06000018,Nottingham,E06000018,Nottingham,E02002875,Basford Park Lane,-99,-99,-99,-99,-99,-99,-99,-99,5,4,6,4,6,4,-99,-99,-99,-99,-99,-99,3,-99,-99,-99,-99,-99,-99,-99,-99,-99,-99,-99,3,-99,4,9,9
E12000004,East Midlands,E06000018,Nottingham,E06000018,Nottingham,E02002876,Old Basford,-99,-99,-99,-99,-99,-99,-99,-99,-99,-99,3,3,6,6,-99,-99,-99,-99,-99,-99,-99,-99,-99,-99,-99,-99,-99,-99,-99,-99,-99,-99,-99,-99,5,11,11
E12000004,East Midlands,E06000018,Nottingham,E06000018,Nottingham,E02002877,Sherwood Vale,-99,-99,-99,-99,-99,-99,-99,3,-99,5,3,4,-99,4,-99,-99,-99,-99,-99,-99,-99,-99,-99,-99,-99,-99,-99,-99,-99,-99,-99,-99,-99,3,4,13,13
E12000004,East Midlands,E06000018,Nottingham,E06000018,Nottingham,E02002878,Broxtowe & Cinderhill,-99,-99,-99,-99,-99,-99,-99,-99,-99,-99,3,6,7,3,5,4,-99,-99,-99,5,-99,-99,-99,-99,4,-99,-99,-99,-99,-99,-99,-99,4,4,5,-99,-99
E12000004,East Midlands,E06000018,Nottingham,E06000018,Nottingham,E02002879,New Basford,-99,-99,-99,-99,-99,-99,-99,-99,3,-99,-99,-99,-99,4,-99,-99,7,4,-99,-99,-99,4,-99,-99,-99,-99,-99,-99,-99,3,-99,-99,-99,6,-99,6,6
E12000004,East Midlands,E06000018,Nottingham,E06000018,Nottingham,E02002880,Aspley,-99,-99,-99,-99,-99,-99,-99,-99,3,3,4,-99,6,5,-99,-99,-99,-99,-99,-99,-99,-99,-99,-99,-99,-99,-99,-99,-99,-99,-99,5,6,-99,6,9,9
E12000004,East Midlands,E06000018,Nottingham,E06000018,Nottingham,E02002881,Bilborough North,-99,-99,-99,-99,-99,-99,-99,3,-99,-99,6,7,5,7,4,-99,-99,-99,-99,3,-99,-99,-99,-99,-99,-99,-99,-99,-99,-99,-99,-99,-99,-99,6,-99,-99
E12000004,East Midlands,E06000018,Nottingham,E06000018,Nottingham,E02002882,Mapperley Park,-99,-99,-99,-99,-99,-99,-99,-99,3,-99,-99,6,4,4,10,4,-99,-99,-99,-99,-99,-99,-99,-99,-99,-99,-99,-99,-99,-99,-99,-99,5,3,5,23,23
E12000004,East Midlands,E06000018,Nottingham,E06000018,Nottingham,E02002883,Thorneywood,-99,-99,-99,-99,-99,-99,-99,-99,3,5,7,-99,-99,-99,-99,-99,-99,-99,-99,9,-99,-99,-99,-99,-99,-99,-99,-99,-99,-99,-99,5,-99,5,-99,7,7
E12000004,East Midlands,E06000018,Nottingham,E06000018,Nottingham,E02002884,Forest Fields,-99,-99,-99,-99,-99,-99,-99,-99,-99,-99,3,4,-99,5,-99,-99,7,-99,-99,-99,4,3,-99,-99,-99,-99,9,-99,-99,-99,-99,5,3,3,3,13,13
E12000004,East Midlands,E06000018,Nottingham,E06000018,Nottingham,E02002885,Hyson Green,-99,-99,-99,-99,-99,-99,-99,3,-99,4,3,-99,4,-99,-99,-99,-99,4,5,-99,-99,-99,-99,-99,-99,-99,-99,-99,-99,-99,-99,-99,3,-99,11,14,14
E12000004,East Midlands,E06000018,Nottingham,E06000018,Nottingham,E02002886,Bobbers Mill,-99,-99,-99,-99,-99,-99,-99,-99,4,4,3,3,4,3,-99,-99,-99,-99,9,3,-99,-99,-99,4,-99,-99,-99,-99,-99,5,-99,9,4,-99,3,43,43
E12000004,East Midlands,E06000018,Nottingham,E06000018,Nottingham,E02002887,Beechdale,-99,-99,-99,-99,-99,-99,-99,-99,-99,3,-99,5,17,15,3,-99,-99,5,-99,-99,-99,-99,3,-99,-99,-99,-99,-99,-99,-99,-99,-99,-99,3,6,6,6
E12000004,East Midlands,E06000018,Nottingham,E06000018,Nottingham,E02002888,St Ann's East,-99,-99,-99,-99,-99,-99,-99,-99,-99,-99,3,-99,-99,-99,5,-99,-99,-99,7,-99,-99,-99,-99,-99,-99,-99,-99,-99,-99,-99,3,-99,8,-99,-99,12,12
E12000004,East Midlands,E06000018,Nottingham,E06000018,Nottingham,E02002889,"Arboretum, Forest & Trent University",-99,-99,-99,-99,-99,-99,-99,-99,-99,4,3,-99,-99,-99,-99,-99,-99,-99,-99,-99,-99,-99,-99,-99,-99,-99,-99,-99,-99,-99,-99,3,8,6,23,223,223
E12000004,East Midlands,E06000018,Nottingham,E06000018,Nottingham,E02002890,St Ann's West,-99,-99,-99,-99,-99,-99,-99,-99,-99,5,10,4,5,3,-99,-99,-99,-99,-99,-99,-99,-99,-99,-99,-99,-99,-99,-99,-99,-99,-99,3,4,3,13,107,107
E12000004,East Midlands,E06000018,Nottingham,E06000018,Nottingham,E02002891,Bakersfield,-99,-99,-99,-99,-99,-99,-99,-99,3,-99,-99,4,3,-99,-99,3,-99,-99,-99,-99,-99,-99,-99,-99,-99,-99,-99,-99,-99,-99,-99,-99,3,3,3,8,8
E12000004,East Midlands,E06000018,Nottingham,E06000018,Nottingham,E02002892,Bilborough South,-99,-99,-99,-99,-99,-99,-99,-99,-99,-99,-99,-99,-99,-99,3,-99,-99,-99,-99,-99,-99,-99,-99,-99,-99,-99,-99,-99,-99,8,-99,-99,-99,-99,5,7,7
E12000004,East Midlands,E06000018,Nottingham,E06000018,Nottingham,E02002893,Radford,-99,-99,-99,-99,-99,-99,-99,-99,-99,4,-99,7,4,-99,-99,3,-99,3,7,3,-99,-99,-99,-99,-99,-99,3,-99,-99,-99,-99,5,7,-99,30,152,152
E12000004,East Midlands,E06000018,Nottingham,E06000018,Nottingham,E02002894,Wollaton Park,-99,-99,-99,-99,-99,-99,-99,-99,-99,-99,3,10,16,4,4,-99,3,-99,-99,-99,-99,-99,-99,-99,-99,-99,-99,-99,-99,-99,-99,6,-99,-99,6,18,18
E12000004,East Midlands,E06000018,Nottingham,E06000018,Nottingham,E02002895,The Park & Castle,-99,-99,-99,-99,-99,-99,3,-99,-99,-99,-99,-99,-99,3,-99,3,-99,-99,-99,-99,-99,-99,-99,-99,-99,-99,-99,-99,-99,-99,-99,5,6,11,28,121,121
E12000004,East Midlands,E06000018,Nottingham,E06000018,Nottingham,E02002896,Sneinton,-99,-99,-99,-99,-99,-99,-99,-99,-99,-99,-99,-99,5,-99,-99,-99,-99,-99,-99,-99,5,3,-99,-99,-99,-99,-99,-99,-99,-99,-99,3,3,5,6,13,13
E12000004,East Midlands,E06000018,Nottingham,E06000018,Nottingham,E02002897,Wollaton Vale,-99,-99,-99,-99,-99,-99,-99,-99,-99,-99,-99,3,4,-99,-99,-99,-99,-99,-99,-99,-99,-99,-99,-99,-99,-99,-99,-99,-99,-99,-99,-99,-99,-99,-99,10,10
E12000004,East Midlands,E06000018,Nottingham,E06000018,Nottingham,E02002898,Lenton & Dunkirk,-99,-99,-99,-99,-99,-99,-99,-99,-99,-99,3,-99,-99,-99,-99,-99,-99,-99,-99,-99,-99,-99,-99,-99,-99,-99,-99,-99,-99,-99,-99,5,5,9,18,138,138
E12000004,East Midlands,E06000018,Nottingham,E06000018,Nottingham,E02002899,"University Park, Lenton Abbey & Jubilee Campus",-99,-99,-99,-99,-99,-99,-99,-99,-99,-99,3,-99,3,-99,-99,-99,-99,-99,-99,-99,-99,-99,-99,-99,-99,-99,-99,-99,-99,-99,7,7,5,20,73,546,546
E12000004,East Midlands,E06000018,Nottingham,E06000018,Nottingham,E02002901,Wilford & Silverdale,-99,-99,-99,-99,-99,-99,-99,-99,-99,-99,3,5,11,-99,-99,-99,-99,-99,-99,-99,-99,-99,-99,-99,-99,-99,-99,-99,-99,-99,-99,5,-99,-99,-99,8,8
E12000004,East Midlands,E06000018,Nottingham,E06000018,Nottingham,E02002902,Clifton North,-99,-99,-99,-99,-99,-99,-99,-99,-99,-99,6,-99,14,5,-99,-99,6,3,-99,-99,-99,-99,-99,-99,-99,-99,-99,-99,-99,-99,-99,3,3,3,6,29,29
E12000004,East Midlands,E06000018,Nottingham,E06000018,Nottingham,E02002903,Clifton West,-99,-99,-99,-99,-99,-99,-99,-99,-99,5,-99,4,3,-99,-99,-99,4,-99,4,-99,-99,-99,-99,-99,-99,-99,-99,-99,-99,-99,-99,3,3,-99,3,4,4
E12000004,East Midlands,E06000018,Nottingham,E06000018,Nottingham,E02002904,Clifton South,-99,-99,-99,-99,-99,-99,-99,3,4,6,-99,4,5,6,-99,-99,3,5,6,3,-99,-99,-99,-99,-99,-99,5,3,-99,-99,-99,-99,3,3,-99,-99,-99
E12000005,West Midlands,E06000019,"Herefordshire, County of",E06000019,"Herefordshire, County of",E02002905,"Wigmore, Orleton & Brimfield",-99,-99,-99,-99,-99,-99,-99,-99,-99,-99,-99,-99,-99,-99,-99,-99,-99,-99,-99,-99,-99,-99,-99,-99,-99,-99,-99,-99,-99,-99,-99,-99,-99,-99,-99,6,6
E12000005,West Midlands,E06000019,"Herefordshire, County of",E06000019,"Herefordshire, County of",E02002906,Leominster North,-99,-99,-99,-99,-99,-99,-99,-99,-99,-99,-99,-99,-99,-99,-99,-99,-99,-99,-99,-99,-99,-99,-99,-99,-99,-99,-99,-99,-99,-99,-99,-99,4,-99,4,-99,-99
E12000005,West Midlands,E06000019,"Herefordshire, County of",E06000019,"Herefordshire, County of",E02002907,Leominster South,-99,-99,-99,-99,-99,-99,-99,-99,-99,-99,-99,4,3,3,-99,3,-99,-99,-99,-99,-99,-99,-99,-99,-99,-99,-99,-99,-99,-99,-99,4,4,-99,-99,-99,-99
E12000005,West Midlands,E06000019,"Herefordshire, County of",E06000019,"Herefordshire, County of",E02002908,"Shobdon, Luston & Bodenham",-99,-99,-99,-99,-99,-99,-99,-99,-99,-99,-99,-99,5,-99,3,-99,-99,-99,-99,-99,-99,-99,-99,-99,-99,-99,-99,-99,-99,-99,-99,-99,-99,-99,-99,-99,-99
E12000005,West Midlands,E06000019,"Herefordshire, County of",E06000019,"Herefordshire, County of",E02002909,Bromyard & Bishop's Frome,-99,-99,-99,-99,-99,-99,-99,-99,3,4,4,7,18,12,3,-99,3,-99,-99,-99,-99,-99,-99,-99,-99,-99,-99,-99,-99,-99,-99,4,4,-99,-99,-99,-99
E12000005,West Midlands,E06000019,"Herefordshire, County of",E06000019,"Herefordshire, County of",E02002910,"Kington, Eardisley & Staunton",-99,-99,-99,-99,-99,-99,-99,-99,-99,-99,-99,-99,5,8,7,4,-99,-99,-99,-99,-99,-99,-99,-99,-99,-99,-99,-99,-99,-99,-99,-99,-99,-99,-99,-99,-99
E12000005,West Midlands,E06000019,"Herefordshire, County of",E06000019,"Herefordshire, County of",E02002911,"Credenhill, Weobley & Wellington",-99,-99,-99,-99,-99,-99,-99,-99,-99,-99,6,-99,10,8,20,-99,-99,3,3,-99,-99,-99,-99,-99,-99,-99,-99,-99,-99,-99,-99,3,4,-99,-99,3,3
E12000005,West Midlands,E06000019,"Herefordshire, County of",E06000019,"Herefordshire, County of",E02002912,"Lugwardine, Withington & Moreton on Lugg",-99,-99,-99,-99,-99,-99,-99,-99,-99,-99,3,-99,8,4,-99,-99,-99,-99,-99,-99,-99,-99,-99,-99,-99,-99,-99,-99,-99,-99,-99,-99,3,-99,-99,-99,-99
E12000005,West Midlands,E06000019,"Herefordshire, County of",E06000019,"Herefordshire, County of",E02002913,"Colwall, Cradley & Wellington Heath",-99,-99,-99,-99,-99,-99,-99,-99,3,4,-99,3,-99,-99,-99,-99,-99,-99,-99,-99,-99,-99,-99,66,42,10,7,-99,-99,-99,-99,-99,-99,-99,-99,-99,-99
E12000005,West Midlands,E06000019,"Herefordshire, County of",E06000019,"Herefordshire, County of",E02002914,Hereford North West,-99,-99,-99,-99,-99,-99,-99,-99,-99,3,-99,-99,3,6,-99,4,8,-99,3,-99,-99,-99,-99,-99,-99,-99,-99,-99,-99,-99,-99,-99,-99,-99,-99,5,5
E12000005,West Midlands,E06000019,"Herefordshire, County of",E06000019,"Herefordshire, County of",E02002915,Hereford North East,-99,-99,-99,-99,-99,-99,-99,-99,-99,-99,4,4,6,3,3,5,5,4,12,-99,-99,-99,-99,-99,-99,-99,-99,-99,-99,-99,-99,5,-99,-99,-99,-99,-99
E12000005,West Midlands,E06000019,"Herefordshire, County of",E06000019,"Herefordshire, County of",E02002916,Hereford Central,-99,-99,-99,-99,-99,-99,-99,-99,-99,-99,4,4,7,9,7,9,10,7,4,3,-99,-99,-99,-99,-99,-99,-99,-99,-99,-99,-99,-99,-99,-99,3,-99,-99
E12000005,West Midlands,E06000019,"Herefordshire, County of",E06000019,"Herefordshire, County of",E02002917,Hereford West,-99,-99,-99,-99,-99,-99,-99,-99,-99,-99,-99,-99,-99,4,-99,4,6,3,-99,-99,-99,-99,-99,-99,-99,-99,-99,-99,-99,-99,-99,-99,-99,-99,-99,-99,-99
E12000005,West Midlands,E06000019,"Herefordshire, County of",E06000019,"Herefordshire, County of",E02002918,Hereford East,-99,-99,-99,-99,-99,-99,-99,-99,-99,-99,-99,-99,5,4,6,-99,6,-99,3,5,-99,-99,-99,-99,-99,-99,-99,-99,-99,-99,-99,-99,-99,-99,-99,-99,-99
E12000005,West Midlands,E06000019,"Herefordshire, County of",E06000019,"Herefordshire, County of",E02002919,Hereford South,-99,-99,-99,-99,-99,-99,-99,-99,-99,3,6,6,23,7,3,11,11,-99,-99,-99,-99,-99,-99,-99,-99,-99,-99,-99,-99,-99,-99,-99,-99,-99,-99,-99,-99
E12000005,West Midlands,E06000019,"Herefordshire, County of",E06000019,"Herefordshire, County of",E02002920,"Belmont, Madley & Clehonger",-99,-99,-99,-99,-99,-99,-99,-99,-99,3,-99,-99,-99,-99,-99,4,-99,-99,-99,-99,-99,-99,-99,-99,-99,-99,-99,-99,-99,-99,-99,-99,-99,-99,-99,-99,-99
E12000005,West Midlands,E06000019,"Herefordshire, County of",E06000019,"Herefordshire, County of",E02002921,Hereford South West,-99,-99,-99,-99,-99,-99,-99,-99,-99,-99,-99,-99,-99,3,-99,3,14,6,-99,6,-99,-99,-99,-99,-99,-99,-99,-99,-99,-99,-99,-99,-99,-99,-99,-99,-99
E12000005,West Midlands,E06000019,"Herefordshire, County of",E06000019,"Herefordshire, County of",E02002922,"Fownhope, Tarrington & Marcle",-99,-99,-99,-99,-99,-99,-99,-99,-99,-99,-99,-99,-99,-99,-99,-99,-99,-99,-99,-99,-99,-99,-99,-99,-99,-99,-99,-99,-99,-99,-99,-99,3,-99,-99,3,3
E12000005,West Midlands,E06000019,"Herefordshire, County of",E06000019,"Herefordshire, County of",E02002923,Ledbury,-99,-99,-99,-99,-99,-99,-99,-99,-99,-99,-99,3,5,6,-99,-99,-99,-99,-99,-99,-99,-99,-99,-99,-99,-99,-99,-99,-99,-99,-99,-99,-99,-99,-99,5,5
E12000005,West Midlands,E06000019,"Herefordshire, County of",E06000019,"Herefordshire, County of",E02002924,Golden Valley,-99,-99,-99,-99,-99,-99,-99,-99,-99,-99,-99,-99,-99,4,-99,-99,-99,-99,-99,-99,-99,-99,-99,-99,-99,-99,-99,-99,-99,-99,-99,-99,-99,-99,3,-99,-99
E12000005,West Midlands,E06000019,"Herefordshire, County of",E06000019,"Herefordshire, County of",E02002925,Kingstone & Kingsthorne,-99,-99,-99,-99,-99,-99,-99,-99,-99,-99,3,-99,9,6,8,3,-99,-99,-99,-99,-99,-99,-99,-99,-99,-99,-99,-99,-99,-99,-99,-99,-99,-99,-99,-99,-99
E12000005,West Midlands,E06000019,"Herefordshire, County of",E06000019,"Herefordshire, County of",E02002926,Ross-on-Wye,-99,-99,-99,-99,-99,-99,-99,-99,-99,-99,-99,-99,5,16,24,8,3,3,-99,-99,-99,-99,-99,-99,-99,-99,-99,-99,-99,-99,-99,-99,-99,-99,-99,4,4
E12000005,West Midlands,E06000019,"Herefordshire, County of",E06000019,"Herefordshire, County of",E02002927,"Penyard, Llangarron & Goodrich",-99,-99,-99,-99,-99,-99,-99,-99,-99,-99,3,-99,3,-99,3,-99,-99,-99,-99,-99,-99,-99,-99,-99,-99,-99,-99,-99,3,-99,-99,-99,-99,-99,-99,-99,-99
E12000005,West Midlands,E06000020,Telford and Wrekin,E06000020,Telford and Wrekin,E02002928,Newport North,-99,-99,-99,-99,-99,-99,-99,-99,-99,-99,3,-99,3,-99,-99,-99,-99,-99,-99,-99,-99,-99,-99,-99,-99,-99,-99,-99,-99,-99,-99,-99,-99,4,-99,3,3
E12000005,West Midlands,E06000020,Telford and Wrekin,E06000020,Telford and Wrekin,E02002929,Edgemond & Church Aston,-99,-99,-99,-99,-99,-99,-99,-99,-99,5,-99,-99,-99,-99,-99,-99,-99,-99,-99,-99,-99,3,-99,-99,-99,-99,-99,-99,-99,-99,-99,-99,-99,-99,6,3,3
E12000005,West Midlands,E06000020,Telford and Wrekin,E06000020,Telford and Wrekin,E02002930,Newport South,-99,-99,-99,-99,-99,-99,-99,-99,4,-99,-99,5,9,3,-99,-99,-99,-99,-99,-99,-99,-99,-99,3,-99,-99,-99,-99,-99,-99,-99,-99,5,-99,10,6,6
E12000005,West Midlands,E06000020,Telford and Wrekin,E06000020,Telford and Wrekin,E02002931,Muxton & Lilleshall,-99,-99,-99,-99,-99,-99,-99,-99,-99,-99,-99,-99,3,-99,-99,-99,-99,-99,-99,-99,-99,-99,-99,-99,3,-99,-99,-99,-99,-99,-99,-99,-99,3,5,6,6
E12000005,West Midlands,E06000020,Telford and Wrekin,E06000020,Telford and Wrekin,E02002932,Donnington,-99,-99,-99,-99,-99,-99,-99,-99,-99,-99,-99,-99,4,-99,3,-99,-99,3,-99,-99,-99,-99,-99,-99,-99,-99,-99,-99,-99,-99,-99,-99,-99,-99,5,4,4
E12000005,West Midlands,E06000020,Telford and Wrekin,E06000020,Telford and Wrekin,E02002933,Dothill & Shawbirch,-99,-99,-99,-99,-99,-99,-99,-99,-99,3,-99,4,3,3,3,-99,3,-99,3,-99,-99,-99,-99,-99,-99,-99,-99,-99,4,-99,-99,-99,-99,-99,-99,-99,-99
E12000005,West Midlands,E06000020,Telford and Wrekin,E06000020,Telford and Wrekin,E02002934,Apley & Leegomery,-99,-99,-99,-99,-99,-99,-99,-99,-99,-99,-99,-99,3,-99,-99,-99,4,-99,-99,-99,-99,-99,-99,-99,-99,-99,-99,-99,-99,-99,-99,-99,-99,-99,4,6,6
E12000005,West Midlands,E06000020,Telford and Wrekin,E06000020,Telford and Wrekin,E02002935,Wrockwardine Wood & Trench,-99,-99,-99,-99,-99,-99,-99,-99,-99,3,-99,6,-99,-99,-99,-99,-99,-99,-99,-99,-99,-99,-99,3,6,-99,-99,-99,-99,-99,-99,-99,-99,-99,-99,7,7
E12000005,West Midlands,E06000020,Telford and Wrekin,E06000020,Telford and Wrekin,E02002936,Hadley & Horton,-99,-99,-99,-99,-99,-99,-99,-99,4,-99,-99,-99,7,7,-99,4,9,-99,-99,-99,-99,-99,-99,-99,-99,-99,-99,-99,5,3,-99,-99,3,-99,-99,8,8
E12000005,West Midlands,E06000020,Telford and Wrekin,E06000020,Telford and Wrekin,E02002937,"Ironbridge, Admaston & Higher Ercall",-99,-99,-99,-99,-99,-99,-99,-99,-99,-99,5,6,-99,4,-99,5,4,-99,-99,-99,-99,-99,-99,-99,-99,-99,-99,-99,-99,4,-99,-99,-99,-99,-99,3,3
E12000005,West Midlands,E06000020,Telford and Wrekin,E06000020,Telford and Wrekin,E02002938,Wellington East,-99,-99,-99,-99,-99,-99,-99,-99,3,3,-99,-99,-99,3,-99,3,-99,5,-99,-99,-99,-99,-99,-99,-99,-99,-99,-99,-99,-99,-99,-99,4,-99,3,4,4
E12000005,West Midlands,E06000020,Telford and Wrekin,E06000020,Telford and Wrekin,E02002939,Wellington West,-99,-99,-99,-99,-99,-99,-99,-99,4,-99,3,5,6,8,5,4,-99,-99,3,4,-99,-99,-99,-99,-99,-99,-99,-99,-99,5,-99,5,-99,3,-99,-99,-99
E12000005,West Midlands,E06000020,Telford and Wrekin,E06000020,Telford and Wrekin,E02002940,St George's,-99,-99,-99,-99,-99,-99,-99,-99,-99,3,-99,-99,-99,-99,-99,-99,-99,-99,-99,-99,-99,-99,-99,-99,3,-99,-99,-99,-99,-99,-99,-99,-99,-99,-99,4,4
E12000005,West Midlands,E06000020,Telford and Wrekin,E06000020,Telford and Wrekin,E02002941,Oakengates & Ketley,-99,-99,-99,-99,-99,-99,-99,-99,-99,4,4,4,-99,5,6,-99,7,-99,-99,-99,-99,-99,-99,-99,-99,-99,-99,-99,-99,-99,-99,-99,-99,3,4,3,3
E12000005,West Midlands,E06000020,Telford and Wrekin,E06000020,Telford and Wrekin,E02002942,Priorslee,-99,-99,-99,-99,-99,-99,-99,-99,-99,3,-99,4,4,-99,-99,-99,-99,-99,-99,-99,-99,-99,-99,-99,-99,-99,-99,-99,-99,-99,-99,-99,-99,-99,3,6,6
E12000005,West Midlands,E06000020,Telford and Wrekin,E06000020,Telford and Wrekin,E02002943,Horsehay & The Rock,-99,-99,-99,-99,-99,-99,-99,-99,3,-99,4,9,6,3,6,8,9,4,-99,-99,3,-99,-99,-99,-99,-99,3,-99,-99,-99,-99,3,3,3,10,6,6
E12000005,West Midlands,E06000020,Telford and Wrekin,E06000020,Telford and Wrekin,E02002944,Malinslee,-99,-99,-99,-99,-99,-99,-99,-99,-99,3,-99,-99,-99,-99,6,4,-99,-99,-99,-99,-99,-99,-99,-99,-99,-99,-99,-99,-99,-99,-99,3,-99,-99,5,9,9
E12000005,West Midlands,E06000020,Telford and Wrekin,E06000020,Telford and Wrekin,E02002945,Hollinswood & Randlay,-99,-99,-99,-99,-99,-99,-99,-99,-99,-99,-99,-99,3,4,-99,7,6,-99,-99,-99,-99,-99,-99,-99,-99,-99,-99,-99,-99,-99,-99,-99,-99,-99,3,4,4
E12000005,West Midlands,E06000020,Telford and Wrekin,E06000020,Telford and Wrekin,E02002946,Dawley & Aqueduct,-99,-99,-99,-99,-99,-99,-99,-99,3,-99,4,-99,-99,-99,10,-99,-99,-99,-99,-99,-99,-99,-99,-99,-99,-99,-99,-99,-99,-99,-99,-99,-99,-99,4,-99,-99
E12000005,West Midlands,E06000020,Telford and Wrekin,E06000020,Telford and Wrekin,E02002947,Brookside,-99,-99,-99,-99,-99,-99,-99,-99,-99,3,-99,-99,3,-99,-99,-99,4,-99,-99,-99,-99,-99,-99,-99,-99,-99,-99,-99,-99,-99,-99,-99,-99,-99,3,-99,-99
E12000005,West Midlands,E06000020,Telford and Wrekin,E06000020,Telford and Wrekin,E02002948,Woodside,-99,-99,-99,-99,-99,-99,-99,-99,-99,-99,-99,-99,3,-99,3,6,7,-99,-99,-99,-99,-99,-99,-99,-99,-99,-99,-99,-99,-99,-99,-99,3,3,-99,3,3
E12000005,West Midlands,E06000020,Telford and Wrekin,E06000020,Telford and Wrekin,E02002949,Madeley,-99,-99,-99,-99,-99,-99,-99,-99,5,3,-99,-99,4,-99,-99,-99,-99,-99,-99,-99,-99,-99,-99,-99,-99,-99,-99,-99,-99,-99,-99,-99,-99,-99,-99,3,3
E12000005,West Midlands,E06000020,Telford and Wrekin,E06000020,Telford and Wrekin,E02002950,Sutton Hill,-99,-99,-99,-99,-99,-99,-99,-99,-99,-99,-99,-99,-99,-99,-99,-99,-99,-99,-99,-99,-99,-99,-99,-99,-99,-99,-99,-99,-99,-99,-99,-99,-99,-99,-99,-99,-99
E12000005,West Midlands,E06000021,Stoke-on-Trent,E06000021,Stoke-on-Trent,E02002951,Great Chell & Packmoor,-99,-99,-99,-99,-99,-99,-99,-99,-99,8,4,3,4,5,4,3,-99,-99,-99,-99,-99,-99,-99,-99,-99,-99,-99,-99,-99,-99,-99,-99,-99,-99,-99,-99,-99
E12000005,West Midlands,E06000021,Stoke-on-Trent,E06000021,Stoke-on-Trent,E02002952,Goldenhill & Sandyford,-99,-99,-99,-99,-99,-99,-99,-99,-99,-99,-99,8,8,14,8,11,-99,-99,5,-99,-99,-99,-99,-99,-99,-99,-99,-99,-99,-99,-99,-99,-99,-99,-99,8,8
E12000005,West Midlands,E06000021,Stoke-on-Trent,E06000021,Stoke-on-Trent,E02002953,Bradeley & Chell Heath,-99,-99,-99,-99,-99,-99,-99,-99,-99,-99,-99,3,-99,4,-99,7,-99,-99,-99,-99,-99,-99,-99,-99,-99,-99,-99,-99,-99,-99,-99,-99,-99,-99,3,4,4
E12000005,West Midlands,E06000021,Stoke-on-Trent,E06000021,Stoke-on-Trent,E02002954,Norton,-99,-99,-99,-99,-99,-99,-99,-99,-99,-99,3,-99,4,5,5,6,5,-99,4,-99,-99,-99,-99,-99,-99,-99,-99,-99,-99,-99,-99,-99,-99,-99,3,-99,-99
E12000005,West Midlands,E06000021,Stoke-on-Trent,E06000021,Stoke-on-Trent,E02002955,Tunstall,-99,-99,-99,-99,-99,-99,-99,-99,-99,-99,3,-99,-99,3,-99,-99,-99,-99,-99,-99,-99,-99,-99,-99,-99,-99,-99,-99,-99,-99,-99,-99,5,3,4,10,10
E12000005,West Midlands,E06000021,Stoke-on-Trent,E06000021,Stoke-on-Trent,E02002956,Little Chell & Stanfield,-99,-99,-99,-99,-99,-99,-99,-99,-99,-99,4,8,5,8,-99,-99,6,-99,-99,3,-99,-99,-99,-99,-99,-99,-99,-99,-99,-99,-99,-99,5,-99,4,10,10
E12000005,West Midlands,E06000021,Stoke-on-Trent,E06000021,Stoke-on-Trent,E02002957,Baddley & Milton,-99,-99,-99,-99,-99,-99,-99,-99,-99,-99,3,-99,5,4,7,6,-99,7,-99,-99,-99,-99,-99,-99,-99,3,-99,-99,-99,-99,-99,5,-99,5,4,12,12
E12000005,West Midlands,E06000021,Stoke-on-Trent,E06000021,Stoke-on-Trent,E02002958,Smallthorne & Sneyd Green,-99,-99,-99,-99,-99,-99,-99,-99,-99,3,-99,-99,6,5,-99,5,3,4,-99,-99,-99,3,-99,-99,-99,-99,-99,-99,-99,-99,-99,-99,-99,-99,5,-99,-99
E12000005,West Midlands,E06000021,Stoke-on-Trent,E06000021,Stoke-on-Trent,E02002959,Longport & Burslem Park,-99,-99,-99,-99,-99,-99,-99,-99,-99,3,7,6,16,17,8,-99,3,3,-99,-99,4,-99,4,-99,-99,-99,-99,-99,-99,-99,4,3,3,4,6,8,8
E12000005,West Midlands,E06000021,Stoke-on-Trent,E06000021,Stoke-on-Trent,E02002960,Birches Head,-99,-99,-99,-99,-99,-99,-99,-99,-99,-99,-99,-99,-99,-99,-99,4,-99,-99,-99,-99,-99,-99,-99,-99,-99,-99,-99,4,-99,-99,-99,-99,-99,-99,3,3,3
E12000005,West Midlands,E06000021,Stoke-on-Trent,E06000021,Stoke-on-Trent,E02002961,Cobridge & Central Forest,-99,-99,-99,-99,-99,-99,-99,-99,-99,4,3,3,-99,9,4,-99,5,-99,-99,-99,-99,-99,-99,-99,-99,-99,4,-99,-99,-99,-99,-99,-99,-99,11,5,5
E12000005,West Midlands,E06000021,Stoke-on-Trent,E06000021,Stoke-on-Trent,E02002962,Abbey Hulton,-99,-99,-99,-99,-99,-99,-99,-99,-99,-99,-99,3,3,3,5,-99,3,-99,-99,3,-99,-99,-99,5,-99,-99,-99,-99,-99,-99,-99,-99,6,4,-99,-99,-99
E12000005,West Midlands,E06000021,Stoke-on-Trent,E06000021,Stoke-on-Trent,E02002963,Northwood,-99,-99,-99,-99,-99,-99,-99,-99,-99,-99,-99,-99,-99,5,4,-99,-99,-99,-99,-99,-99,-99,-99,-99,-99,-99,-99,3,-99,-99,-99,-99,7,4,-99,-99,-99
E12000005,West Midlands,E06000021,Stoke-on-Trent,E06000021,Stoke-on-Trent,E02002964,Townsend & Eaton Park,-99,-99,-99,-99,-99,-99,-99,-99,15,5,-99,7,-99,6,7,-99,3,7,-99,-99,-99,-99,-99,-99,-99,-99,-99,-99,-99,-99,-99,-99,-99,6,5,4,4
E12000005,West Midlands,E06000021,Stoke-on-Trent,E06000021,Stoke-on-Trent,E02002965,Hanley & Etruria,-99,-99,-99,-99,-99,-99,-99,-99,3,3,3,4,-99,-99,3,-99,4,-99,-99,-99,-99,-99,-99,-99,-99,-99,-99,-99,-99,3,-99,5,3,8,12,16,16
E12000005,West Midlands,E06000021,Stoke-on-Trent,E06000021,Stoke-on-Trent,E02002966,Shelton & Joiner's Square,-99,-99,-99,-99,-99,-99,-99,-99,-99,-99,-99,-99,3,-99,4,4,4,-99,3,-99,4,-99,-99,-99,-99,-99,-99,-99,-99,-99,-99,5,6,3,11,6,6
E12000005,West Midlands,E06000021,Stoke-on-Trent,E06000021,Stoke-on-Trent,E02002967,Bentilee & Ubberley,-99,-99,-99,-99,-99,-99,-99,-99,-99,6,-99,4,8,8,31,13,-99,15,13,4,3,6,4,3,-99,-99,-99,-99,-99,3,-99,-99,-99,7,5,3,3
E12000005,West Midlands,E06000021,Stoke-on-Trent,E06000021,Stoke-on-Trent,E02002968,Basford & Hartshill,-99,-99,-99,-99,-99,-99,-99,-99,3,4,4,12,11,9,15,15,8,12,15,7,5,-99,5,6,-99,-99,-99,-99,-99,-99,-99,3,4,-99,3,3,3
E12000005,West Midlands,E06000021,Stoke-on-Trent,E06000021,Stoke-on-Trent,E02002969,Boothen & Penkhull,-99,-99,-99,-99,-99,-99,-99,-99,-99,4,-99,3,-99,10,9,-99,5,5,-99,-99,-99,-99,-99,-99,-99,-99,-99,-99,-99,3,-99,-99,-99,-99,5,8,8
E12000005,West Midlands,E06000021,Stoke-on-Trent,E06000021,Stoke-on-Trent,E02002970,Fenton,-99,-99,-99,-99,-99,-99,-99,-99,-99,-99,-99,-99,-99,-99,-99,3,4,-99,-99,-99,-99,-99,-99,-99,-99,-99,-99,-99,-99,-99,-99,-99,-99,6,3,4,4
E12000005,West Midlands,E06000021,Stoke-on-Trent,E06000021,Stoke-on-Trent,E02002971,Fen Park,-99,-99,-99,-99,-99,-99,-99,-99,-99,-99,-99,-99,3,6,4,5,-99,-99,-99,-99,-99,-99,-99,-99,-99,-99,-99,-99,-99,-99,-99,-99,-99,-99,-99,-99,-99
E12000005,West Midlands,E06000021,Stoke-on-Trent,E06000021,Stoke-on-Trent,E02002972,Longton West & Sandford Hill,-99,-99,-99,-99,-99,-99,-99,-99,-99,-99,4,-99,-99,4,7,7,-99,8,-99,-99,-99,-99,-99,-99,-99,-99,-99,-99,-99,-99,-99,3,-99,-99,-99,3,3
E12000005,West Midlands,E06000021,Stoke-on-Trent,E06000021,Stoke-on-Trent,E02002973,Oakhill & Trent Vale,-99,-99,-99,-99,-99,-99,-99,-99,-99,3,5,3,12,10,7,13,7,6,4,6,3,8,-99,-99,-99,-99,-99,-99,4,-99,-99,-99,3,7,5,3,3
E12000005,West Midlands,E06000021,Stoke-on-Trent,E06000021,Stoke-on-Trent,E02002974,Weston Coyney,-99,-99,-99,-99,-99,-99,-99,-99,-99,4,5,-99,4,6,3,7,-99,4,5,3,-99,-99,-99,-99,-99,-99,-99,-99,-99,3,-99,-99,3,-99,-99,-99,-99
E12000005,West Midlands,E06000021,Stoke-on-Trent,E06000021,Stoke-on-Trent,E02002975,Longton East,-99,-99,-99,-99,-99,-99,-99,-99,-99,4,-99,-99,4,4,3,6,-99,3,-99,-99,-99,-99,-99,-99,-99,-99,4,3,-99,-99,-99,3,-99,3,-99,-99,-99
E12000005,West Midlands,E06000021,Stoke-on-Trent,E06000021,Stoke-on-Trent,E02002976,Hollybush & Blurton North,-99,-99,-99,-99,-99,-99,-99,-99,-99,-99,3,-99,8,3,-99,4,3,3,-99,-99,-99,-99,-99,-99,-99,-99,-99,-99,-99,-99,3,6,-99,3,-99,-99,-99
E12000005,West Midlands,E06000021,Stoke-on-Trent,E06000021,Stoke-on-Trent,E02002977,Dresden,-99,-99,-99,-99,-99,-99,-99,-99,-99,4,4,-99,3,-99,-99,-99,5,-99,-99,4,3,-99,-99,-99,-99,-99,-99,-99,-99,-99,-99,-99,-99,-99,3,3,3
E12000005,West Midlands,E06000021,Stoke-on-Trent,E06000021,Stoke-on-Trent,E02002978,Meir North,-99,-99,-99,-99,-99,-99,-99,-99,-99,-99,-99,-99,-99,3,3,7,5,7,3,-99,-99,-99,-99,-99,-99,-99,-99,-99,-99,-99,-99,-99,-99,3,-99,-99,-99
E12000005,West Midlands,E06000021,Stoke-on-Trent,E06000021,Stoke-on-Trent,E02002979,Florence,-99,-99,-99,-99,-99,-99,-99,-99,-99,-99,-99,-99,3,-99,3,-99,-99,-99,-99,-99,-99,-99,-99,-99,-99,-99,-99,10,40,28,12,8,-99,-99,5,4,4
E12000005,West Midlands,E06000021,Stoke-on-Trent,E06000021,Stoke-on-Trent,E02002980,Hanford & Trentham West,-99,-99,-99,-99,-99,-99,-99,-99,-99,-99,6,5,7,12,11,4,-99,-99,-99,-99,-99,-99,-99,-99,-99,-99,-99,-99,-99,-99,-99,-99,4,-99,-99,5,5
E12000005,West Midlands,E06000021,Stoke-on-Trent,E06000021,Stoke-on-Trent,E02002981,Meir South & Lightwood,-99,-99,-99,-99,-99,-99,-99,-99,-99,-99,5,-99,-99,10,4,-99,5,4,-99,3,-99,-99,-99,-99,-99,-99,-99,-99,-99,6,4,3,3,7,4,4,4
E12000005,West Midlands,E06000021,Stoke-on-Trent,E06000021,Stoke-on-Trent,E02002982,Newstead & Blurton South,-99,-99,-99,-99,-99,-99,-99,-99,-99,-99,3,3,5,4,-99,-99,5,3,-99,-99,-99,-99,-99,-99,-99,-99,-99,-99,-99,-99,-99,-99,-99,-99,3,-99,-99
E12000005,West Midlands,E06000021,Stoke-on-Trent,E06000021,Stoke-on-Trent,E02002983,Meir Park,-99,-99,-99,-99,-99,-99,-99,-99,-99,-99,-99,-99,4,4,-99,-99,-99,-99,-99,-99,-99,-99,-99,-99,-99,-99,-99,-99,-99,-99,-99,4,-99,-99,-99,-99,-99
E12000005,West Midlands,E06000021,Stoke-on-Trent,E06000021,Stoke-on-Trent,E02002984,Trentham East,-99,-99,-99,-99,-99,-99,-99,-99,-99,3,7,4,-99,4,3,3,-99,5,3,-99,-99,-99,-99,-99,-99,-99,-99,-99,-99,-99,-99,7,-99,-99,4,9,9
E12000009,South West,E06000022,Bath and North East Somerset,E06000022,Bath and North East Somerset,E02002985,Keynsham North,-99,-99,-99,-99,-99,-99,-99,-99,-99,-99,6,-99,-99,-99,-99,-99,-99,-99,-99,-99,-99,-99,-99,-99,-99,-99,-99,-99,-99,-99,-99,-99,-99,-99,-99,-99,-99
E12000009,South West,E06000022,Bath and North East Somerset,E06000022,Bath and North East Somerset,E02002986,Keynsham South,-99,-99,-99,-99,-99,-99,-99,-99,-99,-99,-99,4,-99,-99,-99,-99,-99,-99,-99,-99,-99,-99,-99,-99,-99,-99,-99,-99,-99,-99,-99,-99,-99,3,-99,-99,-99
E12000009,South West,E06000022,Bath and North East Somerset,E06000022,Bath and North East Somerset,E02002987,Keynsham East,-99,-99,-99,-99,-99,-99,-99,-99,-99,-99,-99,-99,-99,3,-99,-99,-99,-99,-99,-99,-99,-99,-99,-99,-99,-99,-99,-99,-99,-99,-99,-99,-99,-99,-99,-99,-99
E12000009,South West,E06000022,Bath and North East Somerset,E06000022,Bath and North East Somerset,E02002988,Lambridge & Fairfield Park,-99,-99,-99,-99,-99,-99,-99,-99,-99,4,-99,4,-99,-99,-99,-99,-99,-99,-99,-99,-99,-99,-99,-99,-99,-99,-99,-99,-99,-99,-99,-99,-99,-99,3,4,4
E12000009,South West,E06000022,Bath and North East Somerset,E06000022,Bath and North East Somerset,E02002989,Weston,-99,-99,-99,-99,-99,-99,-99,-99,5,-99,6,4,3,4,3,-99,-99,-99,-99,-99,-99,-99,-99,-99,-99,-99,-99,-99,-99,-99,-99,-99,-99,-99,-99,-99,-99
E12000009,South West,E06000022,Bath and North East Somerset,E06000022,Bath and North East Somerset,E02002990,Walcot,-99,-99,-99,-99,-99,-99,-99,-99,-99,-99,-99,-99,-99,-99,-99,-99,-99,-99,-99,-99,-99,-99,-99,-99,-99,-99,-99,-99,-99,-99,-99,-99,-99,-99,-99,8,8
E12000009,South West,E06000022,Bath and North East Somerset,E06000022,Bath and North East Somerset,E02002991,Central Bath & Lansdown,-99,-99,-99,-99,-99,-99,-99,-99,-99,-99,4,4,4,-99,-99,-99,-99,-99,-99,-99,-99,-99,-99,-99,-99,-99,-99,-99,-99,-99,-99,3,-99,-99,-99,5,5
E12000009,South West,E06000022,Bath and North East Somerset,E06000022,Bath and North East Somerset,E02002992,Newbridge,-99,-99,-99,-99,-99,-99,-99,-99,-99,-99,6,-99,3,-99,-99,-99,-99,-99,-99,-99,-99,-99,-99,-99,-99,-99,-99,-99,4,-99,-99,-99,-99,-99,-99,-99,-99
E12000009,South West,E06000022,Bath and North East Somerset,E06000022,Bath and North East Somerset,E02002993,Kingsmead,-99,-99,-99,-99,-99,-99,-99,-99,-99,-99,-99,-99,-99,-99,-99,-99,-99,-99,-99,-99,-99,-99,-99,-99,-99,-99,-99,-99,-99,-99,-99,-99,-99,-99,-99,7,7
E12000009,South West,E06000022,Bath and North East Somerset,E06000022,Bath and North East Somerset,E02002994,Bathavon North & South,-99,-99,-99,-99,-99,-99,-99,-99,5,-99,-99,3,-99,-99,-99,-99,-99,-99,-99,-99,-99,-99,-99,-99,-99,-99,-99,-99,-99,-99,3,-99,-99,-99,4,7,7
E12000009,South West,E06000022,Bath and North East Somerset,E06000022,Bath and North East Somerset,E02002995,Twerton,-99,-99,-99,-99,-99,-99,-99,-99,-99,-99,-99,7,-99,-99,-99,-99,-99,-99,-99,-99,-99,-99,-99,-99,-99,-99,-99,-99,-99,-99,-99,3,-99,-99,8,5,5
E12000009,South West,E06000022,Bath and North East Somerset,E06000022,Bath and North East Somerset,E02002996,"Widcombe, Bathwick Hill & Claverton Down",-99,-99,-99,-99,-99,-99,-99,-99,-99,3,3,-99,-99,-99,-99,-99,3,-99,-99,-99,-99,-99,-99,-99,-99,-99,-99,-99,-99,-99,-99,-99,-99,6,19,24,24
E12000009,South West,E06000022,Bath and North East Somerset,E06000022,Bath and North East Somerset,E02002997,Oldfield Park West,-99,-99,-99,-99,-99,-99,-99,-99,-99,-99,-99,4,3,-99,-99,-99,-99,-99,-99,-99,-99,-99,-99,-99,-99,-99,-99,-99,3,-99,-99,-99,3,4,3,6,6
E12000009,South West,E06000022,Bath and North East Somerset,E06000022,Bath and North East Somerset,E02002998,Oldfield Park East,-99,-99,-99,-99,-99,-99,-99,-99,-99,-99,-99,-99,-99,-99,-99,-99,-99,-99,-99,-99,-99,-99,-99,-99,-99,-99,-99,-99,-99,-99,-99,-99,-99,5,6,4,4
E12000009,South West,E06000022,Bath and North East Somerset,E06000022,Bath and North East Somerset,E02002999,Southdown,-99,-99,-99,-99,-99,-99,-99,-99,-99,-99,-99,-99,-99,3,-99,-99,-99,-99,-99,-99,-99,-99,-99,-99,-99,-99,-99,-99,-99,-99,-99,-99,-99,-99,-99,-99,-99
E12000009,South West,E06000022,Bath and North East Somerset,E06000022,Bath and North East Somerset,E02003000,"Saltford, Farmborough & Timsbury",-99,-99,-99,-99,-99,-99,-99,-99,-99,3,-99,-99,-99,-99,-99,-99,-99,-99,-99,-99,-99,-99,-99,-99,-99,-99,-99,-99,-99,-99,-99,-99,-99,-99,3,7,7
E12000009,South West,E06000022,Bath and North East Somerset,E06000022,Bath and North East Somerset,E02003001,Bloomfield,-99,-99,-99,-99,-99,-99,-99,-99,-99,-99,3,-99,-99,-99,-99,-99,-99,-99,-99,-99,-99,-99,-99,-99,-99,-99,-99,-99,-99,-99,-99,-99,-99,-99,6,6,6
E12000009,South West,E06000022,Bath and North East Somerset,E06000022,Bath and North East Somerset,E02003002,Combe Down,-99,-99,-99,-99,-99,-99,-99,-99,-99,-99,-99,-99,-99,-99,-99,-99,-99,-99,-99,-99,-99,-99,-99,-99,-99,-99,-99,-99,-99,-99,-99,-99,-99,-99,-99,3,3
E12000009,South West,E06000022,Bath and North East Somerset,E06000022,Bath and North East Somerset,E02003003,Odd Down,-99,-99,-99,-99,-99,-99,-99,-99,-99,-99,-99,-99,-99,-99,-99,-99,-99,-99,-99,-99,-99,-99,-99,-99,-99,-99,-99,-99,-99,-99,-99,-99,-99,-99,-99,3,3
E12000009,South West,E06000022,Bath and North East Somerset,E06000022,Bath and North East Somerset,E02003004,"Pensford, Clutton & Temple Cloud",-99,-99,-99,-99,-99,-99,-99,-99,-99,-99,3,-99,5,5,-99,-99,-99,-99,-99,-99,-99,-99,-99,-99,-99,-99,-99,-99,-99,-99,-99,-99,-99,-99,-99,6,6
E12000009,South West,E06000022,Bath and North East Somerset,E06000022,Bath and North East Somerset,E02003005,"Chew, Bishop Sutton & East Harptree",-99,-99,-99,-99,-99,-99,-99,-99,-99,-99,-99,-99,-99,-99,-99,-99,-99,-99,-99,-99,-99,-99,-99,-99,-99,-99,-99,-99,-99,-99,-99,-99,-99,-99,3,4,4
E12000009,South West,E06000022,Bath and North East Somerset,E06000022,Bath and North East Somerset,E02003006,Peasedown & Bathavon West,-99,-99,-99,-99,-99,-99,-99,-99,-99,-99,-99,-99,-99,6,-99,-99,-99,-99,-99,-99,-99,-99,-99,-99,-99,-99,-99,-99,-99,-99,-99,-99,-99,-99,-99,-99,-99
E12000009,South West,E06000022,Bath and North East Somerset,E06000022,Bath and North East Somerset,E02003007,High Littleton & Paulton,-99,-99,-99,-99,-99,-99,-99,-99,-99,4,8,3,-99,-99,-99,5,-99,-99,-99,-99,-99,-99,-99,-99,-99,-99,-99,-99,-99,-99,-99,6,-99,-99,-99,3,3
E12000009,South West,E06000022,Bath and North East Somerset,E06000022,Bath and North East Somerset,E02003008,Radstock,-99,-99,-99,-99,-99,-99,-99,-99,-99,-99,-99,-99,4,-99,-99,-99,-99,-99,-99,-99,-99,-99,-99,-99,-99,-99,-99,-99,-99,-99,-99,-99,-99,-99,-99,-99,-99
E12000009,South West,E06000022,Bath and North East Somerset,E06000022,Bath and North East Somerset,E02003009,Midsomer Norton North,-99,-99,-99,-99,-99,-99,-99,-99,-99,-99,-99,-99,-99,-99,-99,-99,-99,-99,-99,-99,-99,-99,-99,-99,-99,-99,-99,-99,-99,13,-99,4,-99,-99,-99,-99,-99
E12000009,South West,E06000022,Bath and North East Somerset,E06000022,Bath and North East Somerset,E02003010,Westfield,-99,-99,-99,-99,-99,-99,-99,-99,-99,-99,-99,-99,-99,-99,-99,-99,-99,-99,-99,-99,-99,-99,-99,-99,-99,-99,-99,-99,-99,4,-99,-99,-99,-99,3,-99,-99
E12000009,South West,E06000022,Bath and North East Somerset,E06000022,Bath and North East Somerset,E02003011,Midsomer Norton Redfield,-99,-99,-99,-99,-99,-99,-99,-99,-99,-99,5,-99,-99,-99,-99,-99,-99,-99,-99,-99,-99,-99,-99,-99,-99,-99,-99,-99,-99,-99,-99,3,-99,-99,-99,-99,-99
E12000009,South West,E06000023,"Bristol, City of",E06000023,"Bristol, City of",E02003012,Henbury & Brentry,-99,-99,-99,-99,-99,-99,-99,3,-99,-99,6,6,5,8,3,-99,-99,-99,-99,-99,-99,-99,-99,-99,-99,-99,-99,-99,-99,-99,-99,5,-99,-99,4,14,14
E12000009,South West,E06000023,"Bristol, City of",E06000023,"Bristol, City of",E02003013,Southmead,-99,-99,-99,-99,-99,-99,-99,-99,3,3,8,13,24,14,11,-99,5,-99,-99,-99,-99,-99,-99,-99,-99,-99,-99,-99,-99,-99,-99,-99,-99,8,3,3,3
E12000009,South West,E06000023,"Bristol, City of",E06000023,"Bristol, City of",E02003014,Lawrence Weston,-99,-99,-99,-99,-99,-99,-99,-99,-99,-99,-99,4,3,4,5,-99,-99,-99,-99,-99,-99,-99,-99,-99,-99,-99,-99,-99,3,-99,-99,-99,6,5,-99,5,5
E12000009,South West,E06000023,"Bristol, City of",E06000023,"Bristol, City of",E02003015,Monks Park,-99,-99,-99,-99,-99,-99,-99,-99,-99,3,-99,-99,4,-99,-99,-99,-99,-99,-99,-99,-99,-99,-99,-99,-99,-99,-99,-99,-99,-99,-99,-99,-99,-99,3,4,4
E12000009,South West,E06000023,"Bristol, City of",E06000023,"Bristol, City of",E02003016,Upper Horfield,-99,-99,-99,-99,-99,-99,-99,4,-99,-99,6,3,-99,5,-99,-99,-99,-99,-99,-99,-99,-99,-99,-99,-99,-99,-99,-99,-99,-99,-99,-99,-99,-99,3,-99,-99
E12000009,South West,E06000023,"Bristol, City of",E06000023,"Bristol, City of",E02003017,Westbury Village,-99,-99,-99,-99,-99,-99,-99,-99,-99,-99,-99,-99,6,-99,-99,-99,-99,-99,-99,-99,-99,-99,-99,-99,-99,-99,-99,-99,3,-99,-99,-99,-99,-99,-99,3,3
E12000009,South West,E06000023,"Bristol, City of",E06000023,"Bristol, City of",E02003018,Sea Mills,-99,-99,-99,-99,-99,-99,-99,-99,-99,4,-99,-99,5,-99,-99,-99,-99,-99,-99,-99,-99,-99,-99,-99,-99,-99,-99,-99,-99,-99,-99,-99,-99,-99,-99,-99,-99
E12000009,South West,E06000023,"Bristol, City of",E06000023,"Bristol, City of",E02003019,Shirehampton & Avonmouth,-99,-99,-99,-99,-99,-99,-99,-99,-99,4,3,-99,13,-99,3,-99,3,5,-99,-99,3,-99,-99,-99,-99,3,-99,-99,-99,-99,3,-99,-99,8,3,-99,-99
E12000009,South West,E06000023,"Bristol, City of",E06000023,"Bristol, City of",E02003020,Westbury on Trym,-99,-99,-99,-99,-99,-99,-99,-99,3,3,9,9,9,9,5,-99,-99,-99,-99,-99,-99,-99,-99,-99,-99,-99,-99,-99,-99,-99,-99,3,-99,-99,-99,3,3
E12000009,South West,E06000023,"Bristol, City of",E06000023,"Bristol, City of",E02003021,Horfield,-99,-99,-99,-99,-99,-99,-99,-99,-99,-99,7,3,4,6,5,-99,-99,-99,-99,-99,-99,-99,-99,-99,-99,-99,-99,-99,-99,4,-99,-99,-99,-99,5,7,7
E12000009,South West,E06000023,"Bristol, City of",E06000023,"Bristol, City of",E02003022,Henleaze,-99,-99,-99,-99,-99,-99,-99,-99,-99,-99,-99,-99,3,-99,-99,-99,-99,-99,-99,-99,-99,-99,-99,-99,-99,-99,-99,-99,-99,-99,-99,-99,-99,-99,-99,3,3
E12000009,South West,E06000023,"Bristol, City of",E06000023,"Bristol, City of",E02003023,Stapleton,-99,-99,-99,-99,-99,-99,-99,-99,-99,4,7,-99,-99,-99,4,-99,-99,-99,-99,-99,-99,-99,-99,-99,-99,-99,-99,-99,-99,-99,-99,-99,3,3,4,8,8
E12000009,South West,E06000023,"Bristol, City of",E06000023,"Bristol, City of",E02003024,Fishponds North,-99,-99,-99,-99,-99,-99,-99,-99,4,3,6,8,4,-99,4,3,-99,-99,-99,-99,-99,-99,-99,-99,-99,-99,-99,-99,-99,-99,-99,3,-99,-99,5,8,8
E12000009,South West,E06000023,"Bristol, City of",E06000023,"Bristol, City of",E02003025,Lockleaze,-99,-99,-99,-99,-99,-99,-99,-99,5,3,-99,4,-99,3,-99,-99,-99,-99,-99,-99,-99,-99,-99,-99,-99,-99,-99,-99,-99,-99,-99,-99,3,3,3,4,4
E12000009,South West,E06000023,"Bristol, City of",E06000023,"Bristol, City of",E02003026,Stoke Bishop,-99,-99,-99,-99,-99,-99,-99,-99,-99,5,5,-99,-99,-99,-99,3,-99,11,-99,-99,-99,-99,-99,-99,-99,-99,-99,-99,-99,5,-99,4,-99,-99,6,18,18
E12000009,South West,E06000023,"Bristol, City of",E06000023,"Bristol, City of",E02003027,Bishopston,-99,-99,-99,-99,-99,-99,-99,-99,3,3,4,5,3,4,-99,-99,3,-99,-99,-99,-99,-99,-99,-99,-99,-99,-99,-99,-99,-99,-99,-99,-99,3,4,14,14
E12000009,South West,E06000023,"Bristol, City of",E06000023,"Bristol, City of",E02003028,Westbury Park,-99,-99,-99,-99,-99,-99,-99,-99,-99,-99,-99,8,3,4,3,-99,-99,-99,-99,-99,-99,-99,-99,-99,-99,-99,-99,-99,-99,-99,-99,-99,-99,3,7,8,8
E12000009,South West,E06000023,"Bristol, City of",E06000023,"Bristol, City of",E02003029,Fishponds South,-99,-99,-99,-99,-99,-99,-99,-99,-99,-99,-99,-99,4,3,3,-99,-99,-99,3,-99,-99,-99,-99,-99,-99,-99,-99,-99,-99,-99,-99,-99,-99,-99,4,5,5
E12000009,South West,E06000023,"Bristol, City of",E06000023,"Bristol, City of",E02003030,Eastville,-99,-99,-99,-99,-99,-99,-99,-99,-99,5,-99,-99,6,3,-99,-99,4,-99,-99,-99,-99,-99,-99,-99,-99,-99,-99,-99,-99,-99,-99,-99,-99,-99,-99,3,3
E12000009,South West,E06000023,"Bristol, City of",E06000023,"Bristol, City of",E02003031,Redland & St Andrew's,-99,-99,-99,-99,-99,-99,-99,-99,-99,3,-99,4,-99,-99,-99,-99,-99,-99,-99,-99,-99,-99,-99,-99,-99,-99,-99,-99,-99,-99,-99,-99,-99,-99,3,12,12
E12000009,South West,E06000023,"Bristol, City of",E06000023,"Bristol, City of",E02003032,Speedwell,-99,-99,-99,-99,-99,-99,-99,-99,4,-99,-99,-99,3,-99,-99,-99,-99,-99,-99,-99,-99,-99,-99,-99,-99,-99,-99,-99,-99,-99,-99,5,-99,-99,-99,-99,-99
E12000009,South West,E06000023,"Bristol, City of",E06000023,"Bristol, City of",E02003033,Cotham,-99,-99,-99,-99,-99,-99,-99,-99,5,-99,-99,-99,-99,-99,3,-99,-99,-99,-99,-99,-99,-99,-99,-99,-99,-99,-99,-99,3,-99,-99,-99,-99,-99,4,12,12
E12000009,South West,E06000023,"Bristol, City of",E06000023,"Bristol, City of",E02003034,St Paul's,-99,-99,-99,-99,-99,-99,-99,-99,3,5,3,-99,4,-99,-99,-99,-99,-99,-99,-99,-99,-99,-99,-99,-99,-99,-99,-99,-99,-99,-99,-99,-99,-99,-99,4,4
E12000009,South West,E06000023,"Bristol, City of",E06000023,"Bristol, City of",E02003036,Kingsdown & Stokes Croft,-99,-99,-99,-99,-99,-99,-99,-99,-99,-99,-99,3,4,4,3,-99,4,-99,-99,-99,-99,-99,-99,-99,-99,3,-99,-99,-99,-99,-99,-99,-99,-99,5,7,7
E12000009,South West,E06000023,"Bristol, City of",E06000023,"Bristol, City of",E02003037,Clifton East,-99,-99,-99,-99,-99,-99,-99,-99,-99,5,3,3,-99,-99,-99,-99,-99,-99,-99,-99,-99,-99,-99,-99,-99,3,-99,3,-99,3,-99,5,-99,-99,4,6,6
E12000009,South West,E06000023,"Bristol, City of",E06000023,"Bristol, City of",E02003038,Two Mile Hill,-99,-99,-99,-99,-99,-99,-99,-99,-99,3,6,-99,9,-99,3,-99,-99,-99,-99,-99,-99,-99,-99,-99,-99,-99,-99,-99,-99,-99,-99,-99,-99,-99,-99,3,3
E12000009,South West,E06000023,"Bristol, City of",E06000023,"Bristol, City of",E02003039,St George,-99,-99,-99,-99,-99,-99,-99,-99,-99,-99,-99,-99,6,3,9,-99,-99,-99,-99,-99,-99,-99,-99,-99,-99,-99,-99,-99,-99,3,-99,5,-99,-99,4,4,4
E12000009,South West,E06000023,"Bristol, City of",E06000023,"Bristol, City of",E02003040,Redfield,-99,-99,-99,-99,-99,-99,-99,-99,-99,-99,8,-99,-99,4,3,-99,-99,-99,-99,-99,-99,-99,-99,-99,-99,-99,-99,-99,-99,-99,-99,-99,3,-99,4,5,5
E12000009,South West,E06000023,"Bristol, City of",E06000023,"Bristol, City of",E02003041,Clifton Village,-99,-99,-99,-99,-99,-99,-99,-99,-99,3,-99,-99,5,-99,-99,-99,-99,-99,-99,-99,-99,-99,-99,-99,-99,-99,3,-99,-99,-99,-99,-99,-99,-99,3,5,5
E12000009,South West,E06000023,"Bristol, City of",E06000023,"Bristol, City of",E02003043,Bristol City Centre,-99,-99,-99,-99,-99,-99,-99,-99,-99,-99,-99,-99,4,4,-99,3,-99,-99,-99,3,-99,-99,-99,-99,-99,-99,-99,-99,3,4,-99,6,-99,3,10,33,33
E12000009,South West,E06000023,"Bristol, City of",E06000023,"Bristol, City of",E02003044,Crews Hole,-99,-99,-99,-99,-99,-99,-99,-99,-99,-99,-99,-99,-99,-99,-99,-99,-99,-99,-99,-99,-99,-99,-99,-99,-99,-99,-99,-99,-99,-99,-99,3,-99,-99,-99,5,5
E12000009,South West,E06000023,"Bristol, City of",E06000023,"Bristol, City of",E02003045,Hotwells,-99,-99,-99,-99,-99,-99,-99,-99,-99,-99,-99,-99,-99,4,7,-99,-99,-99,5,-99,-99,-99,-99,-99,-99,-99,-99,-99,-99,-99,-99,-99,-99,-99,-99,6,6
E12000009,South West,E06000023,"Bristol, City of",E06000023,"Bristol, City of",E02003046,St Annes,-99,-99,-99,-99,-99,-99,-99,-99,-99,-99,5,-99,-99,5,3,-99,-99,-99,-99,-99,-99,-99,-99,-99,-99,-99,-99,-99,-99,-99,-99,-99,-99,-99,-99,3,3
E12000009,South West,E06000023,"Bristol, City of",E06000023,"Bristol, City of",E02003047,Southville,-99,-99,-99,-99,-99,-99,-99,-99,-99,-99,-99,-99,-99,5,-99,-99,-99,-99,-99,-99,-99,-99,-99,-99,-99,-99,-99,-99,-99,-99,-99,3,-99,-99,3,3,3
E12000009,South West,E06000023,"Bristol, City of",E06000023,"Bristol, City of",E02003048,Totterdown,-99,-99,-99,-99,-99,-99,-99,-99,-99,-99,-99,-99,-99,-99,-99,-99,-99,3,-99,-99,-99,-99,-99,-99,-99,-99,-99,-99,-99,-99,-99,-99,-99,-99,3,-99,-99
E12000009,South West,E06000023,"Bristol, City of",E06000023,"Bristol, City of",E02003049,Broom Hill,-99,-99,-99,-99,-99,-99,-99,-99,-99,-99,3,3,-99,4,-99,-99,-99,-99,-99,-99,-99,-99,-99,-99,-99,-99,-99,-99,-99,-99,-99,4,-99,-99,-99,-99,-99
E12000009,South West,E06000023,"Bristol, City of",E06000023,"Bristol, City of",E02003050,Bedminster,-99,-99,-99,-99,-99,-99,-99,-99,-99,-99,-99,-99,-99,-99,3,-99,-99,-99,-99,-99,-99,-99,-99,-99,-99,-99,-99,-99,-99,-99,-99,4,-99,-99,-99,-99,-99
E12000009,South West,E06000023,"Bristol, City of",E06000023,"Bristol, City of",E02003051,Windmill Hill,-99,-99,-99,-99,-99,-99,-99,-99,-99,-99,-99,-99,-99,-99,-99,-99,-99,-99,-99,-99,-99,-99,-99,-99,-99,-99,-99,-99,-99,-99,-99,-99,-99,3,-99,-99,-99
E12000009,South West,E06000023,"Bristol, City of",E06000023,"Bristol, City of",E02003052,Ashton,-99,-99,-99,-99,-99,-99,-99,-99,3,-99,-99,3,-99,-99,-99,-99,-99,-99,-99,-99,-99,-99,-99,-99,-99,-99,-99,-99,-99,-99,-99,3,-99,-99,-99,7,7
E12000009,South West,E06000023,"Bristol, City of",E06000023,"Bristol, City of",E02003053,Knowle Park,-99,-99,-99,-99,-99,-99,-99,-99,-99,-99,-99,-99,-99,-99,-99,-99,3,-99,-99,-99,-99,-99,-99,-99,-99,-99,-99,-99,-99,3,-99,-99,-99,4,-99,4,4
E12000009,South West,E06000023,"Bristol, City of",E06000023,"Bristol, City of",E02003054,Brislington,-99,-99,-99,-99,-99,-99,-99,-99,-99,-99,3,8,-99,9,-99,-99,15,-99,-99,-99,-99,-99,-99,-99,-99,-99,-99,-99,-99,-99,-99,-99,-99,-99,-99,4,4
E12000009,South West,E06000023,"Bristol, City of",E06000023,"Bristol, City of",E02003055,Knowle,-99,-99,-99,-99,-99,-99,-99,-99,-99,6,-99,-99,-99,3,5,-99,4,-99,3,-99,-99,-99,-99,-99,-99,-99,-99,-99,-99,-99,-99,-99,-99,-99,-99,-99,-99
E12000009,South West,E06000023,"Bristol, City of",E06000023,"Bristol, City of",E02003056,Knowle West,-99,-99,-99,-99,-99,-99,-99,-99,-99,3,3,-99,-99,3,3,-99,3,-99,4,-99,-99,-99,-99,-99,-99,-99,-99,-99,-99,-99,-99,-99,-99,-99,-99,5,5
E12000009,South West,E06000023,"Bristol, City of",E06000023,"Bristol, City of",E02003057,Bishopsworth,-99,-99,-99,-99,-99,-99,-99,-99,-99,3,-99,-99,-99,3,3,-99,-99,-99,-99,-99,-99,-99,-99,-99,-99,-99,-99,-99,-99,-99,-99,-99,-99,-99,-99,-99,-99
E12000009,South West,E06000023,"Bristol, City of",E06000023,"Bristol, City of",E02003058,Hengrove,-99,-99,-99,-99,-99,-99,-99,-99,3,-99,-99,-99,-99,5,-99,3,-99,28,5,3,-99,-99,-99,-99,-99,-99,-99,-99,-99,-99,-99,-99,-99,-99,-99,3,3
E12000009,South West,E06000023,"Bristol, City of",E06000023,"Bristol, City of",E02003059,Headley Park,-99,-99,-99,-99,-99,-99,-99,-99,-99,-99,-99,-99,-99,-99,-99,-99,-99,-99,-99,-99,-99,-99,-99,-99,-99,-99,-99,-99,-99,-99,-99,-99,-99,-99,-99,-99,-99
E12000009,South West,E06000023,"Bristol, City of",E06000023,"Bristol, City of",E02003060,Stockwood,-99,-99,-99,-99,-99,-99,-99,-99,-99,4,-99,4,-99,6,-99,-99,-99,-99,-99,-99,-99,-99,-99,-99,-99,-99,-99,-99,-99,-99,3,3,-99,4,-99,3,3
E12000009,South West,E06000023,"Bristol, City of",E06000023,"Bristol, City of",E02003061,Highridge,-99,-99,-99,-99,-99,-99,-99,-99,-99,-99,-99,-99,3,-99,-99,-99,-99,-99,-99,-99,-99,-99,-99,-99,-99,-99,-99,-99,-99,4,7,3,-99,-99,-99,-99,-99
E12000009,South West,E06000023,"Bristol, City of",E06000023,"Bristol, City of",E02003062,Withywood,-99,-99,-99,-99,-99,-99,-99,-99,-99,3,-99,-99,-99,-99,-99,3,-99,-99,-99,-99,-99,-99,-99,-99,-99,-99,-99,-99,-99,-99,-99,-99,-99,-99,-99,-99,-99
E12000009,South West,E06000023,"Bristol, City of",E06000023,"Bristol, City of",E02003063,Whitchurch Park,-99,-99,-99,-99,-99,-99,-99,-99,-99,-99,-99,-99,-99,-99,3,-99,-99,-99,4,-99,-99,-99,-99,-99,-99,-99,-99,-99,-99,-99,-99,-99,-99,-99,-99,-99,-99
E12000009,South West,E06000023,"Bristol, City of",E06000023,"Bristol, City of",E02003064,Hartcliffe,-99,-99,-99,-99,-99,-99,-99,-99,-99,-99,-99,-99,-99,-99,-99,-99,-99,-99,-99,-99,-99,-99,-99,-99,-99,-99,-99,-99,-99,-99,-99,-99,-99,-99,-99,-99,-99
E12000009,South West,E06000024,North Somerset,E06000024,North Somerset,E02003065,Portishead Central,-99,-99,-99,-99,-99,-99,-99,-99,-99,3,3,-99,4,4,-99,-99,-99,-99,-99,-99,-99,-99,-99,-99,-99,-99,-99,-99,-99,-99,-99,-99,-99,3,-99,3,3
E12000009,South West,E06000024,North Somerset,E06000024,North Somerset,E02003066,Portishead Redcliffe,-99,-99,-99,-99,-99,-99,-99,-99,-99,5,-99,-99,5,-99,-99,-99,-99,-99,-99,-99,-99,-99,-99,-99,-99,-99,-99,-99,-99,-99,-99,3,-99,-99,-99,4,4
E12000009,South West,E06000024,North Somerset,E06000024,North Somerset,E02003067,Portishead South,-99,-99,-99,-99,-99,-99,-99,-99,-99,4,-99,-99,5,-99,-99,-99,-99,-99,-99,3,-99,-99,-99,-99,-99,-99,-99,-99,-99,-99,-99,-99,-99,-99,3,-99,-99
E12000009,South West,E06000024,North Somerset,E06000024,North Somerset,E02003068,Pill & Easton,-99,-99,-99,-99,-99,-99,-99,-99,-99,-99,-99,-99,-99,10,-99,-99,-99,-99,3,-99,-99,-99,-99,-99,-99,-99,-99,-99,-99,-99,-99,-99,-99,-99,3,4,4
E12000009,South West,E06000024,North Somerset,E06000024,North Somerset,E02003069,Clevedon North & Walton,-99,-99,-99,-99,-99,-99,-99,-99,-99,-99,-99,-99,4,-99,-99,-99,-99,-99,-99,-99,-99,3,-99,-99,-99,-99,-99,-99,-99,-99,-99,-99,-99,-99,-99,6,6
E12000009,South West,E06000024,North Somerset,E06000024,North Somerset,E02003070,Long Ashton & Gordano,-99,-99,-99,-99,-99,-99,-99,-99,-99,-99,3,4,3,23,-99,8,-99,-99,-99,-99,-99,-99,-99,-99,-99,-99,-99,-99,-99,-99,-99,3,-99,3,-99,6,6
E12000009,South West,E06000024,North Somerset,E06000024,North Somerset,E02003071,Clevedon Central,-99,-99,-99,-99,-99,-99,-99,-99,-99,-99,-99,-99,5,6,-99,3,5,-99,-99,-99,-99,-99,-99,-99,-99,-99,-99,-99,-99,-99,-99,-99,-99,-99,-99,6,6
E12000009,South West,E06000024,North Somerset,E06000024,North Somerset,E02003072,Nailsea West,-99,-99,-99,-99,-99,-99,-99,-99,-99,-99,-99,4,6,5,3,-99,-99,-99,-99,-99,-99,-99,-99,-99,-99,-99,-99,-99,-99,-99,-99,-99,3,4,-99,-99,-99
E12000009,South West,E06000024,North Somerset,E06000024,North Somerset,E02003073,Nailsea East,-99,-99,-99,-99,-99,-99,-99,-99,-99,-99,5,-99,5,5,3,7,-99,-99,-99,-99,-99,-99,-99,-99,-99,-99,-99,-99,-99,-99,-99,-99,-99,-99,-99,-99,-99
E12000009,South West,E06000024,North Somerset,E06000024,North Somerset,E02003074,Clevedon South & Yeo,-99,-99,-99,-99,-99,-99,-99,-99,-99,-99,-99,-99,-99,-99,-99,4,-99,-99,-99,-99,-99,-99,-99,-99,-99,-99,-99,-99,-99,-99,-99,4,-99,-99,-99,-99,-99
E12000009,South West,E06000024,North Somerset,E06000024,North Somerset,E02003075,Backwell & Flax Bourton,-99,-99,-99,-99,-99,-99,-99,-99,-99,-99,-99,-99,-99,4,3,-99,-99,-99,-99,-99,-99,-99,-99,-99,-99,-99,-99,-99,-99,-99,-99,-99,-99,-99,-99,3,3
E12000009,South West,E06000024,North Somerset,E06000024,North Somerset,E02003076,Yatton & Cleeve,-99,-99,-99,-99,-99,-99,-99,-99,-99,-99,4,-99,3,-99,-99,5,-99,3,3,-99,-99,-99,-99,-99,-99,-99,-99,-99,-99,-99,-99,3,-99,4,7,-99,-99
E12000009,South West,E06000024,North Somerset,E06000024,North Somerset,E02003077,"Wrington, Felton & Dundry",-99,-99,-99,-99,-99,-99,-99,-99,-99,-99,-99,-99,-99,3,-99,-99,3,-99,-99,-99,-99,-99,-99,-99,-99,-99,-99,-99,-99,-99,-99,-99,-99,-99,-99,-99,-99
E12000009,South West,E06000024,North Somerset,E06000024,North Somerset,E02003078,Congresbury & Kewstoke,-99,-99,-99,-99,-99,-99,-99,-99,-99,-99,-99,-99,-99,3,-99,-99,-99,-99,-99,-99,-99,-99,-99,-99,-99,-99,-99,-99,-99,-99,-99,-99,-99,-99,-99,-99,-99
E12000009,South West,E06000024,North Somerset,E06000024,North Somerset,E02003079,North Worle,-99,-99,-99,-99,-99,-99,-99,-99,3,-99,-99,-99,-99,-99,3,-99,9,11,3,-99,-99,-99,-99,-99,-99,-99,-99,-99,-99,-99,-99,-99,-99,-99,3,4,4
E12000009,South West,E06000024,North Somerset,E06000024,North Somerset,E02003080,Mid Worle,-99,-99,-99,-99,-99,-99,-99,-99,-99,4,-99,5,6,4,8,4,8,4,-99,-99,-99,-99,-99,-99,-99,-99,-99,-99,-99,-99,-99,3,-99,-99,-99,-99,-99
E12000009,South West,E06000024,North Somerset,E06000024,North Somerset,E02003081,Weston Milton,-99,-99,-99,-99,-99,-99,-99,-99,-99,-99,-99,-99,3,4,6,3,4,5,5,-99,-99,-99,-99,-99,-99,-99,-99,-99,-99,-99,-99,-99,-99,-99,3,3,3
E12000009,South West,E06000024,North Somerset,E06000024,North Somerset,E02003082,Weston Hillside,-99,-99,-99,-99,-99,-99,-99,-99,-99,-99,-99,-99,6,3,9,10,8,15,7,-99,-99,-99,-99,-99,-99,-99,-99,-99,-99,-99,-99,7,9,12,5,4,4
E12000009,South West,E06000024,North Somerset,E06000024,North Somerset,E02003084,Weston Town,-99,-99,-99,-99,-99,-99,-99,-99,-99,5,-99,3,3,9,13,6,12,8,-99,-99,-99,-99,-99,-99,-99,-99,-99,-99,-99,-99,-99,3,4,-99,4,3,3
E12000009,South West,E06000024,North Somerset,E06000024,North Somerset,E02003085,Weston Bournville,-99,-99,-99,-99,-99,-99,-99,-99,-99,-99,-99,4,-99,7,9,7,4,5,-99,-99,-99,-99,-99,-99,-99,-99,-99,-99,-99,-99,-99,-99,-99,4,3,6,6
E12000009,South West,E06000024,North Somerset,E06000024,North Somerset,E02003086,Weston Clarence,-99,-99,-99,-99,-99,-99,-99,-99,-99,-99,-99,-99,5,4,-99,6,12,8,4,-99,-99,-99,-99,-99,-99,-99,-99,-99,-99,-99,-99,-99,-99,-99,5,3,3
E12000009,South West,E06000024,North Somerset,E06000024,North Somerset,E02003087,"Hutton, Locking & Banwell",-99,-99,-99,-99,-99,-99,-99,-99,-99,-99,3,-99,4,7,13,9,7,-99,3,-99,-99,-99,-99,-99,-99,-99,-99,-99,-99,-99,-99,-99,-99,-99,-99,-99,-99
E12000009,South West,E06000024,North Somerset,E06000024,North Somerset,E02003088,"Winscombe, Langford & Blagdon",-99,-99,-99,-99,-99,-99,-99,-99,-99,3,-99,6,6,12,-99,-99,-99,-99,-99,-99,-99,-99,-99,-99,-99,-99,-99,-99,-99,-99,-99,11,-99,-99,-99,6,6
E12000009,South West,E06000024,North Somerset,E06000024,North Somerset,E02003089,Weston Uphill,-99,-99,-99,-99,-99,-99,-99,-99,-99,3,-99,-99,6,14,13,9,7,-99,3,-99,-99,-99,-99,-99,-99,-99,-99,-99,-99,-99,4,-99,-99,-99,-99,-99,-99
E12000009,South West,E06000025,South Gloucestershire,E06000025,South Gloucestershire,E02003090,Thornbury North,-99,-99,-99,-99,-99,-99,-99,-99,5,6,3,-99,-99,-99,-99,-99,-99,-99,-99,-99,-99,-99,-99,-99,-99,-99,-99,-99,-99,-99,-99,-99,-99,-99,-99,5,5
E12000009,South West,E06000025,South Gloucestershire,E06000025,South Gloucestershire,E02003091,Thornbury South,-99,-99,-99,-99,-99,-99,-99,-99,-99,3,8,-99,4,-99,-99,-99,-99,-99,-99,-99,-99,-99,-99,-99,-99,-99,-99,-99,-99,-99,-99,-99,-99,-99,5,6,6
E12000009,South West,E06000025,South Gloucestershire,E06000025,South Gloucestershire,E02003092,"Charfield, Wickwar & Iron Acton",-99,-99,-99,-99,-99,-99,-99,-99,-99,-99,-99,-99,-99,4,-99,-99,-99,-99,-99,-99,-99,-99,-99,-99,-99,-99,-99,-99,-99,-99,-99,-99,-99,3,3,7,7
E12000009,South West,E06000025,South Gloucestershire,E06000025,South Gloucestershire,E02003093,"Alveston, Olveston & Oddbury",-99,-99,-99,-99,-99,-99,-99,-99,-99,-99,5,-99,-99,-99,-99,-99,-99,-99,-99,3,-99,-99,-99,-99,-99,-99,-99,-99,-99,-99,-99,-99,-99,-99,6,-99,-99
E12000009,South West,E06000025,South Gloucestershire,E06000025,South Gloucestershire,E02003094,"Almondsbury, Pilning & Severn Beach",-99,-99,-99,-99,-99,-99,-99,-99,3,-99,3,-99,-99,-99,-99,-99,-99,-99,-99,-99,-99,-99,-99,-99,-99,-99,-99,-99,-99,-99,-99,-99,-99,-99,-99,4,4
E12000009,South West,E06000025,South Gloucestershire,E06000025,South Gloucestershire,E02003095,Yate North,-99,-99,-99,-99,-99,-99,-99,-99,-99,-99,-99,7,7,-99,4,-99,-99,-99,-99,-99,-99,-99,-99,-99,-99,-99,-99,-99,-99,3,-99,-99,-99,-99,-99,-99,-99
E12000009,South West,E06000025,South Gloucestershire,E06000025,South Gloucestershire,E02003096,Yate West,-99,-99,-99,-99,-99,-99,-99,-99,-99,-99,-99,-99,7,11,-99,4,-99,-99,-99,-99,-99,-99,-99,-99,-99,-99,-99,-99,-99,-99,-99,3,-99,3,-99,-99,-99
E12000009,South West,E06000025,South Gloucestershire,E06000025,South Gloucestershire,E02003097,Chipping Sodbury,-99,-99,-99,-99,-99,-99,-99,-99,-99,-99,-99,-99,7,10,-99,-99,-99,-99,-99,-99,-99,-99,-99,-99,-99,-99,-99,-99,-99,-99,-99,-99,-99,-99,-99,6,6
E12000009,South West,E06000025,South Gloucestershire,E06000025,South Gloucestershire,E02003098,Bradley Stoke North East,-99,-99,-99,-99,-99,-99,-99,-99,-99,-99,3,-99,4,6,-99,4,-99,-99,-99,-99,-99,-99,-99,-99,-99,-99,-99,-99,-99,-99,3,-99,-99,-99,3,5,5
E12000009,South West,E06000025,South Gloucestershire,E06000025,South Gloucestershire,E02003099,Yate Kingsgate,-99,-99,-99,-99,-99,-99,-99,-99,-99,4,-99,4,-99,3,-99,-99,-99,-99,-99,-99,-99,-99,-99,-99,-99,-99,-99,-99,-99,-99,-99,-99,-99,-99,-99,5,5
E12000009,South West,E06000025,South Gloucestershire,E06000025,South Gloucestershire,E02003100,Patchway,-99,-99,-99,-99,-99,-99,-99,-99,-99,5,-99,-99,4,-99,-99,3,-99,-99,-99,-99,-99,-99,-99,-99,-99,3,3,-99,-99,3,-99,-99,-99,-99,-99,3,3
E12000009,South West,E06000025,South Gloucestershire,E06000025,South Gloucestershire,E02003101,Bradley Stoke Central,-99,-99,-99,-99,-99,-99,-99,-99,-99,-99,5,-99,5,3,-99,5,-99,-99,-99,-99,-99,-99,-99,-99,-99,-99,-99,-99,-99,-99,-99,-99,6,-99,-99,5,5
E12000009,South West,E06000025,South Gloucestershire,E06000025,South Gloucestershire,E02003102,Frampton Cotterell,-99,-99,-99,-99,-99,-99,-99,-99,-99,-99,-99,3,-99,-99,-99,-99,-99,-99,-99,-99,-99,-99,-99,-99,-99,-99,-99,-99,-99,-99,-99,-99,-99,-99,-99,5,5
E12000009,South West,E06000025,South Gloucestershire,E06000025,South Gloucestershire,E02003103,Yate South,-99,-99,-99,-99,-99,-99,-99,-99,-99,-99,-99,-99,3,-99,-99,-99,-99,-99,-99,-99,-99,-99,-99,-99,-99,-99,-99,-99,-99,-99,-99,-99,-99,-99,-99,-99,-99
E12000009,South West,E06000025,South Gloucestershire,E06000025,South Gloucestershire,E02003104,Stoke Gifford,-99,-99,-99,-99,-99,-99,-99,-99,-99,-99,-99,-99,-99,-99,-99,-99,-99,-99,-99,-99,-99,-99,-99,-99,-99,-99,-99,-99,-99,-99,-99,6,-99,-99,3,3,3
E12000009,South West,E06000025,South Gloucestershire,E06000025,South Gloucestershire,E02003105,Winterbourne,-99,-99,-99,-99,-99,-99,-99,-99,-99,-99,-99,3,3,-99,-99,-99,-99,-99,-99,-99,-99,-99,-99,-99,-99,-99,-99,-99,-99,-99,-99,-99,-99,-99,-99,4,4
E12000009,South West,E06000025,South Gloucestershire,E06000025,South Gloucestershire,E02003106,Frenchay & Great Stoke,-99,-99,-99,-99,-99,-99,-99,-99,-99,4,-99,5,4,-99,-99,-99,3,-99,-99,-99,-99,-99,-99,-99,-99,-99,-99,-99,-99,3,3,-99,3,3,6,20,20
E12000009,South West,E06000025,South Gloucestershire,E06000025,South Gloucestershire,E02003107,Filton,-99,-99,-99,-99,-99,-99,-99,-99,-99,5,-99,-99,5,5,-99,5,-99,-99,-99,-99,-99,-99,-99,-99,-99,-99,-99,-99,-99,-99,-99,-99,-99,-99,6,11,11
E12000009,South West,E06000025,South Gloucestershire,E06000025,South Gloucestershire,E02003108,Pucklechurch & Westerleigh,-99,-99,-99,-99,-99,-99,-99,-99,-99,-99,-99,-99,5,6,4,-99,-99,-99,4,-99,-99,-99,-99,-99,-99,-99,-99,-99,-99,3,-99,-99,6,-99,-99,-99,-99
E12000009,South West,E06000025,South Gloucestershire,E06000025,South Gloucestershire,E02003109,Downend North,-99,-99,-99,-99,-99,-99,-99,-99,-99,3,-99,-99,3,-99,-99,-99,-99,-99,-99,-99,-99,-99,-99,-99,-99,-99,-99,-99,-99,-99,-99,-99,-99,-99,-99,-99,-99
E12000009,South West,E06000025,South Gloucestershire,E06000025,South Gloucestershire,E02003110,Emersons Green,-99,-99,-99,-99,-99,-99,-99,-99,3,4,4,3,11,4,3,-99,-99,-99,-99,-99,-99,-99,-99,-99,-99,-99,-99,-99,-99,-99,-99,-99,3,3,-99,6,6
E12000009,South West,E06000025,South Gloucestershire,E06000025,South Gloucestershire,E02003111,Downend South,-99,-99,-99,-99,-99,-99,-99,-99,-99,-99,-99,4,4,-99,-99,-99,-99,-99,-99,-99,-99,-99,-99,-99,-99,-99,-99,-99,-99,-99,-99,-99,-99,3,-99,3,3
E12000009,South West,E06000025,South Gloucestershire,E06000025,South Gloucestershire,E02003112,Mangotsfield,-99,-99,-99,-99,-99,-99,-99,-99,-99,-99,-99,-99,-99,4,-99,-99,-99,-99,-99,-99,-99,-99,-99,-99,-99,-99,-99,-99,-99,-99,-99,-99,3,-99,-99,-99,-99
E12000009,South West,E06000025,South Gloucestershire,E06000025,South Gloucestershire,E02003113,"Marshfield, Wick & Hawkesbury",-99,-99,-99,-99,-99,-99,-99,-99,3,-99,-99,3,4,-99,-99,3,3,-99,-99,-99,-99,-99,-99,-99,-99,-99,-99,-99,-99,-99,-99,-99,-99,-99,-99,7,7
E12000009,South West,E06000025,South Gloucestershire,E06000025,South Gloucestershire,E02003114,Staple Hill North,-99,-99,-99,-99,-99,-99,-99,-99,-99,-99,-99,-99,6,-99,-99,-99,-99,-99,-99,-99,-99,-99,-99,-99,-99,-99,-99,-99,-99,-99,-99,-99,-99,3,-99,3,3
E12000009,South West,E06000025,South Gloucestershire,E06000025,South Gloucestershire,E02003115,Staple Hill South & Kingswood North West,-99,-99,-99,-99,-99,-99,-99,-99,-99,4,5,4,3,3,-99,3,5,4,-99,-99,-99,-99,-99,-99,-99,-99,-99,3,-99,-99,-99,-99,-99,3,4,8,8
E12000009,South West,E06000025,South Gloucestershire,E06000025,South Gloucestershire,E02003116,Kingswood North East,-99,-99,-99,-99,-99,-99,-99,-99,-99,-99,4,-99,5,-99,10,8,17,-99,3,-99,-99,-99,-99,-99,-99,-99,-99,-99,-99,-99,-99,-99,-99,-99,3,3,3
E12000009,South West,E06000025,South Gloucestershire,E06000025,South Gloucestershire,E02003117,Kingswood South,-99,-99,-99,-99,-99,-99,-99,-99,-99,3,-99,-99,-99,3,-99,-99,3,-99,-99,-99,-99,-99,-99,-99,-99,-99,-99,-99,-99,-99,-99,-99,-99,-99,-99,7,7
E12000009,South West,E06000025,South Gloucestershire,E06000025,South Gloucestershire,E02003118,Cadbury Heath North & Bridgeyate,-99,-99,-99,-99,-99,-99,-99,-99,-99,3,3,-99,7,6,4,9,-99,-99,-99,-99,-99,-99,-99,-99,-99,-99,-99,-99,-99,-99,5,-99,-99,-99,-99,7,7
E12000009,South West,E06000025,South Gloucestershire,E06000025,South Gloucestershire,E02003119,Cadbury Heath South & North Common,-99,-99,-99,-99,-99,-99,-99,-99,5,-99,3,-99,9,6,6,4,-99,-99,-99,-99,-99,-99,-99,-99,-99,-99,-99,-99,-99,-99,4,4,-99,-99,-99,3,3
E12000009,South West,E06000025,South Gloucestershire,E06000025,South Gloucestershire,E02003120,Hanham,-99,-99,-99,-99,-99,-99,-99,-99,-99,-99,-99,-99,5,7,3,-99,-99,-99,3,-99,-99,-99,-99,-99,-99,-99,-99,-99,-99,-99,-99,-99,3,-99,5,5,5
E12000009,South West,E06000025,South Gloucestershire,E06000025,South Gloucestershire,E02003121,Longwell Green & Oldland Common,-99,-99,-99,-99,-99,-99,-99,-99,-99,3,5,4,4,17,-99,-99,-99,-99,-99,-99,-99,-99,-99,-99,-99,-99,-99,-99,-99,-99,-99,3,4,5,-99,5,5
E12000009,South West,E06000026,Plymouth,E06000026,Plymouth,E02003122,Glenholt & Widewell,-99,-99,-99,-99,-99,-99,-99,-99,-99,4,-99,-99,-99,-99,-99,3,-99,-99,-99,-99,-99,-99,-99,-99,-99,-99,-99,-99,-99,-99,-99,-99,-99,-99,-99,5,5
E12000009,South West,E06000026,Plymouth,E06000026,Plymouth,E02003123,Southway,-99,-99,-99,-99,-99,-99,-99,-99,-99,-99,3,-99,-99,-99,-99,3,-99,-99,-99,-99,-99,-99,-99,-99,-99,-99,-99,-99,-99,-99,-99,-99,-99,4,-99,-99,-99
E12000009,South West,E06000026,Plymouth,E06000026,Plymouth,E02003124,Tamerton Foliot,-99,-99,-99,-99,-99,-99,-99,-99,-99,-99,-99,-99,3,-99,-99,-99,-99,-99,-99,-99,-99,-99,-99,-99,3,-99,-99,-99,-99,-99,-99,3,-99,-99,-99,8,8
E12000009,South West,E06000026,Plymouth,E06000026,Plymouth,E02003125,Ernesettle,-99,-99,-99,-99,-99,-99,-99,-99,-99,-99,-99,-99,4,3,13,-99,3,3,-99,-99,-99,-99,-99,-99,-99,-99,-99,-99,-99,-99,-99,-99,-99,-99,-99,3,3
E12000009,South West,E06000026,Plymouth,E06000026,Plymouth,E02003126,Derriford & Estover,-99,-99,-99,-99,-99,-99,-99,-99,-99,-99,-99,3,8,-99,-99,-99,-99,-99,-99,-99,-99,-99,-99,-99,-99,-99,-99,-99,-99,-99,-99,-99,8,5,-99,-99,-99
E12000009,South West,E06000026,Plymouth,E06000026,Plymouth,E02003127,King's Tamerton & West Park,-99,-99,-99,-99,-99,-99,-99,-99,-99,-99,-99,3,3,-99,-99,3,-99,3,-99,-99,-99,-99,-99,-99,-99,-99,-99,-99,-99,-99,-99,-99,-99,-99,-99,-99,-99
E12000009,South West,E06000026,Plymouth,E06000026,Plymouth,E02003128,Honicknowle & Manadon,-99,-99,-99,-99,-99,-99,-99,-99,3,4,-99,6,3,4,-99,12,-99,-99,-99,-99,-99,-99,-99,-99,-99,-99,-99,-99,4,-99,-99,3,-99,-99,5,-99,-99
E12000009,South West,E06000026,Plymouth,E06000026,Plymouth,E02003129,Crownhill,-99,-99,-99,-99,-99,-99,-99,-99,-99,-99,-99,3,-99,-99,-99,-99,-99,-99,-99,-99,-99,-99,-99,-99,-99,-99,-99,-99,-99,-99,-99,-99,-99,-99,-99,-99,-99
E12000009,South West,E06000026,Plymouth,E06000026,Plymouth,E02003130,St Budeaux,-99,-99,-99,-99,-99,-99,-99,-99,-99,-99,-99,5,-99,-99,-99,5,-99,-99,-99,-99,-99,-99,-99,-99,-99,-99,-99,-99,-99,-99,-99,-99,-99,-99,3,4,4
E12000009,South West,E06000026,Plymouth,E06000026,Plymouth,E02003131,Deer Park & Leigham,-99,-99,-99,-99,-99,-99,-99,-99,-99,-99,-99,4,4,-99,-99,-99,-99,-99,-99,-99,-99,-99,-99,-99,-99,-99,-99,-99,-99,-99,-99,-99,3,-99,-99,-99,-99
E12000009,South West,E06000026,Plymouth,E06000026,Plymouth,E02003132,"Ham, Beacon Park & Pennycross",-99,-99,-99,-99,-99,-99,-99,-99,3,3,-99,-99,-99,-99,-99,-99,-99,-99,-99,-99,-99,-99,-99,-99,-99,-99,-99,-99,-99,-99,-99,-99,-99,-99,-99,-99,-99
E12000009,South West,E06000026,Plymouth,E06000026,Plymouth,E02003133,Higher Compton & Eggbuckland,-99,-99,-99,-99,-99,-99,-99,-99,-99,-99,-99,-99,-99,-99,-99,-99,-99,-99,-99,-99,-99,-99,-99,-99,-99,-99,-99,-99,-99,-99,-99,-99,-99,-99,-99,-99,-99
E12000009,South West,E06000026,Plymouth,E06000026,Plymouth,E02003134,North Prospect,-99,-99,-99,-99,-99,-99,-99,-99,-99,-99,-99,-99,-99,-99,-99,-99,-99,3,-99,-99,-99,-99,-99,-99,-99,-99,-99,-99,-99,-99,4,-99,-99,-99,-99,-99,-99
E12000009,South West,E06000026,Plymouth,E06000026,Plymouth,E02003135,Keyham,-99,-99,-99,-99,-99,-99,-99,-99,-99,-99,-99,6,6,-99,-99,-99,-99,-99,-99,-99,-99,-99,-99,-99,-99,-99,-99,-99,-99,-99,-99,-99,-99,6,10,4,4
E12000009,South West,E06000026,Plymouth,E06000026,Plymouth,E02003136,Plympton St Mary,-99,-99,-99,-99,-99,-99,-99,-99,-99,5,-99,-99,6,6,-99,-99,-99,-99,-99,-99,-99,-99,-99,-99,-99,-99,-99,-99,-99,-99,3,-99,-99,-99,-99,-99,-99
E12000009,South West,E06000026,Plymouth,E06000026,Plymouth,E02003137,Mannamead & Hartley,-99,-99,-99,-99,-99,-99,-99,-99,7,-99,-99,4,-99,-99,-99,-99,-99,-99,-99,-99,-99,-99,-99,-99,-99,-99,-99,-99,-99,-99,4,-99,-99,-99,-99,3,3
E12000009,South West,E06000026,Plymouth,E06000026,Plymouth,E02003138,Peverell,-99,-99,-99,-99,-99,-99,-99,-99,-99,-99,-99,-99,5,4,-99,-99,-99,-99,-99,-99,-99,-99,-99,-99,-99,-99,-99,-99,-99,3,-99,-99,-99,-99,-99,-99,-99
E12000009,South West,E06000026,Plymouth,E06000026,Plymouth,E02003139,Plympton Chaddlewood,-99,-99,-99,-99,-99,-99,-99,-99,-99,-99,-99,-99,-99,-99,-99,-99,-99,-99,-99,-99,-99,-99,-99,-99,-99,-99,-99,-99,-99,-99,-99,-99,-99,3,-99,-99,-99
E12000009,South West,E06000026,Plymouth,E06000026,Plymouth,E02003140,Plympton Underwood,-99,-99,-99,-99,-99,-99,-99,-99,-99,-99,-99,3,-99,7,4,-99,-99,-99,-99,-99,-99,-99,-99,-99,-99,-99,-99,-99,-99,-99,5,-99,-99,-99,-99,-99,-99
E12000009,South West,E06000026,Plymouth,E06000026,Plymouth,E02003141,Ford & Blockhouse Park,-99,-99,-99,-99,-99,-99,-99,-99,-99,-99,4,-99,3,5,4,-99,-99,-99,-99,-99,-99,-99,-99,-99,-99,-99,-99,-99,-99,-99,-99,-99,-99,-99,3,-99,-99
E12000009,South West,E06000026,Plymouth,E06000026,Plymouth,E02003142,"Efford, Laira & Crabtree",-99,-99,-99,-99,-99,-99,-99,-99,-99,-99,3,-99,6,4,-99,-99,-99,-99,-99,-99,-99,-99,-99,-99,-99,-99,-99,-99,-99,-99,-99,-99,-99,-99,-99,-99,-99
E12000009,South West,E06000026,Plymouth,E06000026,Plymouth,E02003143,Plympton St Maurice,-99,-99,-99,-99,-99,-99,-99,-99,-99,-99,-99,4,4,5,-99,4,-99,-99,-99,-99,-99,-99,-99,-99,-99,-99,-99,-99,-99,-99,-99,-99,-99,-99,-99,-99,-99
E12000009,South West,E06000026,Plymouth,E06000026,Plymouth,E02003144,Mutley,-99,-99,-99,-99,-99,-99,-99,-99,-99,-99,-99,-99,5,-99,-99,-99,-99,-99,-99,-99,-99,-99,-99,-99,-99,-99,-99,-99,-99,5,-99,3,14,11,10,7,7
E12000009,South West,E06000026,Plymouth,E06000026,Plymouth,E02003145,Stoke & Pennycomequick,-99,-99,-99,-99,-99,-99,-99,-99,-99,3,-99,-99,6,13,-99,5,-99,-99,-99,-99,-99,-99,-99,-99,-99,-99,-99,-99,-99,-99,-99,-99,-99,-99,-99,-99,-99
E12000009,South West,E06000026,Plymouth,E06000026,Plymouth,E02003146,Lipson,-99,-99,-99,-99,-99,-99,-99,-99,-99,-99,-99,-99,5,4,-99,-99,-99,-99,-99,-99,-99,-99,-99,-99,-99,-99,-99,-99,-99,-99,-99,-99,-99,-99,-99,4,4
E12000009,South West,E06000026,Plymouth,E06000026,Plymouth,E02003147,"Devonport, Mount Wise & Morice Town",-99,-99,-99,-99,-99,-99,-99,-99,-99,-99,-99,5,3,3,-99,-99,-99,-99,-99,-99,-99,-99,-99,-99,-99,-99,-99,-99,-99,-99,-99,-99,-99,-99,-99,-99,-99
E12000009,South West,E06000026,Plymouth,E06000026,Plymouth,E02003148,"City Centre, Barbican & Sutton Harbour",-99,-99,-99,-99,-99,-99,-99,-99,-99,-99,4,-99,4,4,4,3,-99,-99,-99,-99,-99,-99,-99,-99,-99,-99,-99,-99,-99,-99,-99,-99,-99,-99,3,10,10
E12000009,South West,E06000026,Plymouth,E06000026,Plymouth,E02003149,Cattedown & Prince Rock,-99,-99,-99,-99,-99,-99,-99,-99,-99,-99,-99,4,5,4,-99,-99,-99,3,-99,-99,-99,-99,-99,-99,-99,-99,-99,-99,-99,-99,-99,3,-99,3,-99,4,4
E12000009,South West,E06000026,Plymouth,E06000026,Plymouth,E02003150,Millbay & Stonehouse,-99,-99,-99,-99,-99,-99,-99,-99,-99,3,-99,6,-99,3,-99,3,-99,-99,-99,-99,-99,-99,-99,-99,-99,-99,-99,-99,-99,-99,-99,-99,3,-99,-99,4,4
E12000009,South West,E06000026,Plymouth,E06000026,Plymouth,E02003151,Plymstock Elburton,-99,-99,-99,-99,-99,-99,-99,-99,-99,4,3,5,7,4,9,-99,-99,-99,-99,-99,-99,-99,-99,-99,-99,-99,-99,-99,-99,-99,-99,-99,-99,-99,3,6,6
E12000009,South West,E06000026,Plymouth,E06000026,Plymouth,E02003152,Plymstock Hooe & Oreston,-99,-99,-99,-99,-99,-99,-99,-99,-99,-99,-99,7,11,-99,5,-99,-99,-99,-99,-99,-99,-99,-99,-99,-99,-99,-99,-99,-99,-99,3,3,-99,-99,4,-99,-99
E12000009,South West,E06000026,Plymouth,E06000026,Plymouth,E02003153,Plymstock Goosewell & Staddiscombe,-99,-99,-99,-99,-99,-99,-99,-99,-99,-99,-99,-99,3,-99,-99,-99,-99,-99,-99,-99,-99,-99,-99,-99,-99,-99,-99,-99,-99,-99,-99,-99,-99,-99,-99,-99,-99
E12000009,South West,E06000027,Torbay,E06000027,Torbay,E02003154,Watcombe,-99,-99,-99,-99,-99,-99,-99,-99,-99,-99,-99,-99,-99,-99,-99,-99,-99,-99,-99,-99,-99,-99,-99,-99,-99,-99,-99,-99,-99,-99,-99,-99,-99,-99,-99,-99,-99
E12000009,South West,E06000027,Torbay,E06000027,Torbay,E02003155,St Marychurch & Maidencombe,-99,-99,-99,-99,-99,-99,-99,-99,-99,-99,-99,-99,-99,-99,-99,-99,-99,-99,-99,-99,-99,-99,-99,-99,-99,-99,-99,-99,-99,-99,-99,-99,-99,-99,-99,14,14
E12000009,South West,E06000027,Torbay,E06000027,Torbay,E02003156,Shiphay & the Willows,-99,-99,-99,-99,-99,-99,-99,-99,-99,6,-99,-99,-99,-99,-99,-99,-99,-99,-99,-99,-99,-99,-99,-99,-99,-99,-99,-99,-99,-99,-99,-99,-99,-99,3,5,5
E12000009,South West,E06000027,Torbay,E06000027,Torbay,E02003157,Upton & Hele,-99,-99,-99,-99,-99,-99,-99,-99,-99,-99,-99,-99,-99,-99,-99,-99,-99,-99,-99,-99,-99,-99,-99,-99,-99,-99,-99,-99,-99,-99,-99,-99,-99,-99,3,-99,-99
E12000009,South West,E06000027,Torbay,E06000027,Torbay,E02003158,Babbacombe & Plainmoor,-99,-99,-99,-99,-99,-99,-99,-99,-99,-99,3,-99,3,-99,-99,-99,-99,-99,-99,-99,-99,-99,-99,-99,-99,-99,-99,-99,-99,-99,-99,-99,-99,-99,3,4,4
E12000009,South West,E06000027,Torbay,E06000027,Torbay,E02003159,Ellacombe,-99,-99,-99,-99,-99,-99,-99,-99,-99,-99,-99,-99,-99,-99,-99,-99,-99,-99,-99,-99,-99,-99,-99,-99,-99,-99,-99,-99,-99,-99,-99,-99,-99,-99,-99,3,3
E12000009,South West,E06000027,Torbay,E06000027,Torbay,E02003161,Torquay Central,-99,-99,-99,-99,-99,-99,-99,-99,-99,4,5,-99,4,-99,-99,-99,-99,-99,-99,-99,-99,-99,-99,-99,-99,-99,-99,-99,-99,-99,-99,-99,-99,-99,-99,4,4
E12000009,South West,E06000027,Torbay,E06000027,Torbay,E02003163,Wellswood,-99,-99,-99,-99,-99,-99,-99,-99,4,-99,-99,-99,5,-99,-99,-99,-99,-99,-99,-99,-99,-99,-99,-99,-99,-99,-99,-99,-99,4,-99,4,-99,-99,-99,5,5
E12000009,South West,E06000027,Torbay,E06000027,Torbay,E02003164,Preston & Shorton,-99,-99,-99,-99,-99,-99,-99,-99,-99,-99,-99,3,-99,-99,-99,-99,-99,-99,-99,-99,-99,-99,-99,-99,-99,-99,-99,-99,-99,-99,-99,-99,-99,-99,-99,-99,-99
E12000009,South West,E06000027,Torbay,E06000027,Torbay,E02003165,Clifton & Maidenway,-99,-99,-99,-99,-99,-99,-99,-99,-99,-99,13,28,5,-99,-99,-99,-99,-99,-99,-99,-99,-99,3,-99,-99,-99,-99,-99,-99,-99,-99,-99,-99,-99,-99,6,6
E12000009,South West,E06000027,Torbay,E06000027,Torbay,E02003166,Blatchcombe & Blagdon,-99,-99,-99,-99,-99,-99,-99,-99,-99,-99,-99,3,3,-99,-99,-99,-99,-99,-99,-99,-99,-99,-99,-99,-99,-99,-99,-99,-99,-99,-99,-99,-99,-99,-99,-99,-99
E12000009,South West,E06000027,Torbay,E06000027,Torbay,E02003167,Paignton Central,-99,-99,-99,-99,-99,-99,-99,-99,-99,-99,-99,5,26,3,4,-99,-99,-99,-99,-99,-99,-99,-99,-99,-99,-99,-99,-99,-99,-99,-99,-99,-99,-99,-99,4,4
E12000009,South West,E06000027,Torbay,E06000027,Torbay,E02003168,Goodrington & Roselands,-99,-99,-99,-99,-99,-99,-99,-99,-99,-99,-99,3,5,-99,-99,-99,-99,-99,-99,-99,-99,-99,-99,-99,-99,-99,-99,-99,-99,-99,-99,-99,-99,-99,-99,4,4
E12000009,South West,E06000027,Torbay,E06000027,Torbay,E02003169,Churston & Galmpton,-99,-99,-99,-99,-99,-99,-99,-99,-99,-99,-99,-99,-99,-99,-99,-99,-99,-99,-99,-99,-99,-99,-99,-99,-99,-99,-99,-99,-99,-99,-99,5,-99,-99,-99,3,3
E12000009,South West,E06000027,Torbay,E06000027,Torbay,E02003170,Brixham Town,-99,-99,-99,-99,-99,3,-99,-99,3,4,-99,-99,-99,-99,-99,-99,-99,-99,-99,-99,-99,-99,-99,-99,-99,-99,-99,-99,-99,-99,-99,-99,-99,-99,-99,3,3
E12000009,South West,E06000027,Torbay,E06000027,Torbay,E02003171,Higher Brixham,-99,-99,-99,-99,-99,-99,-99,-99,-99,-99,3,-99,-99,-99,-99,-99,-99,-99,-99,-99,-99,-99,-99,-99,-99,-99,-99,-99,-99,-99,-99,-99,-99,-99,-99,-99,-99
E12000009,South West,E06000058,"Bournemouth, Christchurch and Poole",E06000058,"Bournemouth, Christchurch and Poole",E02003172,Kinson East,-99,-99,-99,-99,-99,-99,-99,-99,5,-99,3,-99,-99,5,-99,-99,-99,-99,-99,-99,-99,-99,-99,-99,-99,-99,-99,-99,-99,-99,-99,-99,-99,-99,4,4,4
E12000009,South West,E06000058,"Bournemouth, Christchurch and Poole",E06000058,"Bournemouth, Christchurch and Poole",E02003173,Kinson West,-99,-99,-99,-99,-99,-99,-99,-99,-99,3,-99,4,5,16,-99,-99,-99,-99,-99,-99,-99,-99,-99,-99,-99,-99,-99,-99,-99,-99,-99,-99,-99,-99,-99,3,3
E12000009,South West,E06000058,"Bournemouth, Christchurch and Poole",E06000058,"Bournemouth, Christchurch and Poole",E02003174,Northbourne,-99,-99,-99,-99,-99,-99,-99,-99,-99,-99,-99,-99,-99,3,-99,-99,-99,-99,-99,-99,-99,-99,-99,-99,-99,-99,-99,-99,-99,-99,-99,-99,-99,-99,4,4,4
E12000009,South West,E06000058,"Bournemouth, Christchurch and Poole",E06000058,"Bournemouth, Christchurch and Poole",E02003175,Throop & Muscliffe,-99,-99,-99,-99,-99,-99,-99,-99,-99,-99,-99,-99,5,-99,5,-99,-99,-99,-99,-99,-99,-99,-99,-99,-99,-99,-99,-99,-99,-99,-99,3,3,-99,-99,5,5
E12000009,South West,E06000058,"Bournemouth, Christchurch and Poole",E06000058,"Bournemouth, Christchurch and Poole",E02003176,West Howe,-99,-99,-99,-99,-99,-99,-99,-99,-99,5,-99,3,3,7,3,-99,-99,-99,-99,-99,-99,-99,-99,-99,-99,-99,-99,-99,-99,-99,-99,-99,-99,-99,-99,-99,-99
E12000009,South West,E06000058,"Bournemouth, Christchurch and Poole",E06000058,"Bournemouth, Christchurch and Poole",E02003177,Moordown,-99,-99,-99,-99,-99,-99,-99,-99,-99,-99,-99,-99,-99,-99,-99,-99,-99,-99,-99,-99,-99,-99,-99,-99,-99,-99,-99,-99,-99,-99,-99,-99,-99,6,-99,-99,-99
E12000009,South West,E06000058,"Bournemouth, Christchurch and Poole",E06000058,"Bournemouth, Christchurch and Poole",E02003178,East Howe & Ensbury Park,-99,-99,-99,-99,-99,-99,-99,-99,-99,-99,4,3,3,6,-99,-99,-99,-99,-99,-99,-99,-99,-99,-99,-99,-99,-99,-99,-99,-99,-99,-99,5,-99,5,6,6
E12000009,South West,E06000058,"Bournemouth, Christchurch and Poole",E06000058,"Bournemouth, Christchurch and Poole",E02003179,Townsend & Strouden,-99,-99,-99,-99,-99,-99,-99,-99,-99,-99,-99,3,7,-99,-99,-99,-99,-99,-99,-99,-99,-99,-99,-99,-99,-99,-99,-99,-99,-99,-99,-99,-99,3,-99,-99,-99
E12000009,South West,E06000058,"Bournemouth, Christchurch and Poole",E06000058,"Bournemouth, Christchurch and Poole",E02003180,Winton,-99,-99,-99,-99,-99,-99,-99,-99,3,-99,4,-99,-99,-99,-99,3,-99,-99,-99,-99,-99,-99,-99,-99,-99,-99,-99,-99,-99,-99,-99,-99,5,4,4,15,15
E12000009,South West,E06000058,"Bournemouth, Christchurch and Poole",E06000058,"Bournemouth, Christchurch and Poole",E02003181,Queens Park,-99,-99,-99,-99,-99,-99,-99,-99,-99,-99,-99,-99,-99,4,4,-99,-99,-99,-99,-99,-99,-99,-99,-99,-99,-99,-99,-99,-99,-99,-99,4,-99,-99,8,10,10
E12000009,South West,E06000058,"Bournemouth, Christchurch and Poole",E06000058,"Bournemouth, Christchurch and Poole",E02003182,Littledown,-99,-99,-99,-99,-99,-99,-99,-99,-99,-99,7,3,5,-99,4,-99,-99,-99,-99,-99,-99,-99,-99,-99,-99,-99,-99,-99,-99,-99,-99,-99,4,-99,-99,3,3
E12000009,South West,E06000058,"Bournemouth, Christchurch and Poole",E06000058,"Bournemouth, Christchurch and Poole",E02003183,Talbot & Branksome Woods,-99,-99,-99,-99,-99,-99,-99,-99,-99,-99,-99,4,-99,-99,-99,-99,-99,-99,-99,-99,-99,-99,-99,-99,-99,-99,-99,-99,-99,-99,-99,-99,3,-99,4,11,11
E12000009,South West,E06000058,"Bournemouth, Christchurch and Poole",E06000058,"Bournemouth, Christchurch and Poole",E02003184,Charminster,-99,-99,-99,-99,-99,-99,-99,-99,-99,-99,3,4,-99,8,-99,-99,-99,-99,-99,-99,-99,-99,-99,-99,-99,-99,-99,-99,-99,-99,-99,-99,-99,3,7,6,6
E12000009,South West,E06000058,"Bournemouth, Christchurch and Poole",E06000058,"Bournemouth, Christchurch and Poole",E02003185,Iford,-99,-99,-99,-99,-99,-99,-99,-99,-99,-99,-99,-99,-99,-99,-99,-99,-99,-99,-99,-99,-99,-99,-99,-99,-99,-99,-99,-99,-99,-99,-99,3,-99,-99,-99,6,6
E12000009,South West,E06000058,"Bournemouth, Christchurch and Poole",E06000058,"Bournemouth, Christchurch and Poole",E02003186,Springbourne & Queen's Park,-99,-99,-99,-99,-99,-99,-99,-99,-99,-99,-99,-99,-99,6,3,-99,-99,3,-99,-99,-99,-99,-99,-99,-99,-99,-99,-99,-99,-99,-99,-99,-99,-99,-99,4,4
E12000009,South West,E06000058,"Bournemouth, Christchurch and Poole",E06000058,"Bournemouth, Christchurch and Poole",E02003187,Boscombe East,-99,-99,-99,-99,-99,-99,-99,-99,-99,-99,3,-99,-99,5,-99,-99,-99,-99,-99,-99,-99,-99,-99,-99,-99,-99,-99,-99,-99,-99,-99,3,-99,-99,-99,4,4
E12000009,South West,E06000058,"Bournemouth, Christchurch and Poole",E06000058,"Bournemouth, Christchurch and Poole",E02003188,Central Bournemouth,-99,-99,-99,-99,-99,-99,-99,-99,-99,-99,5,-99,-99,4,-99,-99,-99,-99,-99,-99,-99,-99,-99,-99,-99,-99,-99,-99,-99,-99,8,5,7,4,5,39,39
E12000009,South West,E06000058,"Bournemouth, Christchurch and Poole",E06000058,"Bournemouth, Christchurch and Poole",E02003189,Southbourne West,-99,-99,-99,-99,-99,-99,-99,-99,-99,-99,6,3,-99,6,-99,-99,-99,-99,-99,-99,-99,-99,-99,-99,-99,-99,-99,-99,-99,-99,-99,5,3,-99,-99,-99,-99
E12000009,South West,E06000058,"Bournemouth, Christchurch and Poole",E06000058,"Bournemouth, Christchurch and Poole",E02003190,Boscombe West,-99,-99,-99,-99,-99,-99,-99,-99,-99,3,-99,-99,4,7,6,-99,-99,-99,-99,-99,-99,-99,-99,-99,-99,-99,-99,-99,-99,-99,-99,3,8,3,4,4,4
E12000009,South West,E06000058,"Bournemouth, Christchurch and Poole",E06000058,"Bournemouth, Christchurch and Poole",E02003191,East Southbourne & Hengistbury Head,-99,-99,-99,-99,-99,-99,-99,-99,-99,3,3,-99,-99,-99,-99,-99,-99,-99,-99,-99,-99,-99,-99,-99,-99,-99,-99,-99,-99,-99,-99,-99,-99,3,-99,5,5
E12000009,South West,E06000058,"Bournemouth, Christchurch and Poole",E06000058,"Bournemouth, Christchurch and Poole",E02003192,East Cliff,-99,-99,-99,-99,-99,-99,-99,-99,-99,6,3,-99,-99,-99,5,5,-99,-99,-99,-99,-99,-99,-99,-99,-99,-99,-99,-99,-99,-99,-99,3,6,3,3,34,34
E12000009,South West,E06000058,"Bournemouth, Christchurch and Poole",E06000058,"Bournemouth, Christchurch and Poole",E02003194,Merley,-99,-99,-99,-99,-99,-99,-99,-99,-99,-99,-99,-99,-99,-99,-99,-99,-99,-99,-99,-99,-99,-99,-99,-99,-99,-99,-99,-99,3,-99,-99,-99,-99,4,-99,4,4
E12000009,South West,E06000058,"Bournemouth, Christchurch and Poole",E06000058,"Bournemouth, Christchurch and Poole",E02003195,Bearwood,-99,-99,-99,-99,-99,-99,-99,-99,-99,-99,-99,-99,-99,3,-99,-99,-99,-99,-99,-99,-99,-99,-99,-99,-99,-99,-99,-99,-99,-99,-99,-99,-99,-99,4,-99,-99
E12000009,South West,E06000058,"Bournemouth, Christchurch and Poole",E06000058,"Bournemouth, Christchurch and Poole",E02003196,Broadstone,-99,-99,-99,-99,-99,-99,-99,-99,3,-99,-99,-99,-99,3,-99,-99,-99,-99,-99,-99,-99,-99,-99,-99,-99,-99,-99,-99,-99,-99,-99,-99,-99,-99,-99,-99,-99
E12000009,South West,E06000058,"Bournemouth, Christchurch and Poole",E06000058,"Bournemouth, Christchurch and Poole",E02003197,Canford Heath West,-99,-99,-99,-99,-99,-99,-99,-99,3,-99,-99,-99,-99,3,-99,-99,-99,3,-99,-99,-99,-99,-99,-99,-99,-99,-99,-99,-99,-99,-99,-99,-99,-99,-99,-99,-99
E12000009,South West,E06000058,"Bournemouth, Christchurch and Poole",E06000058,"Bournemouth, Christchurch and Poole",E02003198,Canford Heath East,-99,-99,-99,-99,-99,-99,-99,-99,-99,-99,4,-99,4,10,-99,-99,-99,3,-99,-99,-99,-99,-99,-99,-99,-99,-99,-99,-99,-99,-99,-99,-99,-99,-99,-99,-99
E12000009,South West,E06000058,"Bournemouth, Christchurch and Poole",E06000058,"Bournemouth, Christchurch and Poole",E02003199,Creekmoor,-99,-99,-99,-99,-99,-99,-99,-99,-99,5,-99,-99,-99,3,-99,-99,-99,-99,-99,-99,-99,-99,-99,-99,-99,-99,-99,-99,-99,-99,-99,-99,-99,-99,-99,3,3
E12000009,South West,E06000058,"Bournemouth, Christchurch and Poole",E06000058,"Bournemouth, Christchurch and Poole",E02003200,Rossmore,-99,-99,-99,-99,-99,-99,-99,-99,-99,3,3,3,-99,-99,-99,-99,-99,-99,-99,-99,-99,-99,-99,-99,-99,-99,-99,-99,-99,-99,-99,-99,4,-99,-99,3,3
E12000009,South West,E06000058,"Bournemouth, Christchurch and Poole",E06000058,"Bournemouth, Christchurch and Poole",E02003201,Newtown,-99,-99,-99,-99,-99,-99,-99,-99,-99,-99,-99,-99,-99,3,-99,3,-99,-99,-99,-99,-99,-99,-99,-99,-99,-99,-99,-99,-99,-99,-99,-99,-99,-99,-99,4,4
E12000009,South West,E06000058,"Bournemouth, Christchurch and Poole",E06000058,"Bournemouth, Christchurch and Poole",E02003202,Branksome East,-99,-99,-99,-99,-99,-99,-99,-99,-99,-99,-99,7,-99,3,-99,-99,-99,-99,-99,-99,-99,-99,-99,-99,-99,-99,-99,-99,-99,-99,-99,-99,-99,-99,-99,-99,-99
E12000009,South West,E06000058,"Bournemouth, Christchurch and Poole",E06000058,"Bournemouth, Christchurch and Poole",E02003203,Branksome West,-99,-99,-99,-99,-99,-99,-99,-99,-99,-99,3,-99,5,-99,-99,-99,-99,-99,-99,-99,-99,-99,-99,-99,-99,-99,-99,-99,-99,-99,-99,-99,-99,-99,-99,5,5
E12000009,South West,E06000058,"Bournemouth, Christchurch and Poole",E06000058,"Bournemouth, Christchurch and Poole",E02003204,Oakdale East,-99,-99,-99,-99,-99,-99,-99,-99,-99,-99,-99,6,-99,8,-99,-99,-99,-99,-99,-99,-99,-99,-99,-99,-99,-99,-99,-99,-99,-99,-99,-99,-99,-99,-99,6,6
E12000009,South West,E06000058,"Bournemouth, Christchurch and Poole",E06000058,"Bournemouth, Christchurch and Poole",E02003205,Oakdale West,-99,-99,-99,-99,-99,-99,-99,-99,-99,-99,-99,-99,-99,6,-99,-99,-99,-99,-99,-99,-99,-99,-99,-99,-99,-99,-99,-99,-99,-99,-99,-99,-99,-99,-99,8,8
E12000009,South West,E06000058,"Bournemouth, Christchurch and Poole",E06000058,"Bournemouth, Christchurch and Poole",E02003206,Penn Hill,-99,-99,-99,-99,-99,-99,3,-99,4,-99,-99,4,3,-99,-99,-99,-99,-99,-99,-99,-99,-99,-99,-99,-99,-99,-99,-99,-99,-99,-99,-99,-99,-99,-99,5,5
E12000009,South West,E06000058,"Bournemouth, Christchurch and Poole",E06000058,"Bournemouth, Christchurch and Poole",E02003207,Hamworthy West,-99,-99,-99,-99,-99,-99,-99,-99,-99,-99,-99,-99,-99,-99,-99,-99,-99,-99,-99,-99,-99,-99,-99,-99,-99,-99,-99,-99,-99,-99,-99,-99,-99,-99,-99,-99,-99
E12000009,South West,E06000058,"Bournemouth, Christchurch and Poole",E06000058,"Bournemouth, Christchurch and Poole",E02003208,Poole Town,-99,-99,-99,-99,-99,-99,-99,-99,-99,12,6,6,6,-99,3,-99,-99,5,-99,-99,-99,-99,-99,-99,-99,-99,-99,-99,-99,-99,-99,6,-99,-99,-99,-99,-99
E12000009,South West,E06000058,"Bournemouth, Christchurch and Poole",E06000058,"Bournemouth, Christchurch and Poole",E02003209,Hamworthy East,-99,-99,-99,-99,-99,-99,-99,-99,-99,-99,-99,3,-99,-99,-99,-99,-99,-99,-99,-99,-99,-99,-99,-99,-99,-99,-99,-99,-99,-99,-99,-99,-99,-99,-99,-99,-99
E12000009,South West,E06000058,"Bournemouth, Christchurch and Poole",E06000058,"Bournemouth, Christchurch and Poole",E02003210,Parkstone,-99,-99,-99,-99,-99,-99,-99,-99,-99,-99,-99,-99,-99,-99,-99,-99,-99,-99,-99,-99,-99,-99,-99,-99,-99,-99,-99,3,-99,-99,-99,-99,3,5,3,5,5
E12000009,South West,E06000058,"Bournemouth, Christchurch and Poole",E06000058,"Bournemouth, Christchurch and Poole",E02003211,"Branksome Park, Canford Cliffs & Sandbanks",-99,-99,-99,-99,-99,-99,-99,-99,-99,3,7,7,-99,-99,14,-99,-99,-99,-99,-99,-99,-99,-99,-99,-99,-99,-99,-99,-99,-99,-99,-99,-99,-99,-99,4,4
E12000009,South West,E06000030,Swindon,E06000030,Swindon,E02003212,Highworth,-99,-99,-99,-99,-99,-99,-99,-99,5,-99,4,-99,-99,4,-99,-99,-99,-99,-99,-99,-99,-99,-99,-99,-99,-99,3,-99,-99,-99,-99,-99,-99,-99,-99,-99,-99
E12000009,South West,E06000030,Swindon,E06000030,Swindon,E02003214,Penhill,-99,-99,-99,-99,-99,-99,-99,-99,-99,-99,3,-99,4,-99,3,-99,-99,-99,-99,-99,-99,-99,-99,-99,-99,-99,-99,-99,-99,-99,-99,-99,-99,-99,-99,3,3
E12000009,South West,E06000030,Swindon,E06000030,Swindon,E02003215,Haydon Wick,-99,-99,-99,-99,-99,-99,-99,-99,-99,-99,-99,-99,-99,-99,-99,-99,-99,-99,-99,-99,-99,-99,-99,-99,-99,-99,3,-99,-99,-99,-99,-99,-99,-99,3,-99,-99
E12000009,South West,E06000030,Swindon,E06000030,Swindon,E02003216,Upper Stratton,-99,-99,-99,-99,-99,-99,-99,-99,3,-99,4,-99,3,4,-99,-99,-99,-99,-99,-99,-99,-99,-99,-99,-99,-99,7,4,-99,-99,-99,-99,-99,4,7,-99,-99
E12000009,South West,E06000030,Swindon,E06000030,Swindon,E02003217,Moredon,-99,-99,-99,-99,-99,-99,-99,-99,-99,-99,4,4,5,3,3,-99,-99,-99,-99,-99,-99,-99,-99,-99,-99,-99,-99,3,-99,-99,-99,-99,-99,-99,-99,-99,-99
E12000009,South West,E06000030,Swindon,E06000030,Swindon,E02003218,Pinehurst,-99,-99,-99,-99,-99,-99,-99,-99,-99,-99,-99,-99,5,3,3,-99,-99,-99,-99,-99,-99,-99,-99,-99,-99,-99,-99,5,-99,-99,-99,-99,-99,-99,-99,-99,-99
E12000009,South West,E06000030,Swindon,E06000030,Swindon,E02003219,"Broad Blunsdon, South Marston & Wanborough",-99,-99,-99,-99,-99,-99,-99,-99,-99,-99,-99,-99,-99,10,-99,-99,4,-99,-99,-99,-99,-99,-99,-99,-99,3,-99,-99,-99,-99,-99,-99,-99,-99,-99,-99,-99
E12000009,South West,E06000030,Swindon,E06000030,Swindon,E02003220,Lower Stratton,-99,-99,-99,-99,-99,-99,-99,-99,-99,-99,6,6,3,5,5,12,-99,-99,-99,-99,4,-99,-99,-99,-99,-99,-99,-99,-99,-99,-99,3,-99,-99,-99,5,5
E12000009,South West,E06000030,Swindon,E06000030,Swindon,E02003221,Gorse Hill,-99,-99,-99,-99,-99,-99,-99,-99,-99,-99,4,-99,3,-99,4,3,-99,-99,-99,-99,-99,-99,-99,-99,-99,3,5,9,7,7,3,5,-99,-99,-99,-99,-99
E12000009,South West,E06000030,Swindon,E06000030,Swindon,E02003222,Roughmoor,-99,-99,-99,-99,-99,-99,-99,-99,-99,-99,-99,-99,-99,-99,4,-99,-99,-99,-99,-99,-99,-99,-99,-99,-99,-99,-99,-99,-99,3,-99,-99,-99,-99,-99,-99,-99
E12000009,South West,E06000030,Swindon,E06000030,Swindon,E02003223,Rodbourne & Cheney Manor,-99,-99,-99,-99,-99,-99,-99,-99,3,-99,3,3,5,5,3,-99,-99,-99,-99,-99,-99,-99,-99,-99,3,7,5,11,12,9,4,-99,-99,-99,-99,-99,-99
E12000009,South West,E06000030,Swindon,E06000030,Swindon,E02003224,Covingham,-99,-99,-99,-99,-99,-99,-99,-99,-99,3,6,-99,-99,-99,-99,-99,3,-99,-99,-99,-99,-99,-99,-99,-99,-99,-99,-99,-99,-99,-99,-99,-99,-99,-99,3,3
E12000009,South West,E06000030,Swindon,E06000030,Swindon,E02003225,Westlea & Shaw,-99,-99,-99,-99,-99,-99,-99,-99,-99,-99,3,-99,3,6,-99,-99,-99,-99,-99,-99,5,-99,-99,-99,-99,-99,4,-99,-99,-99,-99,-99,-99,-99,-99,-99,-99
E12000009,South West,E06000030,Swindon,E06000030,Swindon,E02003226,Central North,-99,-99,-99,-99,-99,-99,-99,-99,-99,5,-99,8,6,3,-99,4,6,-99,-99,-99,-99,3,-99,4,-99,12,35,40,35,34,18,3,3,-99,-99,3,3
E12000009,South West,E06000030,Swindon,E06000030,Swindon,E02003227,Walcot East,-99,-99,-99,-99,-99,-99,-99,-99,-99,-99,5,-99,-99,4,-99,-99,-99,-99,-99,-99,-99,-99,-99,-99,-99,-99,-99,4,6,-99,-99,-99,-99,-99,-99,-99,-99
E12000009,South West,E06000030,Swindon,E06000030,Swindon,E02003228,Central East & Walcot West,-99,-99,-99,-99,-99,-99,-99,-99,-99,-99,6,6,6,5,-99,3,-99,-99,-99,-99,-99,-99,3,-99,-99,-99,5,4,4,7,-99,6,-99,-99,4,4,4
E12000009,South West,E06000030,Swindon,E06000030,Swindon,E02003229,Freshbrook North & Grange Park,-99,-99,-99,-99,-99,-99,-99,-99,-99,3,-99,-99,-99,-99,-99,-99,-99,-99,-99,-99,-99,-99,-99,-99,-99,-99,4,-99,-99,-99,-99,-99,-99,-99,-99,-99,-99
E12000009,South West,E06000030,Swindon,E06000030,Swindon,E02003230,Central South & Eastcott,-99,-99,-99,-99,-99,-99,-99,-99,-99,8,7,4,-99,-99,-99,7,-99,-99,-99,-99,3,3,-99,-99,-99,6,6,13,5,5,-99,4,-99,-99,-99,-99,-99
E12000009,South West,E06000030,Swindon,E06000030,Swindon,E02003231,Park North & Park South,-99,-99,-99,-99,-99,-99,-99,-99,-99,-99,3,3,4,7,3,-99,-99,-99,-99,-99,-99,5,-99,-99,-99,-99,3,4,-99,-99,4,-99,-99,-99,-99,-99,-99
E12000009,South West,E06000030,Swindon,E06000030,Swindon,E02003232,Kingshill & Okus,-99,-99,-99,-99,-99,-99,-99,-99,-99,-99,-99,-99,-99,4,-99,-99,4,-99,-99,-99,-99,-99,-99,-99,-99,3,-99,-99,9,-99,-99,3,-99,-99,-99,4,4
E12000009,South West,E06000030,Swindon,E06000030,Swindon,E02003233,Freshbrook South & Toothill,-99,-99,-99,-99,-99,-99,-99,-99,3,-99,5,3,8,5,4,5,-99,-99,-99,-99,-99,-99,-99,-99,-99,-99,5,4,3,6,-99,-99,-99,-99,6,-99,-99
E12000009,South West,E06000030,Swindon,E06000030,Swindon,E02003234,Eldene & Dorcan,-99,-99,-99,-99,-99,-99,-99,-99,-99,4,7,15,8,-99,-99,3,-99,-99,-99,-99,-99,-99,-99,-99,-99,-99,3,-99,-99,-99,-99,-99,-99,-99,-99,-99,-99
E12000009,South West,E06000030,Swindon,E06000030,Swindon,E02003235,Lawn & East Wichel,-99,-99,-99,-99,-99,-99,-99,-99,-99,3,8,8,4,3,-99,-99,-99,-99,-99,-99,-99,-99,-99,-99,-99,-99,-99,-99,-99,3,-99,-99,-99,-99,-99,8,8
E12000009,South West,E06000030,Swindon,E06000030,Swindon,E02003236,"Wroughton, Wichelstowe & Chiseldon",-99,-99,-99,-99,-99,-99,-99,-99,4,-99,7,7,11,6,4,-99,-99,-99,-99,-99,-99,-99,-99,-99,-99,-99,-99,-99,-99,-99,-99,3,-99,-99,3,4,4
E12000006,East of England,E06000031,Peterborough,E06000031,Peterborough,E02003237,"Glinton, Northborough & Maxey",-99,-99,-99,-99,-99,-99,-99,-99,-99,3,-99,-99,3,4,-99,3,-99,3,-99,-99,-99,-99,-99,-99,-99,-99,-99,-99,-99,-99,-99,-99,-99,-99,-99,6,6
E12000006,East of England,E06000031,Peterborough,E06000031,Peterborough,E02003238,Werrington,-99,-99,-99,-99,-99,-99,-99,-99,-99,3,-99,-99,3,3,5,-99,-99,-99,-99,-99,-99,-99,-99,-99,-99,-99,-99,3,-99,-99,-99,-99,-99,3,3,5,5
E12000006,East of England,E06000031,Peterborough,E06000031,Peterborough,E02003239,Newborough & Peakirk,-99,-99,-99,-99,-99,-99,-99,-99,3,-99,-99,-99,-99,8,3,4,5,-99,4,3,-99,-99,-99,-99,-99,-99,-99,-99,-99,-99,-99,-99,-99,-99,7,3,3
E12000006,East of England,E06000031,Peterborough,E06000031,Peterborough,E02003240,"Barnack, Wittering & Wansford",-99,-99,-99,-99,-99,-99,-99,-99,-99,-99,-99,-99,-99,-99,-99,-99,-99,-99,-99,-99,-99,-99,-99,-99,-99,-99,-99,-99,-99,-99,-99,-99,5,-99,-99,3,3
E12000006,East of England,E06000031,Peterborough,E06000031,Peterborough,E02003241,Eye & Thorney,-99,-99,-99,-99,-99,-99,-99,-99,-99,-99,-99,3,6,11,5,4,-99,-99,-99,-99,-99,-99,-99,-99,-99,-99,-99,-99,-99,-99,-99,3,-99,4,4,8,8
E12000006,East of England,E06000031,Peterborough,E06000031,Peterborough,E02003242,Walton,-99,-99,-99,-99,-99,-99,-99,-99,-99,-99,-99,-99,-99,6,4,5,5,4,16,4,7,-99,-99,-99,-99,6,15,-99,-99,-99,-99,-99,-99,-99,3,-99,-99
E12000006,East of England,E06000031,Peterborough,E06000031,Peterborough,E02003243,Paston,-99,-99,-99,-99,-99,-99,-99,-99,-99,-99,-99,-99,-99,7,6,8,9,4,4,-99,-99,-99,7,6,-99,-99,-99,-99,5,-99,-99,-99,-99,-99,-99,4,4
E12000006,East of England,E06000031,Peterborough,E06000031,Peterborough,E02003244,Dogsthorpe,-99,-99,-99,-99,-99,-99,-99,-99,-99,-99,-99,-99,-99,11,11,4,-99,-99,4,-99,3,-99,-99,3,4,-99,-99,-99,-99,-99,-99,-99,-99,-99,5,8,8
E12000006,East of England,E06000031,Peterborough,E06000031,Peterborough,E02003245,North Bretton & Westwood,-99,-99,-99,-99,-99,-99,-99,-99,-99,-99,-99,-99,14,9,6,6,-99,3,-99,-99,-99,-99,10,8,5,-99,-99,-99,-99,-99,4,-99,-99,-99,-99,6,6
E12000006,East of England,E06000031,Peterborough,E06000031,Peterborough,E02003246,Millfield & Bourges Boulevard,-99,-99,-99,-99,-99,-99,-99,-99,3,8,3,-99,-99,21,11,8,7,7,-99,5,3,10,5,4,8,5,-99,-99,3,12,4,4,5,-99,-99,-99,-99
E12000006,East of England,E06000031,Peterborough,E06000031,Peterborough,E02003247,Bretton Park,-99,-99,-99,-99,-99,-99,-99,-99,-99,4,7,8,9,13,6,9,-99,3,-99,3,-99,-99,-99,-99,-99,-99,-99,-99,-99,-99,-99,-99,-99,-99,6,4,4
E12000006,East of England,E06000031,Peterborough,E06000031,Peterborough,E02003248,Central Park,-99,-99,-99,-99,-99,-99,-99,-99,-99,-99,4,-99,3,15,21,7,15,4,9,4,10,11,4,8,-99,5,4,-99,3,-99,16,15,14,3,6,5,5
E12000006,East of England,E06000031,Peterborough,E06000031,Peterborough,E02003249,Fengate & Parnwell,-99,-99,-99,-99,-99,-99,-99,-99,-99,-99,3,4,-99,12,9,14,14,3,5,-99,-99,-99,-99,3,3,4,3,-99,4,-99,-99,-99,-99,-99,-99,-99,-99
E12000006,East of England,E06000031,Peterborough,E06000031,Peterborough,E02003250,Peterborough Central,-99,-99,-99,-99,-99,-99,-99,-99,-99,4,4,-99,4,10,12,23,13,4,6,-99,7,10,4,12,5,7,8,13,3,5,3,5,6,5,8,15,15
E12000006,East of England,E06000031,Peterborough,E06000031,Peterborough,E02003251,Longthorpe & Netherton,-99,-99,-99,-99,-99,-99,-99,-99,-99,-99,4,5,16,15,6,8,5,8,8,10,4,-99,-99,-99,-99,4,-99,3,-99,3,-99,-99,-99,4,-99,5,5
E12000006,East of England,E06000031,Peterborough,E06000031,Peterborough,E02003252,West Town & Woodston,-99,-99,-99,-99,-99,-99,-99,-99,3,3,8,3,4,15,28,10,9,5,3,5,9,4,-99,3,5,3,-99,-99,-99,-99,-99,-99,3,-99,7,13,13
E12000006,East of England,E06000031,Peterborough,E06000031,Peterborough,E02003253,Fletton,-99,-99,-99,-99,-99,-99,-99,-99,-99,-99,-99,-99,3,-99,5,5,-99,3,-99,-99,3,-99,-99,3,-99,-99,-99,-99,4,-99,-99,4,-99,4,-99,-99,-99
E12000006,East of England,E06000031,Peterborough,E06000031,Peterborough,E02003254,Orton West & Castor,-99,-99,-99,-99,-99,-99,-99,-99,-99,-99,-99,-99,-99,6,3,-99,-99,3,-99,-99,-99,-99,-99,-99,-99,-99,-99,-99,-99,-99,-99,-99,-99,-99,3,4,4
E12000006,East of England,E06000031,Peterborough,E06000031,Peterborough,E02003255,Stanground,-99,-99,-99,-99,-99,-99,-99,-99,-99,3,-99,3,4,10,9,7,14,10,-99,-99,-99,-99,-99,6,-99,-99,3,-99,-99,4,5,-99,5,-99,-99,5,5
E12000006,East of England,E06000031,Peterborough,E06000031,Peterborough,E02003257,Orton Malborne & Goldhay,-99,-99,-99,-99,-99,-99,-99,-99,-99,-99,-99,-99,7,9,5,5,9,3,-99,3,-99,-99,-99,-99,-99,-99,-99,-99,-99,-99,-99,3,4,-99,-99,-99,-99
E12000006,East of England,E06000032,Luton,E06000032,Luton,E02003258,Bramingham,-99,-99,-99,-99,-99,-99,-99,-99,-99,6,6,6,8,4,-99,3,-99,4,-99,-99,-99,-99,-99,-99,-99,-99,-99,-99,-99,-99,-99,-99,-99,-99,3,3,3
E12000006,East of England,E06000032,Luton,E06000032,Luton,E02003259,Sundon Park,-99,-99,-99,-99,-99,-99,-99,-99,-99,5,4,5,3,-99,-99,4,3,4,-99,-99,-99,-99,-99,-99,-99,-99,3,-99,-99,-99,-99,-99,-99,-99,4,6,6
E12000006,East of England,E06000032,Luton,E06000032,Luton,E02003260,Marsh Farm,-99,-99,-99,-99,-99,-99,-99,-99,4,4,4,-99,4,5,-99,-99,3,4,-99,-99,-99,3,-99,-99,-99,-99,-99,-99,-99,-99,-99,-99,-99,4,-99,-99,-99
E12000006,East of England,E06000032,Luton,E06000032,Luton,E02003261,Warden Hill,-99,-99,-99,-99,-99,-99,-99,3,3,10,9,6,6,-99,-99,-99,-99,3,-99,3,-99,-99,-99,7,-99,-99,-99,-99,-99,-99,-99,3,-99,4,-99,-99,-99
E12000006,East of England,E06000032,Luton,E06000032,Luton,E02003262,Leagrave,-99,-99,-99,-99,-99,-99,-99,3,5,6,8,-99,-99,6,4,8,9,7,5,-99,-99,-99,3,-99,-99,4,-99,4,-99,3,3,3,-99,7,10,4,4
E12000006,East of England,E06000032,Luton,E06000032,Luton,E02003263,Limbury,-99,-99,-99,-99,-99,-99,-99,-99,-99,4,6,14,12,10,6,-99,9,-99,3,-99,-99,-99,-99,-99,-99,3,-99,8,-99,-99,4,8,9,-99,9,10,10
E12000006,East of England,E06000032,Luton,E06000032,Luton,E02003264,Barnfield,-99,-99,-99,-99,-99,-99,-99,3,8,7,-99,-99,3,4,-99,6,5,5,-99,4,8,-99,-99,-99,5,-99,3,-99,-99,3,-99,-99,-99,11,8,15,15
E12000006,East of England,E06000032,Luton,E06000032,Luton,E02003265,Stopsley North,-99,-99,-99,-99,-99,-99,-99,-99,-99,3,5,5,-99,5,3,-99,-99,-99,-99,-99,-99,-99,-99,-99,-99,-99,-99,-99,3,-99,-99,-99,-99,-99,4,5,5
E12000006,East of England,E06000032,Luton,E06000032,Luton,E02003266,Lewsey North,-99,-99,-99,-99,-99,-99,-99,-99,6,5,9,3,7,4,-99,11,-99,5,-99,-99,-99,7,-99,-99,-99,-99,3,-99,-99,-99,-99,5,4,-99,3,13,13
E12000006,East of England,E06000032,Luton,E06000032,Luton,E02003267,Montrose Avenue,-99,-99,-99,-99,-99,-99,-99,-99,-99,11,9,4,-99,-99,4,-99,15,-99,5,11,-99,3,6,-99,10,-99,3,11,12,-99,-99,-99,-99,17,19,9,9
E12000006,East of England,E06000032,Luton,E06000032,Luton,E02003268,Challney,-99,-99,-99,-99,-99,-99,-99,-99,5,11,11,10,7,12,3,6,8,4,7,-99,3,-99,-99,5,11,15,-99,-99,-99,3,-99,9,4,6,12,7,7
E12000006,East of England,E06000032,Luton,E06000032,Luton,E02003269,Stopsley South & Round Green,-99,-99,-99,-99,-99,-99,-99,-99,3,3,8,-99,-99,-99,4,4,-99,7,-99,-99,-99,-99,-99,-99,-99,-99,3,-99,-99,-99,-99,-99,-99,4,6,3,3
E12000006,East of England,E06000032,Luton,E06000032,Luton,E02003270,Lewsey South,-99,-99,-99,-99,-99,-99,-99,-99,-99,14,32,21,15,13,3,5,13,3,9,5,5,-99,3,5,-99,-99,-99,4,-99,-99,-99,-99,-99,-99,-99,-99,-99
E12000006,East of England,E06000032,Luton,E06000032,Luton,E02003271,Wigmore & Airport,-99,-99,-99,-99,-99,-99,-99,-99,3,3,4,-99,3,7,-99,4,-99,-99,-99,-99,3,-99,-99,-99,-99,-99,-99,-99,-99,-99,-99,3,-99,-99,3,3,3
E12000006,East of England,E06000032,Luton,E06000032,Luton,E02003272,Kingsway,-99,-99,-99,-99,-99,-99,-99,-99,7,8,13,3,-99,3,8,19,7,3,14,39,20,3,3,22,13,3,7,-99,-99,-99,-99,3,3,17,11,6,6
E12000006,East of England,E06000032,Luton,E06000032,Luton,E02003273,St Anns Hill,-99,-99,-99,-99,-99,-99,-99,3,-99,12,9,-99,5,-99,-99,-99,6,3,6,-99,-99,-99,-99,-99,-99,-99,-99,-99,-99,-99,-99,-99,4,6,3,5,5
E12000006,East of England,E06000032,Luton,E06000032,Luton,E02003274,Bury Park,-99,-99,-99,-99,-99,-99,-99,-99,7,7,9,13,8,4,7,8,-99,3,-99,-99,-99,-99,4,-99,-99,5,5,12,3,-99,-99,7,8,4,12,7,7
E12000006,East of England,E06000032,Luton,E06000032,Luton,E02003275,Central Luton & Park Town,-99,-99,-99,-99,-99,-99,-99,-99,4,6,14,10,-99,10,6,16,6,7,-99,3,-99,-99,3,-99,-99,-99,-99,-99,-99,-99,-99,-99,4,5,4,9,9
E12000006,East of England,E06000032,Luton,E06000032,Luton,E02003276,Dallow Road,-99,-99,-99,-99,-99,-99,-99,-99,5,4,-99,3,8,7,-99,3,7,-99,3,-99,-99,4,-99,-99,-99,-99,-99,-99,-99,-99,-99,5,-99,3,6,5,5
E12000006,East of England,E06000032,Luton,E06000032,Luton,E02003277,Farley Hill & Stockwood Park,-99,-99,-99,-99,-99,-99,-99,-99,-99,8,6,-99,4,7,3,4,10,-99,-99,-99,6,-99,-99,-99,7,-99,-99,-99,-99,3,-99,4,5,10,3,12,12
E12000006,East of England,E06000032,Luton,E06000032,Luton,E02003278,New Town,-99,-99,-99,-99,-99,-99,-99,-99,-99,4,-99,3,3,4,7,8,7,-99,-99,-99,-99,-99,3,-99,-99,3,3,-99,-99,-99,-99,-99,7,-99,8,4,4
E12000006,East of England,E06000033,Southend-on-Sea,E06000033,Southend-on-Sea,E02003279,Eastwood Park,-99,-99,-99,-99,-99,-99,-99,-99,3,3,4,-99,3,-99,6,-99,3,-99,-99,-99,8,-99,-99,-99,-99,-99,-99,-99,-99,-99,-99,-99,-99,-99,3,3,3
E12000006,East of England,E06000033,Southend-on-Sea,E06000033,Southend-on-Sea,E02003280,Eastwood,-99,-99,-99,-99,-99,-99,-99,-99,3,5,3,-99,-99,-99,-99,-99,-99,-99,3,3,3,4,3,-99,-99,-99,-99,-99,-99,-99,3,-99,-99,-99,-99,-99,-99
E12000006,East of England,E06000033,Southend-on-Sea,E06000033,Southend-on-Sea,E02003281,Belfairs,-99,-99,-99,-99,-99,-99,-99,-99,5,5,4,3,6,-99,4,3,3,-99,-99,3,-99,-99,-99,-99,-99,-99,-99,-99,-99,-99,-99,-99,-99,-99,5,9,9
E12000006,East of England,E06000033,Southend-on-Sea,E06000033,Southend-on-Sea,E02003282,Prittlewell,-99,-99,-99,-99,-99,-99,-99,-99,3,8,8,-99,3,-99,9,-99,-99,3,4,8,-99,-99,-99,3,-99,-99,-99,-99,-99,-99,-99,-99,-99,5,7,3,3
E12000006,East of England,E06000033,Southend-on-Sea,E06000033,Southend-on-Sea,E02003283,Blenheim Park,-99,-99,-99,-99,-99,-99,-99,-99,-99,6,6,3,-99,3,-99,-99,-99,-99,-99,-99,3,-99,-99,-99,-99,-99,-99,-99,-99,-99,-99,-99,-99,-99,4,4,4
E12000006,East of England,E06000033,Southend-on-Sea,E06000033,Southend-on-Sea,E02003284,St Lukes,-99,-99,-99,-99,-99,-99,-99,-99,-99,3,-99,3,3,6,-99,6,-99,-99,-99,3,-99,-99,-99,-99,-99,-99,-99,-99,-99,-99,4,3,-99,-99,-99,3,3
E12000006,East of England,E06000033,Southend-on-Sea,E06000033,Southend-on-Sea,E02003285,Westborough,-99,-99,-99,-99,-99,-99,-99,-99,-99,-99,3,-99,6,5,-99,4,3,-99,-99,-99,-99,-99,-99,-99,-99,-99,-99,-99,-99,-99,-99,-99,-99,-99,-99,-99,-99
E12000006,East of England,E06000033,Southend-on-Sea,E06000033,Southend-on-Sea,E02003286,West Leigh,-99,-99,-99,-99,-99,-99,-99,-99,-99,4,3,-99,-99,-99,-99,-99,-99,-99,-99,-99,-99,-99,-99,-99,-99,-99,-99,-99,-99,-99,-99,-99,-99,-99,-99,3,3
E12000006,East of England,E06000033,Southend-on-Sea,E06000033,Southend-on-Sea,E02003287,Southchurch,-99,-99,-99,-99,-99,-99,-99,-99,-99,8,6,6,3,4,-99,-99,-99,-99,3,5,4,-99,3,-99,-99,-99,-99,-99,-99,-99,-99,-99,-99,-99,-99,7,7
E12000006,East of England,E06000033,Southend-on-Sea,E06000033,Southend-on-Sea,E02003288,Victoria,-99,-99,-99,-99,-99,-99,-99,-99,3,11,4,3,5,-99,-99,-99,4,3,-99,4,7,3,-99,-99,-99,-99,-99,-99,-99,-99,-99,-99,-99,3,6,8,8
E12000006,East of England,E06000033,Southend-on-Sea,E06000033,Southend-on-Sea,E02003289,Leigh,-99,-99,-99,-99,-99,-99,-99,-99,-99,3,-99,-99,-99,-99,-99,-99,-99,19,-99,3,-99,-99,-99,-99,3,-99,-99,-99,-99,-99,-99,3,4,7,6,6,6
E12000006,East of England,E06000033,Southend-on-Sea,E06000033,Southend-on-Sea,E02003290,Chalkwell,-99,-99,-99,-99,-99,-99,-99,-99,4,13,6,7,-99,5,10,-99,-99,3,3,3,-99,3,-99,-99,-99,-99,-99,-99,-99,-99,-99,3,3,5,7,5,5
E12000006,East of England,E06000033,Southend-on-Sea,E06000033,Southend-on-Sea,E02003291,Shoeburyness,-99,-99,-99,-99,-99,-99,-99,-99,3,3,-99,-99,5,3,3,7,-99,-99,-99,4,-99,-99,-99,-99,-99,-99,-99,-99,-99,-99,-99,-99,-99,-99,3,5,5
E12000006,East of England,E06000033,Southend-on-Sea,E06000033,Southend-on-Sea,E02003292,Kursaal,-99,-99,-99,-99,-99,-99,-99,-99,-99,10,4,-99,4,3,3,-99,5,-99,-99,4,-99,-99,-99,-99,-99,-99,-99,-99,-99,-99,-99,-99,4,-99,-99,-99,-99
E12000006,East of England,E06000033,Southend-on-Sea,E06000033,Southend-on-Sea,E02003293,Southend Central,-99,-99,-99,-99,-99,-99,-99,-99,5,4,5,-99,6,-99,3,7,3,-99,4,-99,-99,-99,-99,3,-99,-99,-99,-99,-99,-99,-99,-99,-99,-99,7,5,5
E12000006,East of England,E06000033,Southend-on-Sea,E06000033,Southend-on-Sea,E02003294,Thorpe Bay,-99,-99,-99,-99,-99,-99,-99,-99,4,10,5,-99,-99,-99,-99,-99,3,-99,-99,5,3,-99,-99,-99,-99,-99,-99,-99,-99,3,4,3,-99,-99,-99,5,5
E12000006,East of England,E06000033,Southend-on-Sea,E06000033,Southend-on-Sea,E02003295,West Shoebury,-99,-99,-99,-99,-99,-99,-99,-99,-99,4,3,-99,-99,-99,3,-99,-99,3,-99,-99,-99,-99,-99,-99,-99,-99,-99,-99,-99,-99,-99,-99,3,-99,-99,3,3
E12000006,East of England,E06000034,Thurrock,E06000034,Thurrock,E02003296,Corringham North & London Gateway,-99,-99,-99,-99,-99,-99,-99,-99,3,4,-99,3,4,4,-99,-99,-99,-99,-99,-99,3,3,-99,-99,-99,-99,-99,-99,-99,-99,-99,4,-99,-99,-99,-99,-99
E12000006,East of England,E06000034,Thurrock,E06000034,Thurrock,E02003297,Corringham South,-99,-99,-99,-99,-99,-99,-99,-99,-99,4,-99,-99,6,5,-99,-99,-99,-99,-99,-99,-99,-99,-99,-99,-99,-99,-99,-99,-99,-99,-99,-99,-99,-99,-99,-99,-99
E12000006,East of England,E06000034,Thurrock,E06000034,Thurrock,E02003298,Stanford East,-99,-99,-99,-99,-99,-99,-99,-99,-99,5,5,3,-99,5,-99,-99,-99,3,-99,-99,-99,-99,-99,-99,-99,-99,-99,-99,-99,-99,-99,-99,-99,-99,-99,6,6
E12000006,East of England,E06000034,Thurrock,E06000034,Thurrock,E02003299,"Orsett, Bulphan & Hordon-on-the-Hill",-99,-99,-99,-99,-99,-99,-99,-99,3,7,5,-99,-99,-99,-99,-99,-99,-99,-99,-99,-99,-99,-99,-99,-99,-99,-99,-99,-99,-99,-99,3,-99,-99,6,-99,-99
E12000006,East of England,E06000034,Thurrock,E06000034,Thurrock,E02003300,Stanford West,-99,-99,-99,-99,-99,-99,-99,-99,-99,-99,4,-99,10,5,-99,-99,-99,-99,-99,-99,-99,-99,-99,-99,-99,-99,-99,-99,-99,-99,-99,-99,-99,-99,-99,-99,-99
E12000006,East of England,E06000034,Thurrock,E06000034,Thurrock,E02003301,North Ockendon,-99,-99,-99,-99,-99,-99,-99,3,-99,5,4,-99,3,-99,-99,-99,-99,-99,5,-99,-99,-99,-99,-99,-99,-99,-99,3,6,-99,-99,4,-99,-99,4,6,6
E12000006,East of England,E06000034,Thurrock,E06000034,Thurrock,E02003302,South Ockendon,-99,-99,-99,-99,-99,-99,-99,-99,3,5,10,-99,-99,-99,-99,-99,-99,-99,-99,-99,-99,-99,-99,-99,-99,-99,-99,-99,-99,-99,-99,-99,-99,-99,-99,-99,-99
E12000006,East of England,E06000034,Thurrock,E06000034,Thurrock,E02003303,Aveley,-99,-99,-99,-99,-99,-99,-99,-99,-99,-99,3,-99,5,-99,-99,-99,-99,-99,-99,-99,-99,-99,-99,-99,-99,-99,-99,-99,-99,-99,-99,-99,-99,-99,3,-99,-99
E12000006,East of England,E06000034,Thurrock,E06000034,Thurrock,E02003304,Stifford Clays,-99,-99,-99,-99,-99,-99,-99,4,5,4,3,4,5,-99,3,-99,-99,-99,-99,-99,-99,-99,-99,-99,-99,-99,-99,-99,-99,-99,-99,-99,-99,-99,-99,10,10
E12000006,East of England,E06000034,Thurrock,E06000034,Thurrock,E02003305,Little Thurrock North,-99,-99,-99,-99,-99,-99,-99,-99,6,-99,-99,3,-99,-99,-99,-99,-99,-99,-99,-99,-99,-99,-99,-99,-99,-99,-99,-99,-99,-99,-99,-99,-99,-99,-99,5,5
E12000006,East of England,E06000034,Thurrock,E06000034,Thurrock,E02003307,Chadwell St Mary,-99,-99,-99,-99,-99,-99,-99,-99,5,3,8,7,5,4,3,-99,-99,4,-99,-99,-99,-99,-99,-99,-99,-99,-99,-99,3,-99,-99,-99,-99,-99,3,6,6
E12000006,East of England,E06000034,Thurrock,E06000034,Thurrock,E02003308,East Tilbury,-99,-99,-99,-99,-99,-99,-99,-99,4,3,-99,3,-99,-99,-99,-99,-99,-99,-99,-99,-99,-99,-99,-99,-99,-99,-99,-99,-99,-99,-99,-99,-99,-99,-99,5,5
E12000006,East of England,E06000034,Thurrock,E06000034,Thurrock,E02003309,Little Thurrock South,-99,-99,-99,-99,-99,-99,-99,-99,4,6,-99,-99,-99,-99,3,-99,-99,-99,3,-99,-99,-99,-99,-99,-99,-99,-99,-99,-99,-99,-99,-99,-99,4,-99,7,7
E12000006,East of England,E06000034,Thurrock,E06000034,Thurrock,E02003310,"Purfleet, South Stifford & Lakeside",-99,-99,-99,-99,-99,-99,-99,-99,-99,4,3,-99,3,4,-99,4,-99,-99,-99,-99,-99,-99,-99,-99,-99,-99,-99,-99,-99,-99,-99,3,4,-99,-99,-99,-99
E12000006,East of England,E06000034,Thurrock,E06000034,Thurrock,E02003311,Grays Chafford Gorges & Orsett Road,-99,-99,-99,-99,-99,-99,-99,-99,-99,3,7,4,4,-99,-99,4,-99,-99,-99,-99,3,-99,-99,-99,-99,-99,-99,-99,-99,-99,-99,-99,-99,-99,-99,-99,-99
E12000006,East of England,E06000034,Thurrock,E06000034,Thurrock,E02003312,Grays Town,-99,-99,-99,-99,-99,-99,-99,-99,-99,3,-99,-99,-99,-99,-99,4,-99,-99,-99,-99,-99,-99,-99,-99,-99,-99,-99,-99,-99,-99,-99,-99,-99,-99,-99,3,3
E12000006,East of England,E06000034,Thurrock,E06000034,Thurrock,E02003313,Tilbury,-99,-99,-99,-99,-99,-99,-99,-99,3,11,5,5,-99,-99,3,6,8,-99,7,-99,5,-99,-99,3,-99,3,-99,-99,-99,-99,-99,-99,-99,-99,4,-99,-99
E12000008,South East,E06000035,Medway,E06000035,Medway,E02003314,Hoo Peninsula,-99,-99,-99,-99,-99,-99,-99,-99,3,5,7,-99,-99,4,-99,-99,-99,-99,-99,-99,-99,-99,-99,-99,-99,-99,-99,-99,-99,-99,-99,-99,-99,-99,3,3,3
E12000008,South East,E06000035,Medway,E06000035,Medway,E02003315,Cliffe,-99,-99,-99,-99,-99,-99,-99,-99,-99,-99,-99,-99,-99,-99,-99,-99,-99,-99,-99,-99,-99,-99,-99,-99,-99,-99,-99,-99,-99,-99,-99,-99,-99,-99,-99,-99,-99
E12000008,South East,E06000035,Medway,E06000035,Medway,E02003316,Hoo St Werburgh & High Halstow,-99,-99,-99,-99,-99,-99,-99,-99,3,7,-99,7,-99,6,-99,-99,-99,-99,-99,-99,-99,-99,-99,-99,-99,-99,4,-99,-99,-99,-99,3,-99,-99,-99,-99,-99
E12000008,South East,E06000035,Medway,E06000035,Medway,E02003317,Wainscott & City Estate,-99,-99,-99,-99,-99,-99,-99,-99,-99,6,5,4,6,5,13,-99,-99,-99,-99,-99,-99,-99,-99,-99,-99,-99,-99,-99,-99,-99,-99,-99,-99,-99,-99,-99,-99
E12000008,South East,E06000035,Medway,E06000035,Medway,E02003318,Broomhill,-99,-99,-99,-99,-99,-99,-99,-99,-99,-99,-99,-99,-99,-99,-99,-99,-99,-99,-99,-99,-99,-99,-99,-99,-99,-99,-99,-99,-99,-99,-99,-99,-99,-99,-99,-99,-99
E12000008,South East,E06000035,Medway,E06000035,Medway,E02003319,Strood North & Frindsbury,-99,-99,-99,-99,-99,-99,-99,-99,-99,6,-99,-99,-99,-99,-99,3,-99,-99,-99,-99,-99,-99,-99,-99,-99,-99,-99,-99,-99,-99,-99,-99,-99,-99,-99,3,3
E12000008,South East,E06000035,Medway,E06000035,Medway,E02003320,Chatham Maritime,-99,-99,-99,-99,-99,-99,-99,-99,-99,-99,3,4,-99,5,-99,-99,-99,-99,-99,-99,-99,-99,-99,-99,-99,-99,-99,-99,-99,-99,-99,3,-99,-99,5,3,3
E12000008,South East,E06000035,Medway,E06000035,Medway,E02003321,Rede Common,-99,-99,-99,-99,-99,-99,-99,3,3,-99,4,-99,6,4,-99,-99,-99,-99,-99,-99,-99,-99,-99,-99,-99,-99,-99,-99,-99,-99,-99,-99,-99,-99,-99,-99,-99
E12000008,South East,E06000035,Medway,E06000035,Medway,E02003322,Gillingham North,-99,-99,-99,-99,-99,-99,-99,-99,-99,3,4,5,-99,3,-99,-99,-99,-99,-99,-99,-99,-99,-99,-99,-99,-99,-99,-99,-99,-99,-99,-99,-99,-99,3,5,5
E12000008,South East,E06000035,Medway,E06000035,Medway,E02003323,Gillingham North East,-99,-99,-99,-99,-99,-99,-99,-99,-99,4,5,-99,-99,3,9,8,4,-99,-99,5,-99,-99,-99,-99,-99,-99,-99,-99,-99,-99,-99,-99,-99,-99,-99,3,3
E12000008,South East,E06000035,Medway,E06000035,Medway,E02003324,Strood South & Temple Marsh,-99,-99,-99,-99,-99,-99,-99,-99,3,4,3,-99,-99,-99,-99,-99,-99,-99,-99,-99,-99,-99,4,-99,-99,-99,-99,-99,-99,-99,-99,-99,-99,-99,-99,-99,-99
E12000008,South East,E06000035,Medway,E06000035,Medway,E02003325,Gillingham Central,-99,-99,-99,-99,-99,-99,-99,-99,-99,5,6,5,3,5,-99,-99,-99,-99,-99,-99,-99,-99,-99,-99,-99,-99,-99,-99,-99,-99,-99,-99,-99,-99,-99,3,3
E12000008,South East,E06000035,Medway,E06000035,Medway,E02003326,Gillingham East,-99,-99,-99,-99,-99,-99,-99,-99,3,-99,5,6,4,4,-99,-99,-99,-99,-99,-99,-99,-99,-99,-99,-99,-99,-99,-99,-99,-99,-99,-99,-99,-99,3,5,5
E12000008,South East,E06000035,Medway,E06000035,Medway,E02003327,Rochester West,-99,-99,-99,-99,-99,-99,-99,-99,-99,7,-99,-99,-99,3,-99,-99,-99,-99,-99,-99,-99,-99,-99,-99,-99,-99,-99,-99,-99,-99,-99,-99,-99,-99,-99,-99,-99
E12000008,South East,E06000035,Medway,E06000035,Medway,E02003328,Chatham Central and Rochester Riverside,-99,-99,-99,-99,-99,-99,-99,-99,-99,4,-99,-99,-99,-99,5,-99,4,-99,-99,-99,-99,-99,-99,-99,-99,-99,-99,-99,-99,-99,-99,-99,-99,4,-99,3,3
E12000008,South East,E06000035,Medway,E06000035,Medway,E02003329,Gillingham South,-99,-99,-99,-99,-99,-99,-99,-99,-99,7,12,5,-99,-99,-99,3,3,-99,3,-99,-99,-99,-99,-99,-99,-99,-99,-99,-99,-99,3,-99,-99,-99,-99,-99,-99
E12000008,South East,E06000035,Medway,E06000035,Medway,E02003330,Rochester East,-99,-99,-99,-99,-99,-99,-99,-99,-99,-99,-99,-99,-99,-99,4,-99,6,-99,-99,-99,-99,-99,-99,-99,-99,-99,-99,-99,-99,-99,-99,-99,-99,-99,-99,4,4
E12000008,South East,E06000035,Medway,E06000035,Medway,E02003331,Twydall,-99,-99,-99,-99,-99,-99,-99,-99,-99,6,9,3,-99,3,3,-99,-99,-99,-99,-99,-99,-99,-99,-99,-99,-99,-99,-99,-99,-99,-99,-99,-99,-99,-99,-99,-99
E12000008,South East,E06000035,Medway,E06000035,Medway,E02003332,Gillingham South East,-99,-99,-99,-99,-99,-99,-99,-99,-99,10,14,14,9,5,8,-99,-99,-99,-99,-99,-99,-99,-99,-99,-99,-99,-99,-99,-99,-99,-99,3,-99,-99,-99,-99,-99
E12000008,South East,E06000035,Medway,E06000035,Medway,E02003333,Luton,-99,-99,-99,-99,-99,-99,-99,-99,-99,-99,5,3,12,5,-99,-99,-99,-99,-99,-99,-99,-99,-99,-99,-99,-99,-99,-99,-99,-99,-99,-99,-99,-99,3,7,7
E12000008,South East,E06000035,Medway,E06000035,Medway,E02003334,Chatham South West,-99,-99,-99,-99,-99,-99,-99,-99,-99,-99,4,-99,-99,-99,-99,-99,-99,-99,-99,-99,-99,-99,-99,-99,-99,-99,-99,-99,-99,-99,-99,-99,-99,5,-99,-99,-99
E12000008,South East,E06000035,Medway,E06000035,Medway,E02003335,Chatham South East,-99,-99,-99,-99,-99,-99,-99,3,5,-99,6,4,4,3,3,3,-99,-99,-99,-99,-99,-99,-99,-99,-99,-99,-99,-99,-99,-99,-99,-99,-99,-99,-99,-99,-99
E12000008,South East,E06000035,Medway,E06000035,Medway,E02003336,Rainham North West,-99,-99,-99,-99,-99,-99,-99,-99,3,4,-99,-99,4,-99,-99,-99,-99,-99,-99,-99,-99,-99,-99,-99,-99,-99,-99,-99,-99,-99,-99,-99,-99,-99,-99,-99,-99
E12000008,South East,E06000035,Medway,E06000035,Medway,E02003337,Rochester South West,-99,-99,-99,-99,-99,-99,-99,-99,-99,3,-99,-99,5,3,-99,3,-99,-99,-99,-99,-99,-99,-99,-99,-99,-99,-99,-99,-99,-99,-99,-99,-99,-99,5,4,4
E12000008,South East,E06000035,Medway,E06000035,Medway,E02003338,Rainham North East,-99,-99,-99,-99,-99,-99,-99,-99,-99,4,3,4,-99,3,-99,-99,-99,-99,-99,-99,-99,-99,-99,-99,-99,-99,-99,-99,-99,-99,-99,-99,-99,-99,-99,-99,-99
E12000008,South East,E06000035,Medway,E06000035,Medway,E02003339,Rochester South East,-99,-99,-99,-99,-99,-99,-99,-99,6,5,7,8,3,11,-99,-99,-99,-99,-99,-99,-99,-99,-99,-99,-99,-99,-99,-99,-99,-99,-99,-99,-99,-99,-99,-99,-99
E12000008,South East,E06000035,Medway,E06000035,Medway,E02003340,Wayfield,-99,-99,-99,-99,-99,-99,-99,-99,-99,4,7,3,4,-99,-99,3,-99,-99,-99,-99,-99,-99,-99,-99,-99,3,-99,-99,-99,-99,-99,-99,-99,-99,-99,4,4
E12000008,South East,E06000035,Medway,E06000035,Medway,E02003341,Cuxton & Halling,-99,-99,-99,-99,-99,-99,-99,-99,-99,-99,4,-99,-99,-99,-99,-99,-99,-99,-99,-99,-99,-99,-99,-99,-99,-99,-99,-99,-99,-99,-99,-99,-99,-99,-99,-99,-99
E12000008,South East,E06000035,Medway,E06000035,Medway,E02003342,Rainham South East,-99,-99,-99,-99,-99,-99,-99,-99,-99,4,6,5,-99,-99,-99,-99,-99,-99,-99,-99,-99,-99,-99,-99,-99,-99,-99,-99,-99,-99,-99,-99,-99,3,-99,-99,-99
E12000008,South East,E06000035,Medway,E06000035,Medway,E02003343,Rainham South West,-99,-99,-99,-99,-99,-99,-99,-99,-99,-99,-99,-99,-99,-99,-99,-99,-99,-99,-99,-99,3,-99,-99,-99,-99,-99,-99,-99,-99,-99,-99,-99,-99,-99,-99,-99,-99
E12000008,South East,E06000035,Medway,E06000035,Medway,E02003344,Capstone,-99,-99,-99,-99,-99,-99,-99,-99,-99,-99,5,4,-99,4,-99,-99,-99,-99,-99,-99,-99,-99,-99,-99,-99,-99,-99,-99,-99,-99,-99,-99,-99,-99,-99,4,4
E12000008,South East,E06000035,Medway,E06000035,Medway,E02003345,Parkwood East,-99,-99,-99,-99,-99,-99,-99,-99,3,-99,3,-99,-99,-99,-99,-99,-99,-99,-99,-99,-99,-99,-99,-99,-99,-99,-99,-99,-99,-99,-99,3,-99,-99,-99,-99,-99
E12000008,South East,E06000035,Medway,E06000035,Medway,E02003346,Horsted,-99,-99,-99,-99,-99,-99,-99,-99,-99,4,9,3,-99,-99,4,-99,-99,-99,-99,-99,-99,-99,-99,-99,-99,-99,-99,-99,-99,-99,-99,-99,-99,-99,3,6,6
E12000008,South East,E06000035,Medway,E06000035,Medway,E02003347,Settington,-99,-99,-99,-99,-99,-99,-99,-99,3,3,-99,-99,3,3,-99,-99,-99,-99,-99,-99,-99,-99,-99,-99,-99,-99,-99,-99,-99,-99,-99,-99,-99,-99,-99,-99,-99
E12000008,South East,E06000035,Medway,E06000035,Medway,E02003348,Hempstead & Wigmore,-99,-99,-99,-99,-99,-99,-99,-99,3,8,5,-99,5,4,3,-99,-99,-99,-99,-99,4,-99,-99,-99,-99,-99,-99,-99,-99,3,-99,-99,-99,-99,-99,-99,-99
E12000008,South East,E06000035,Medway,E06000035,Medway,E02003349,Parkwood West,-99,-99,-99,-99,-99,-99,-99,-99,-99,-99,3,4,-99,-99,5,3,-99,-99,-99,-99,-99,-99,-99,-99,-99,-99,-99,-99,-99,-99,-99,-99,-99,-99,-99,-99,-99
E12000008,South East,E06000035,Medway,E06000035,Medway,E02003350,Walderslade,-99,-99,-99,-99,-99,-99,-99,-99,4,7,3,-99,3,-99,-99,-99,-99,-99,-99,-99,-99,-99,-99,-99,-99,-99,-99,-99,-99,-99,-99,-99,-99,-99,6,4,4
E12000008,South East,E06000035,Medway,E06000035,Medway,E02003351,Lordswood,-99,-99,-99,-99,-99,-99,-99,-99,-99,4,-99,-99,-99,-99,3,-99,-99,-99,-99,-99,-99,-99,-99,-99,-99,-99,-99,-99,-99,-99,-99,-99,-99,-99,-99,-99,-99
E12000008,South East,E06000036,Bracknell Forest,E06000036,Bracknell Forest,E02003352,Winkfield & Cranbourne,-99,-99,-99,-99,-99,-99,-99,-99,-99,-99,-99,-99,-99,-99,-99,-99,-99,-99,-99,-99,-99,-99,-99,-99,-99,-99,-99,-99,-99,-99,3,-99,-99,-99,-99,-99,-99
E12000008,South East,E06000036,Bracknell Forest,E06000036,Bracknell Forest,E02003353,Binfield & Popeswood,-99,-99,-99,-99,-99,-99,-99,-99,-99,4,6,7,5,-99,-99,-99,-99,5,3,-99,-99,-99,-99,-99,-99,-99,-99,-99,-99,-99,-99,-99,5,-99,4,5,5
E12000008,South East,E06000036,Bracknell Forest,E06000036,Bracknell Forest,E02003354,Wick Hill,-99,-99,-99,-99,-99,-99,-99,-99,3,-99,-99,4,-99,3,3,-99,-99,-99,-99,-99,-99,-99,-99,-99,-99,-99,-99,-99,-99,-99,-99,-99,3,-99,3,4,4
E12000008,South East,E06000036,Bracknell Forest,E06000036,Bracknell Forest,E02003355,Priestwood,-99,-99,-99,-99,-99,-99,-99,-99,-99,4,5,5,-99,-99,-99,-99,3,-99,-99,-99,-99,-99,-99,-99,-99,-99,-99,-99,-99,-99,-99,-99,-99,3,-99,-99,-99
E12000008,South East,E06000036,Bracknell Forest,E06000036,Bracknell Forest,E02003356,Chavey Down & North Ascot West,-99,-99,-99,-99,-99,-99,-99,-99,-99,-99,3,-99,-99,-99,-99,-99,-99,-99,-99,-99,-99,-99,-99,-99,-99,-99,-99,-99,-99,-99,-99,-99,-99,-99,-99,3,3
E12000008,South East,E06000036,Bracknell Forest,E06000036,Bracknell Forest,E02003357,Bullbrook,-99,-99,-99,-99,-99,-99,-99,-99,-99,4,5,3,4,5,6,3,-99,3,3,-99,-99,-99,-99,-99,-99,-99,-99,-99,-99,-99,-99,-99,-99,-99,7,-99,-99
E12000008,South East,E06000036,Bracknell Forest,E06000036,Bracknell Forest,E02003358,Central Bracknell & Wildridings,-99,-99,-99,-99,-99,-99,-99,-99,-99,7,-99,4,6,-99,4,-99,-99,-99,-99,-99,-99,-99,-99,-99,-99,-99,-99,-99,-99,-99,-99,7,4,4,-99,4,4
E12000008,South East,E06000036,Bracknell Forest,E06000036,Bracknell Forest,E02003359,Crown Wood,-99,-99,-99,-99,-99,-99,-99,-99,-99,-99,3,-99,-99,-99,-99,-99,3,-99,-99,-99,-99,-99,-99,-99,-99,-99,-99,-99,-99,-99,-99,4,-99,-99,-99,-99,-99
E12000008,South East,E06000036,Bracknell Forest,E06000036,Bracknell Forest,E02003360,Great Hollands,-99,-99,-99,-99,-99,-99,-99,-99,3,3,7,3,6,6,3,3,-99,-99,-99,-99,-99,-99,-99,-99,-99,-99,-99,-99,-99,-99,-99,3,10,-99,3,-99,-99
E12000008,South East,E06000036,Bracknell Forest,E06000036,Bracknell Forest,E02003361,Birch Hill & Hanworth East,-99,-99,-99,-99,-99,-99,-99,-99,-99,3,3,-99,-99,-99,-99,-99,3,-99,-99,-99,-99,-99,-99,-99,-99,-99,-99,-99,-99,-99,-99,-99,3,-99,3,-99,-99
E12000008,South East,E06000036,Bracknell Forest,E06000036,Bracknell Forest,E02003362,Hanworth West,-99,-99,-99,-99,-99,-99,-99,-99,-99,6,-99,4,6,-99,-99,-99,-99,-99,-99,-99,-99,-99,-99,-99,-99,-99,-99,-99,-99,-99,-99,-99,-99,-99,3,-99,-99
E12000008,South East,E06000036,Bracknell Forest,E06000036,Bracknell Forest,E02003363,Crowthorne South,-99,-99,-99,-99,-99,-99,-99,-99,-99,3,3,4,-99,-99,-99,-99,3,-99,-99,-99,-99,-99,-99,-99,-99,-99,-99,-99,-99,-99,-99,3,-99,-99,-99,7,7
E12000008,South East,E06000036,Bracknell Forest,E06000036,Bracknell Forest,E02003364,Owlsmoor & Broadmoor,-99,-99,-99,-99,-99,-99,-99,-99,-99,3,-99,5,3,3,-99,-99,-99,-99,-99,-99,-99,-99,-99,-99,-99,-99,-99,-99,-99,-99,-99,-99,-99,-99,-99,6,6
E12000008,South East,E06000036,Bracknell Forest,E06000036,Bracknell Forest,E02003365,Sandhurst,-99,-99,-99,-99,-99,-99,-99,-99,3,-99,3,3,3,5,-99,3,-99,-99,-99,-99,-99,-99,-99,-99,-99,-99,-99,-99,-99,-99,-99,-99,-99,-99,-99,-99,-99
E12000008,South East,E06000036,Bracknell Forest,E06000036,Bracknell Forest,E02003366,College Town,-99,-99,-99,-99,-99,-99,-99,-99,-99,-99,4,5,5,-99,3,-99,3,-99,-99,-99,-99,-99,-99,-99,-99,-99,-99,-99,3,-99,-99,-99,-99,-99,3,6,6
E12000008,South East,E06000037,West Berkshire,E06000037,West Berkshire,E02003367,"Chieveley, East Isley & Compton",-99,-99,-99,-99,-99,-99,-99,-99,-99,-99,-99,-99,3,-99,-99,-99,-99,-99,-99,-99,-99,-99,-99,-99,-99,-99,-99,-99,-99,-99,-99,3,-99,-99,-99,-99,-99
E12000008,South East,E06000037,West Berkshire,E06000037,West Berkshire,E02003368,Lambourn & Great Shefford,-99,-99,-99,-99,-99,-99,-99,-99,-99,-99,-99,-99,-99,-99,-99,3,-99,-99,-99,-99,-99,-99,-99,-99,-99,-99,-99,-99,-99,-99,-99,-99,-99,3,4,4,4
E12000008,South East,E06000037,West Berkshire,E06000037,West Berkshire,E02003369,Streatley & Pangbourne,-99,-99,-99,-99,-99,-99,-99,-99,-99,-99,-99,-99,3,-99,-99,-99,-99,-99,-99,-99,-99,-99,-99,-99,-99,-99,-99,-99,-99,-99,-99,-99,-99,-99,-99,4,4
E12000008,South East,E06000037,West Berkshire,E06000037,West Berkshire,E02003370,Purley on Thames,-99,-99,-99,-99,-99,-99,-99,-99,-99,3,-99,7,3,-99,-99,-99,-99,-99,-99,-99,-99,-99,-99,-99,-99,-99,-99,-99,-99,-99,-99,-99,-99,-99,-99,5,5
E12000008,South East,E06000037,West Berkshire,E06000037,West Berkshire,E02003371,Westwood,-99,-99,-99,-99,-99,-99,-99,-99,-99,3,-99,-99,-99,-99,-99,-99,-99,-99,-99,-99,-99,-99,-99,-99,-99,-99,-99,-99,-99,-99,-99,-99,-99,-99,-99,-99,-99
E12000008,South East,E06000037,West Berkshire,E06000037,West Berkshire,E02003372,Calcot North & Little Heath,-99,-99,-99,-99,-99,-99,-99,-99,-99,5,4,8,3,3,-99,-99,4,-99,-99,-99,-99,-99,-99,-99,-99,-99,-99,-99,-99,-99,-99,-99,-99,-99,-99,4,4
E12000008,South East,E06000037,West Berkshire,E06000037,West Berkshire,E02003373,Hermitage & Cold Ash,-99,-99,-99,-99,-99,-99,-99,-99,-99,7,4,-99,-99,-99,-99,-99,-99,-99,-99,-99,-99,-99,-99,-99,-99,-99,-99,-99,-99,3,-99,-99,-99,-99,4,10,10
E12000008,South East,E06000037,West Berkshire,E06000037,West Berkshire,E02003374,Calcot South,-99,-99,-99,-99,-99,-99,-99,-99,-99,-99,-99,-99,-99,3,4,-99,-99,-99,-99,-99,-99,-99,-99,-99,-99,-99,-99,-99,-99,-99,-99,-99,-99,-99,-99,-99,-99
E12000008,South East,E06000037,West Berkshire,E06000037,West Berkshire,E02003375,Theale & Beenham,-99,-99,-99,-99,-99,-99,-99,-99,-99,-99,-99,8,4,-99,-99,-99,3,-99,-99,-99,-99,-99,-99,-99,-99,-99,-99,-99,-99,-99,-99,-99,-99,-99,-99,-99,-99
E12000008,South East,E06000037,West Berkshire,E06000037,West Berkshire,E02003376,Hungerford,-99,-99,-99,-99,-99,-99,-99,-99,-99,-99,5,-99,-99,3,-99,-99,-99,-99,-99,-99,-99,-99,-99,-99,-99,-99,-99,-99,-99,-99,-99,-99,-99,-99,-99,-99,-99
E12000008,South East,E06000037,West Berkshire,E06000037,West Berkshire,E02003377,Thatcham South East & Bradfield,-99,-99,-99,-99,-99,-99,-99,-99,4,4,5,8,-99,-99,-99,-99,-99,-99,-99,-99,-99,-99,-99,-99,-99,-99,-99,-99,-99,4,-99,-99,-99,-99,3,4,4
E12000008,South East,E06000037,West Berkshire,E06000037,West Berkshire,E02003378,Newbury North West,-99,-99,-99,-99,-99,-99,-99,-99,-99,5,4,5,4,7,-99,-99,3,-99,-99,-99,-99,-99,-99,-99,-99,5,-99,-99,-99,-99,-99,3,-99,-99,-99,6,6
E12000008,South East,E06000037,West Berkshire,E06000037,West Berkshire,E02003379,Newbury Clay Hill,-99,-99,-99,-99,-99,-99,-99,-99,4,5,-99,7,8,-99,3,3,3,-99,-99,-99,-99,-99,-99,-99,-99,-99,-99,-99,-99,-99,-99,-99,-99,-99,-99,-99,-99
E12000008,South East,E06000037,West Berkshire,E06000037,West Berkshire,E02003380,Thatcham West,-99,-99,-99,-99,-99,-99,-99,-99,-99,-99,-99,8,5,-99,-99,-99,-99,-99,-99,-99,-99,-99,-99,-99,-99,-99,-99,-99,-99,-99,-99,-99,5,3,-99,-99,-99
E12000008,South East,E06000037,West Berkshire,E06000037,West Berkshire,E02003381,Burghfield Common,-99,-99,-99,-99,-99,-99,-99,-99,-99,3,5,7,-99,-99,-99,-99,-99,-99,-99,-99,-99,-99,-99,-99,-99,-99,-99,-99,-99,-99,-99,-99,-99,-99,4,-99,-99
E12000008,South East,E06000037,West Berkshire,E06000037,West Berkshire,E02003382,Thatcham Town,-99,-99,-99,-99,-99,-99,-99,-99,-99,-99,4,-99,6,4,-99,6,6,-99,-99,-99,-99,-99,-99,3,-99,-99,-99,-99,-99,-99,-99,-99,-99,-99,-99,-99,-99
E12000008,South East,E06000037,West Berkshire,E06000037,West Berkshire,E02003383,Thatcham North East,-99,-99,-99,-99,-99,-99,-99,-99,4,5,-99,-99,-99,3,-99,-99,-99,-99,-99,-99,-99,-99,-99,-99,-99,-99,-99,-99,-99,-99,-99,-99,-99,-99,-99,3,3
E12000008,South East,E06000037,West Berkshire,E06000037,West Berkshire,E02003384,Kintbury & Boxford,-99,-99,-99,-99,-99,-99,-99,3,-99,3,-99,-99,-99,-99,-99,-99,-99,-99,-99,-99,-99,-99,-99,-99,-99,-99,-99,-99,-99,-99,-99,-99,-99,-99,3,-99,-99
E12000008,South East,E06000037,West Berkshire,E06000037,West Berkshire,E02003385,Newbury Central & Greenham,-99,-99,-99,-99,-99,-99,-99,-99,-99,-99,4,4,5,3,-99,-99,-99,-99,-99,-99,-99,-99,-99,-99,-99,-99,-99,-99,-99,-99,-99,-99,-99,-99,-99,-99,-99
E12000008,South East,E06000037,West Berkshire,E06000037,West Berkshire,E02003386,Newbury South West,-99,-99,-99,-99,-99,-99,-99,-99,-99,5,-99,4,3,4,-99,-99,-99,-99,-99,-99,-99,-99,-99,-99,-99,-99,-99,-99,-99,-99,-99,-99,-99,-99,-99,-99,-99
E12000008,South East,E06000037,West Berkshire,E06000037,West Berkshire,E02003387,Newbury Wash Common,-99,-99,-99,-99,-99,-99,-99,-99,4,4,4,-99,3,6,-99,-99,3,-99,-99,-99,-99,-99,-99,-99,-99,-99,-99,-99,-99,-99,-99,-99,-99,-99,-99,4,4
E12000008,South East,E06000037,West Berkshire,E06000037,West Berkshire,E02003388,Mortimer & Aldermaston Wharf,-99,-99,-99,-99,-99,-99,-99,-99,-99,4,-99,-99,-99,-99,-99,-99,-99,-99,-99,-99,-99,-99,-99,-99,-99,-99,-99,-99,-99,-99,-99,-99,-99,-99,-99,-99,-99
E12000008,South East,E06000038,Reading,E06000038,Reading,E02003389,Caversham Emmer Green,-99,-99,-99,-99,-99,-99,-99,-99,3,4,-99,4,3,-99,-99,-99,-99,-99,-99,-99,-99,-99,-99,-99,-99,-99,-99,-99,-99,-99,-99,-99,-99,-99,-99,-99,-99
E12000008,South East,E06000038,Reading,E06000038,Reading,E02003390,Caversham Heights,-99,-99,-99,-99,-99,-99,-99,-99,-99,4,-99,-99,-99,-99,-99,-99,-99,-99,-99,-99,-99,-99,-99,-99,-99,-99,-99,-99,-99,-99,3,-99,-99,-99,-99,5,5
E12000008,South East,E06000038,Reading,E06000038,Reading,E02003391,Caversham Balmore Park,-99,-99,-99,-99,-99,-99,-99,-99,-99,3,3,4,-99,-99,-99,-99,-99,-99,-99,-99,-99,-99,-99,-99,-99,-99,-99,-99,-99,-99,-99,5,-99,-99,-99,-99,-99
E12000008,South East,E06000038,Reading,E06000038,Reading,E02003392,Lower Caversham,-99,-99,-99,-99,-99,-99,-99,-99,-99,-99,-99,5,-99,-99,-99,4,-99,-99,-99,-99,-99,-99,-99,-99,-99,-99,-99,-99,-99,-99,-99,-99,-99,-99,-99,4,4
E12000008,South East,E06000038,Reading,E06000038,Reading,E02003393,Tilehurst North,-99,-99,-99,-99,-99,-99,-99,-99,-99,-99,6,5,5,-99,3,5,-99,5,-99,-99,-99,-99,-99,-99,-99,-99,-99,-99,-99,-99,-99,-99,-99,-99,7,4,4
E12000008,South East,E06000038,Reading,E06000038,Reading,E02003394,Norcot North,-99,-99,-99,-99,-99,-99,-99,-99,-99,4,10,6,3,5,6,4,-99,-99,6,-99,-99,-99,-99,-99,-99,3,3,-99,-99,-99,-99,-99,-99,-99,-99,-99,-99
E12000008,South East,E06000038,Reading,E06000038,Reading,E02003395,Battle & Caversham Bridge,-99,-99,-99,-99,-99,-99,-99,-99,-99,-99,7,11,9,8,3,4,-99,-99,-99,-99,-99,-99,-99,-99,-99,-99,-99,-99,-99,-99,-99,-99,-99,-99,4,5,5
E12000008,South East,E06000038,Reading,E06000038,Reading,E02003396,Norcot South,-99,-99,-99,-99,-99,-99,-99,-99,-99,3,7,12,5,5,4,3,-99,-99,-99,-99,-99,-99,-99,-99,-99,-99,-99,-99,-99,4,-99,-99,-99,-99,5,3,3
E12000008,South East,E06000038,Reading,E06000038,Reading,E02003397,Tilehurst South,-99,-99,-99,-99,-99,-99,-99,-99,-99,3,-99,6,6,6,-99,-99,-99,-99,-99,-99,-99,-99,-99,-99,-99,-99,-99,-99,-99,-99,-99,-99,-99,-99,3,3,3
E12000008,South East,E06000038,Reading,E06000038,Reading,E02003398,Palmer Park,-99,-99,-99,-99,-99,-99,-99,-99,5,7,5,12,16,5,8,3,-99,-99,-99,-99,-99,3,-99,-99,-99,-99,-99,-99,-99,-99,3,3,-99,-99,5,11,11
E12000008,South East,E06000038,Reading,E06000038,Reading,E02003399,Reading Central,-99,-99,-99,-99,-99,-99,-99,-99,3,3,5,10,11,5,3,-99,-99,3,-99,-99,-99,-99,-99,-99,-99,-99,-99,-99,-99,-99,-99,-99,-99,3,4,-99,-99
E12000008,South East,E06000038,Reading,E06000038,Reading,E02003400,Wokingham Road,-99,-99,-99,-99,-99,-99,-99,-99,3,3,11,8,4,16,4,3,-99,-99,-99,-99,-99,-99,-99,-99,-99,-99,-99,-99,-99,-99,-99,-99,-99,-99,3,6,6
E12000008,South East,E06000038,Reading,E06000038,Reading,E02003401,Coley Park,-99,-99,-99,-99,-99,-99,-99,-99,5,16,5,6,10,5,-99,-99,7,5,-99,-99,-99,-99,-99,-99,3,-99,-99,-99,3,-99,3,3,5,-99,-99,5,5
E12000008,South East,E06000038,Reading,E06000038,Reading,E02003402,Southampton Street & Redlands Road,-99,-99,-99,-99,-99,-99,-99,-99,5,-99,11,14,5,6,-99,-99,3,-99,-99,-99,3,-99,-99,-99,-99,-99,-99,-99,-99,-99,-99,-99,-99,-99,4,5,5
E12000008,South East,E06000038,Reading,E06000038,Reading,E02003403,Southcote,-99,-99,-99,-99,-99,-99,-99,-99,-99,5,4,6,3,3,3,-99,3,-99,-99,-99,-99,-99,-99,-99,-99,-99,-99,-99,-99,-99,-99,-99,-99,5,-99,3,3
E12000008,South East,E06000038,Reading,E06000038,Reading,E02003404,Leighton Park,-99,-99,-99,-99,-99,-99,-99,3,5,3,5,7,7,4,3,-99,-99,-99,-99,-99,-99,-99,-99,-99,-99,-99,-99,-99,-99,3,-99,10,-99,-99,3,8,8
E12000008,South East,E06000038,Reading,E06000038,Reading,E02003405,Kennet Island & Green Park,-99,-99,-99,-99,-99,-99,-99,-99,-99,5,8,22,8,10,7,-99,3,-99,-99,-99,-99,-99,-99,-99,-99,-99,-99,-99,-99,-99,-99,-99,4,-99,-99,-99,-99
E12000008,South East,E06000038,Reading,E06000038,Reading,E02003406,Whitley Wood,-99,-99,-99,-99,-99,-99,-99,-99,-99,-99,-99,13,10,5,3,-99,-99,-99,-99,-99,-99,-99,-99,-99,-99,-99,-99,-99,-99,-99,-99,-99,-99,-99,-99,-99,-99
E12000008,South East,E06000039,Slough,E06000039,Slough,E02003407,Britwell,-99,-99,-99,-99,-99,-99,-99,-99,6,-99,4,5,4,-99,-99,-99,-99,-99,-99,-99,-99,-99,-99,3,-99,-99,-99,-99,-99,-99,-99,-99,4,-99,4,7,7
E12000008,South East,E06000039,Slough,E06000039,Slough,E02003408,Manor Park,-99,-99,-99,-99,-99,-99,-99,3,-99,4,-99,5,-99,5,4,-99,-99,-99,-99,-99,8,3,-99,-99,-99,-99,4,5,-99,-99,-99,3,-99,3,7,9,9
E12000008,South East,E06000039,Slough,E06000039,Slough,E02003409,Haymill & Lynch Hill,-99,-99,-99,-99,-99,-99,-99,-99,3,4,3,-99,-99,-99,-99,3,-99,-99,-99,-99,-99,-99,-99,-99,-99,-99,-99,-99,-99,-99,-99,3,6,3,10,10,10
E12000008,South East,E06000039,Slough,E06000039,Slough,E02003410,Baylis & Stoke,-99,-99,-99,-99,-99,-99,-99,5,5,4,8,4,-99,6,4,-99,-99,6,3,-99,-99,-99,-99,-99,-99,-99,-99,-99,9,-99,-99,-99,-99,7,26,19,19
E12000008,South East,E06000039,Slough,E06000039,Slough,E02003411,Wexham Lea,-99,-99,-99,-99,-99,-99,8,-99,5,7,16,13,12,8,3,3,3,-99,-99,-99,-99,-99,5,-99,-99,-99,-99,-99,-99,-99,-99,-99,3,-99,6,9,9
E12000008,South East,E06000039,Slough,E06000039,Slough,E02003412,Cippenham Green,-99,-99,-99,-99,-99,-99,-99,-99,4,5,-99,6,-99,-99,4,-99,-99,-99,-99,-99,-99,-99,-99,-99,-99,-99,-99,9,-99,-99,-99,-99,-99,-99,5,6,6
E12000008,South East,E06000039,Slough,E06000039,Slough,E02003413,Stoke Road & Wexham Road,-99,-99,-99,-99,-99,-99,4,3,6,6,9,15,9,15,-99,-99,-99,-99,-99,6,-99,5,4,-99,4,4,-99,5,4,3,-99,-99,-99,4,9,17,17
E12000008,South East,E06000039,Slough,E06000039,Slough,E02003414,Cippenham Meadows,-99,-99,-99,-99,-99,-99,-99,-99,5,6,5,6,6,11,6,-99,-99,-99,-99,-99,-99,-99,-99,-99,-99,-99,-99,-99,3,4,-99,12,5,5,19,10,10
E12000008,South East,E06000039,Slough,E06000039,Slough,E02003415,Chalvey,-99,-99,-99,-99,-99,-99,-99,4,9,7,14,14,8,8,-99,-99,-99,-99,-99,-99,3,-99,-99,-99,-99,-99,-99,4,3,3,3,4,-99,-99,7,5,5
E12000008,South East,E06000039,Slough,E06000039,Slough,E02003416,Langley St Mary's,-99,-99,-99,-99,-99,-99,-99,-99,4,-99,-99,3,-99,3,3,-99,-99,-99,-99,-99,4,-99,-99,-99,-99,-99,3,-99,-99,-99,-99,-99,4,3,9,7,7
E12000008,South East,E06000039,Slough,E06000039,Slough,E02003417,Central Slough & Upton Court,-99,-99,-99,-99,-99,-99,-99,-99,-99,3,5,5,5,3,-99,-99,-99,3,-99,5,-99,-99,-99,-99,-99,-99,-99,-99,-99,-99,-99,-99,-99,5,8,6,6
E12000008,South East,E06000039,Slough,E06000039,Slough,E02003418,Langley Kederminster,-99,-99,-99,-99,-99,-99,-99,3,-99,5,6,4,5,6,3,-99,-99,-99,-99,-99,-99,-99,-99,-99,-99,-99,-99,-99,-99,-99,3,-99,-99,-99,7,5,5
E12000008,South East,E06000039,Slough,E06000039,Slough,E02003419,Langley Foxborough,-99,-99,-99,-99,-99,-99,-99,-99,7,3,-99,-99,4,5,4,-99,-99,-99,-99,-99,-99,-99,-99,-99,-99,-99,3,-99,-99,-99,-99,-99,-99,3,4,8,8
E12000008,South East,E06000039,Slough,E06000039,Slough,E02003420,Colnbrook & Poyle,-99,-99,-99,-99,-99,-99,-99,-99,-99,-99,-99,4,-99,-99,-99,-99,-99,-99,-99,-99,-99,-99,-99,-99,-99,-99,-99,-99,-99,-99,-99,-99,-99,-99,-99,-99,-99
E12000008,South East,E06000040,Windsor and Maidenhead,E06000040,Windsor and Maidenhead,E02003421,Pinkney's Green & Furze Platt Road,-99,-99,-99,-99,-99,-99,-99,-99,-99,-99,-99,3,-99,3,-99,-99,-99,-99,-99,-99,-99,-99,-99,-99,-99,-99,-99,-99,-99,-99,-99,-99,-99,-99,-99,-99,-99
E12000008,South East,E06000040,Windsor and Maidenhead,E06000040,Windsor and Maidenhead,E02003422,Cookham & Waltham,-99,-99,-99,-99,-99,-99,-99,4,-99,6,-99,4,3,-99,-99,-99,-99,-99,6,-99,-99,-99,-99,-99,-99,-99,-99,-99,-99,-99,-99,-99,-99,-99,6,13,13
E12000008,South East,E06000040,Windsor and Maidenhead,E06000040,Windsor and Maidenhead,E02003423,Furze Platt,-99,-99,-99,-99,-99,-99,-99,-99,-99,-99,-99,-99,-99,-99,-99,-99,-99,-99,-99,-99,-99,-99,-99,-99,-99,-99,-99,-99,-99,-99,-99,-99,-99,-99,-99,-99,-99
E12000008,South East,E06000040,Windsor and Maidenhead,E06000040,Windsor and Maidenhead,E02003424,Maidenhead East,-99,-99,-99,-99,-99,-99,4,-99,-99,4,-99,-99,-99,-99,-99,-99,-99,-99,-99,-99,-99,-99,-99,-99,-99,3,-99,-99,-99,14,-99,-99,12,-99,-99,6,6
E12000008,South East,E06000040,Windsor and Maidenhead,E06000040,Windsor and Maidenhead,E02003425,Maidenhead Central,-99,-99,-99,-99,-99,-99,-99,-99,3,4,-99,-99,-99,3,-99,-99,-99,-99,-99,-99,-99,-99,-99,-99,-99,-99,-99,-99,-99,-99,-99,-99,3,-99,3,5,5
E12000008,South East,E06000040,Windsor and Maidenhead,E06000040,Windsor and Maidenhead,E02003426,Maidenhead Highway,-99,-99,-99,-99,-99,-99,-99,-99,-99,-99,6,-99,3,3,4,-99,4,-99,-99,-99,-99,-99,-99,-99,-99,-99,-99,-99,-99,4,4,-99,4,-99,-99,6,6
E12000008,South East,E06000040,Windsor and Maidenhead,E06000040,Windsor and Maidenhead,E02003427,Boyn Hill & Norreys Drive,-99,-99,-99,-99,-99,-99,-99,-99,-99,-99,4,-99,-99,-99,-99,-99,-99,-99,5,-99,-99,-99,-99,-99,-99,-99,-99,-99,-99,-99,-99,-99,10,7,7,8,8
E12000008,South East,E06000040,Windsor and Maidenhead,E06000040,Windsor and Maidenhead,E02003428,Cox Green,-99,-99,-99,-99,-99,-99,-99,-99,3,-99,-99,-99,3,-99,-99,-99,-99,-99,-99,-99,-99,-99,-99,-99,-99,-99,-99,-99,-99,-99,-99,-99,-99,-99,3,5,5
E12000008,South East,E06000040,Windsor and Maidenhead,E06000040,Windsor and Maidenhead,E02003429,Bray Wick & Holyport,-99,-99,-99,-99,-99,-99,-99,-99,-99,-99,-99,3,-99,-99,-99,-99,-99,-99,-99,-99,-99,-99,-99,-99,-99,-99,-99,-99,-99,-99,-99,-99,5,-99,4,10,10
E12000008,South East,E06000040,Windsor and Maidenhead,E06000040,Windsor and Maidenhead,E02003430,Windsor Town & Eton,-99,-99,-99,-99,-99,-99,-99,-99,4,-99,-99,3,-99,-99,-99,-99,-99,-99,-99,-99,-99,-99,-99,-99,-99,-99,-99,-99,-99,-99,-99,-99,15,-99,4,9,9
E12000008,South East,E06000040,Windsor and Maidenhead,E06000040,Windsor and Maidenhead,E02003431,Datchet,-99,-99,-99,-99,-99,-99,-99,-99,4,-99,-99,-99,3,-99,-99,-99,-99,-99,-99,-99,-99,-99,-99,-99,-99,-99,-99,-99,-99,-99,-99,-99,3,-99,8,10,10
E12000008,South East,E06000040,Windsor and Maidenhead,E06000040,Windsor and Maidenhead,E02003432,Clewer Village,-99,-99,-99,-99,-99,-99,-99,3,-99,5,5,4,-99,-99,-99,-99,-99,-99,-99,-99,-99,-99,-99,-99,-99,-99,-99,-99,-99,-99,-99,-99,-99,4,-99,8,8
E12000008,South East,E06000040,Windsor and Maidenhead,E06000040,Windsor and Maidenhead,E02003433,Dedworth,-99,-99,-99,-99,-99,-99,-99,-99,-99,-99,-99,-99,7,-99,-99,-99,-99,-99,-99,-99,-99,-99,-99,-99,-99,-99,-99,-99,-99,-99,-99,-99,-99,-99,-99,-99,-99
E12000008,South East,E06000040,Windsor and Maidenhead,E06000040,Windsor and Maidenhead,E02003434,Clewer New Town,-99,-99,-99,-99,-99,-99,-99,3,5,5,4,9,5,4,-99,3,-99,-99,-99,-99,-99,-99,-99,-99,-99,-99,-99,3,-99,-99,-99,6,3,-99,-99,7,7
E12000008,South East,E06000040,Windsor and Maidenhead,E06000040,Windsor and Maidenhead,E02003435,Spital & Cranbourne Park,-99,-99,-99,-99,-99,-99,-99,-99,-99,3,-99,-99,-99,4,-99,-99,-99,-99,-99,-99,-99,-99,-99,-99,-99,-99,-99,-99,-99,-99,-99,-99,-99,-99,4,3,3
E12000008,South East,E06000040,Windsor and Maidenhead,E06000040,Windsor and Maidenhead,E02003436,Old Windsor & Wraysbury,-99,-99,-99,-99,-99,-99,-99,-99,-99,3,4,-99,-99,-99,-99,-99,-99,-99,-99,-99,-99,-99,-99,-99,-99,-99,-99,-99,5,-99,-99,4,-99,5,-99,7,7
E12000008,South East,E06000040,Windsor and Maidenhead,E06000040,Windsor and Maidenhead,E02003437,Ascot & North Ascot East,-99,-99,-99,-99,-99,-99,-99,-99,-99,3,-99,12,4,-99,-99,-99,-99,7,-99,-99,-99,-99,-99,-99,-99,-99,-99,-99,-99,9,-99,-99,-99,-99,-99,6,6
E12000008,South East,E06000040,Windsor and Maidenhead,E06000040,Windsor and Maidenhead,E02003438,South Ascot & Sunningdale,-99,-99,-99,-99,-99,-99,3,-99,4,7,11,6,-99,-99,4,-99,-99,-99,-99,-99,-99,-99,-99,-99,-99,-99,-99,3,-99,-99,-99,4,3,-99,-99,12,12
E12000008,South East,E06000041,Wokingham,E06000041,Wokingham,E02003439,Twyford East & Wargrave,-99,-99,-99,-99,-99,-99,-99,-99,-99,-99,4,7,4,4,-99,-99,-99,-99,-99,-99,-99,-99,-99,-99,-99,-99,-99,-99,-99,3,-99,-99,-99,-99,4,4,4
E12000008,South East,E06000041,Wokingham,E06000041,Wokingham,E02003440,Twyford West & Charvil,-99,-99,-99,-99,-99,-99,-99,-99,5,-99,3,5,3,4,5,-99,3,-99,-99,-99,-99,-99,-99,3,-99,-99,-99,-99,-99,-99,-99,-99,-99,-99,3,5,5
E12000008,South East,E06000041,Wokingham,E06000041,Wokingham,E02003441,Sonning & Woodley North,-99,-99,-99,-99,-99,-99,-99,-99,-99,7,-99,-99,-99,-99,6,3,-99,-99,-99,-99,-99,-99,-99,-99,-99,-99,-99,-99,-99,-99,-99,-99,-99,-99,4,5,5
E12000008,South East,E06000041,Wokingham,E06000041,Wokingham,E02003442,Woodley East,-99,-99,-99,-99,-99,-99,-99,-99,-99,-99,-99,-99,3,-99,-99,-99,-99,-99,-99,-99,-99,-99,-99,-99,-99,-99,-99,-99,-99,-99,-99,-99,-99,-99,-99,-99,-99
E12000008,South East,E06000041,Wokingham,E06000041,Wokingham,E02003443,Woodley South,-99,-99,-99,-99,-99,-99,-99,-99,-99,3,-99,4,7,-99,-99,5,-99,-99,-99,-99,-99,-99,-99,-99,-99,-99,-99,-99,-99,-99,-99,-99,-99,-99,-99,-99,-99
E12000008,South East,E06000041,Wokingham,E06000041,Wokingham,E02003444,Earley,-99,-99,-99,-99,-99,-99,-99,-99,-99,6,4,6,-99,3,-99,-99,-99,-99,-99,-99,-99,5,-99,-99,-99,-99,-99,-99,-99,-99,4,-99,-99,-99,-99,-99,-99
E12000008,South East,E06000041,Wokingham,E06000041,Wokingham,E02003445,Southlake,-99,-99,-99,-99,-99,-99,-99,-99,5,4,-99,8,3,8,-99,-99,-99,-99,-99,-99,-99,-99,-99,-99,-99,-99,-99,-99,-99,-99,-99,-99,-99,-99,3,-99,-99
E12000008,South East,E06000041,Wokingham,E06000041,Wokingham,E02003446,Lower Earley North,-99,-99,-99,-99,-99,-99,-99,-99,-99,-99,5,6,3,-99,-99,-99,-99,-99,-99,-99,-99,-99,-99,-99,-99,-99,-99,-99,-99,-99,-99,4,3,-99,4,6,6
E12000008,South East,E06000041,Wokingham,E06000041,Wokingham,E02003447,Winnersh,-99,-99,-99,-99,-99,-99,-99,-99,3,4,10,4,24,3,4,-99,-99,-99,-99,4,-99,-99,-99,-99,-99,-99,-99,-99,-99,-99,-99,3,4,-99,6,4,4
E12000008,South East,E06000041,Wokingham,E06000041,Wokingham,E02003448,Wokingham North & Hurst,-99,-99,-99,-99,-99,-99,-99,-99,-99,-99,-99,3,4,7,-99,-99,-99,-99,-99,-99,-99,-99,-99,-99,-99,-99,-99,-99,-99,-99,-99,3,-99,-99,-99,6,6
E12000008,South East,E06000041,Wokingham,E06000041,Wokingham,E02003449,Lower Earley South,-99,-99,-99,-99,-99,-99,-99,-99,-99,8,4,4,4,-99,-99,-99,-99,-99,-99,-99,-99,-99,-99,-99,-99,-99,-99,-99,-99,-99,-99,-99,-99,-99,-99,4,4
E12000008,South East,E06000041,Wokingham,E06000041,Wokingham,E02003450,Shinfield,-99,-99,-99,-99,-99,-99,-99,-99,-99,4,5,7,6,4,-99,-99,-99,-99,-99,-99,-99,-99,-99,-99,-99,-99,-99,-99,-99,-99,-99,-99,-99,-99,-99,-99,-99
E12000008,South East,E06000041,Wokingham,E06000041,Wokingham,E02003451,Wokingham Town,-99,-99,-99,-99,-99,-99,-99,-99,6,5,3,8,4,5,4,5,-99,-99,-99,-99,-99,-99,-99,-99,-99,-99,-99,-99,-99,-99,-99,-99,-99,-99,5,3,3
E12000008,South East,E06000041,Wokingham,E06000041,Wokingham,E02003452,Wokingham East,-99,-99,-99,-99,-99,-99,-99,-99,-99,-99,3,4,-99,-99,-99,-99,-99,-99,-99,-99,-99,-99,-99,-99,-99,-99,-99,-99,-99,-99,-99,-99,-99,-99,-99,3,3
E12000008,South East,E06000041,Wokingham,E06000041,Wokingham,E02003453,Barkham & Woose Hill,-99,-99,-99,-99,-99,-99,-99,-99,3,-99,-99,6,6,-99,-99,-99,-99,-99,-99,-99,-99,-99,-99,-99,-99,-99,-99,-99,-99,-99,-99,-99,-99,-99,-99,5,5
E12000008,South East,E06000041,Wokingham,E06000041,Wokingham,E02003454,Wokingham West & South,-99,-99,-99,-99,-99,-99,-99,-99,-99,4,4,13,4,5,11,6,5,-99,-99,-99,-99,-99,-99,-99,-99,-99,-99,-99,-99,-99,-99,-99,-99,-99,-99,4,4
E12000008,South East,E06000041,Wokingham,E06000041,Wokingham,E02003455,Spencers Wood & Swallowfield,-99,-99,-99,-99,-99,-99,-99,-99,-99,4,-99,16,-99,-99,-99,-99,-99,-99,-99,-99,-99,-99,-99,-99,-99,-99,-99,-99,-99,-99,-99,-99,-99,-99,-99,4,4
E12000008,South East,E06000041,Wokingham,E06000041,Wokingham,E02003456,Arborfield & Garrison,-99,-99,-99,-99,-99,-99,-99,-99,-99,-99,-99,-99,4,-99,-99,-99,-99,-99,-99,-99,-99,-99,-99,-99,-99,-99,-99,-99,-99,-99,-99,-99,-99,-99,-99,-99,-99
E12000008,South East,E06000041,Wokingham,E06000041,Wokingham,E02003457,Finchampstead,-99,-99,-99,-99,-99,-99,-99,-99,-99,5,5,-99,-99,-99,-99,-99,-99,-99,-99,-99,-99,-99,-99,-99,-99,-99,-99,-99,-99,-99,-99,-99,-99,-99,-99,7,7
E12000008,South East,E06000041,Wokingham,E06000041,Wokingham,E02003458,Crowthorne North,-99,-99,-99,-99,-99,-99,3,-99,-99,4,-99,4,3,5,-99,3,-99,-99,-99,-99,-99,-99,-99,-99,-99,-99,-99,-99,-99,-99,-99,-99,-99,3,3,3,3
E12000008,South East,E06000042,Milton Keynes,E06000042,Milton Keynes,E02003459,Olney & Lavendon,-99,-99,-99,-99,-99,-99,-99,-99,-99,-99,3,-99,-99,-99,-99,-99,-99,-99,-99,-99,-99,-99,-99,-99,-99,-99,-99,-99,-99,-99,-99,3,-99,-99,3,3,3
E12000008,South East,E06000042,Milton Keynes,E06000042,Milton Keynes,E02003460,"Hanslope, Castlethorpe & Sherington",-99,-99,-99,-99,-99,-99,-99,-99,-99,-99,-99,-99,5,3,-99,3,-99,-99,-99,-99,3,-99,-99,-99,-99,-99,-99,-99,-99,4,-99,-99,-99,-99,-99,4,4
E12000008,South East,E06000042,Milton Keynes,E06000042,Milton Keynes,E02003461,Newport Pagnell North,-99,-99,-99,-99,-99,-99,-99,3,3,4,-99,5,-99,-99,4,-99,-99,-99,-99,-99,-99,-99,-99,-99,-99,-99,-99,-99,3,-99,-99,-99,-99,5,5,3,3
E12000008,South East,E06000042,Milton Keynes,E06000042,Milton Keynes,E02003462,Newport Pagnell South,-99,-99,-99,-99,-99,-99,-99,-99,-99,4,-99,-99,-99,-99,-99,-99,-99,-99,-99,-99,-99,-99,-99,-99,-99,-99,-99,-99,-99,-99,-99,-99,-99,-99,-99,4,4
E12000008,South East,E06000042,Milton Keynes,E06000042,Milton Keynes,E02003463,Great Linford & Giffard Park,-99,-99,-99,-99,-99,-99,-99,-99,-99,4,-99,5,5,3,-99,-99,-99,-99,-99,-99,-99,-99,-99,-99,-99,-99,-99,-99,-99,-99,-99,-99,-99,-99,-99,-99,-99
E12000008,South East,E06000042,Milton Keynes,E06000042,Milton Keynes,E02003464,Stantonbury & Bradville,-99,-99,-99,-99,-99,-99,-99,-99,-99,-99,5,-99,-99,4,-99,-99,-99,-99,-99,-99,3,-99,-99,-99,-99,-99,-99,-99,3,-99,-99,-99,-99,7,5,6,6
E12000008,South East,E06000042,Milton Keynes,E06000042,Milton Keynes,E02003465,Willen & Downhead Park,-99,-99,-99,-99,-99,-99,-99,-99,7,-99,7,3,3,-99,-99,-99,-99,-99,-99,-99,-99,-99,-99,-99,-99,-99,-99,-99,-99,-99,-99,-99,-99,7,-99,6,6
E12000008,South East,E06000042,Milton Keynes,E06000042,Milton Keynes,E02003466,Wolverton & New Bradwell,-99,-99,-99,-99,-99,-99,-99,-99,-99,-99,3,-99,-99,-99,-99,-99,-99,-99,-99,-99,-99,-99,-99,-99,-99,-99,-99,3,-99,-99,-99,-99,-99,-99,-99,5,5
E12000008,South East,E06000042,Milton Keynes,E06000042,Milton Keynes,E02003467,Linford Wood,-99,-99,-99,-99,-99,-99,-99,-99,3,4,3,5,3,10,-99,-99,-99,-99,3,-99,-99,-99,-99,-99,-99,-99,-99,-99,3,4,-99,-99,-99,3,5,6,6
E12000008,South East,E06000042,Milton Keynes,E06000042,Milton Keynes,E02003468,Stony Stratford & Old Wolverton,-99,-99,-99,-99,-99,-99,-99,-99,-99,4,-99,-99,-99,6,-99,-99,-99,-99,-99,-99,-99,-99,-99,-99,-99,-99,-99,-99,-99,-99,-99,-99,-99,-99,-99,-99,-99
E12000008,South East,E06000042,Milton Keynes,E06000042,Milton Keynes,E02003469,Bradwell Village,-99,-99,-99,-99,-99,-99,-99,-99,-99,-99,-99,-99,3,-99,-99,-99,-99,-99,-99,-99,-99,-99,-99,-99,-99,-99,-99,-99,-99,-99,-99,-99,-99,-99,-99,3,3
E12000008,South East,E06000042,Milton Keynes,E06000042,Milton Keynes,E02003470,Stacey Bushes & Fullers Slade,-99,-99,-99,-99,-99,-99,-99,-99,3,3,-99,-99,-99,-99,-99,-99,-99,-99,-99,-99,-99,-99,-99,-99,-99,-99,-99,-99,-99,-99,-99,-99,-99,3,-99,-99,-99
E12000008,South East,E06000042,Milton Keynes,E06000042,Milton Keynes,E02003471,Bradwell Common,-99,-99,-99,-99,-99,-99,-99,-99,-99,-99,-99,3,5,-99,3,-99,-99,-99,-99,-99,-99,-99,-99,-99,-99,-99,-99,5,-99,-99,-99,-99,-99,-99,5,4,4
E12000008,South East,E06000042,Milton Keynes,E06000042,Milton Keynes,E02003472,Central Milton Keynes & Newlands,-99,-99,-99,-99,-99,-99,-99,-99,-99,-99,-99,-99,3,8,3,-99,-99,-99,-99,-99,-99,-99,-99,-99,-99,-99,-99,-99,-99,-99,-99,-99,4,-99,4,6,6
E12000008,South East,E06000042,Milton Keynes,E06000042,Milton Keynes,E02003473,Two Mile Ash,-99,-99,-99,-99,-99,-99,-99,-99,-99,-99,-99,-99,-99,5,-99,-99,-99,-99,-99,-99,-99,-99,-99,-99,-99,-99,-99,-99,-99,-99,-99,-99,-99,-99,-99,-99,-99
E12000008,South East,E06000042,Milton Keynes,E06000042,Milton Keynes,E02003474,Woughton & Woolstone,-99,-99,-99,-99,-99,-99,-99,3,6,5,4,3,5,4,-99,-99,-99,-99,-99,-99,-99,-99,-99,-99,-99,-99,-99,-99,-99,-99,-99,-99,-99,-99,-99,6,6
E12000008,South East,E06000042,Milton Keynes,E06000042,Milton Keynes,E02003475,"Broughton, Middleton & Kents Hill",-99,-99,-99,-99,-99,-99,-99,-99,4,11,8,9,17,13,10,3,3,-99,3,-99,-99,-99,3,-99,-99,-99,-99,4,3,5,-99,5,3,-99,6,10,10
E12000008,South East,E06000042,Milton Keynes,E06000042,Milton Keynes,E02003476,Eaglestone & Fishermead,-99,-99,-99,-99,-99,-99,-99,4,3,7,9,5,4,4,8,-99,-99,-99,-99,-99,-99,-99,-99,-99,-99,-99,-99,-99,-99,-99,-99,-99,-99,-99,-99,4,4
E12000008,South East,E06000042,Milton Keynes,E06000042,Milton Keynes,E02003477,Shenley Wood & Grange Farm,-99,-99,-99,-99,-99,-99,-99,-99,3,3,5,4,3,3,3,-99,-99,-99,-99,-99,-99,3,-99,-99,-99,6,-99,-99,-99,-99,4,-99,5,-99,5,4,4
E12000008,South East,E06000042,Milton Keynes,E06000042,Milton Keynes,E02003478,Loughton,-99,-99,-99,-99,-99,-99,-99,-99,-99,8,-99,4,4,4,-99,-99,-99,-99,-99,-99,-99,-99,-99,-99,-99,-99,-99,-99,-99,-99,-99,-99,5,-99,-99,-99,-99
E12000008,South East,E06000042,Milton Keynes,E06000042,Milton Keynes,E02003479,Oldbrook & Coffee Hall,-99,-99,-99,-99,-99,-99,-99,-99,3,-99,6,5,3,3,3,-99,3,-99,-99,-99,-99,-99,-99,-99,-99,-99,-99,-99,-99,-99,3,-99,-99,-99,-99,3,3
E12000008,South East,E06000042,Milton Keynes,E06000042,Milton Keynes,E02003480,Walnut Tree & Tilbrook,-99,-99,-99,-99,-99,-99,-99,-99,3,-99,7,-99,6,-99,-99,-99,-99,-99,-99,-99,-99,-99,-99,-99,-99,-99,-99,-99,-99,-99,-99,-99,-99,-99,-99,-99,-99
E12000008,South East,E06000042,Milton Keynes,E06000042,Milton Keynes,E02003481,Denbigh,-99,-99,-99,-99,-99,-99,-99,-99,5,5,6,-99,-99,5,-99,-99,-99,-99,-99,-99,4,-99,-99,-99,-99,-99,-99,-99,-99,-99,-99,3,-99,-99,-99,3,3
E12000008,South East,E06000042,Milton Keynes,E06000042,Milton Keynes,E02003482,Bow Brickhill & Woburn Sands,-99,-99,-99,-99,-99,-99,-99,-99,5,-99,3,-99,-99,3,-99,-99,-99,-99,-99,-99,-99,-99,-99,-99,-99,-99,-99,-99,-99,-99,-99,-99,-99,-99,-99,-99,-99
E12000008,South East,E06000042,Milton Keynes,E06000042,Milton Keynes,E02003483,Westcroft & Shenley Brook End,-99,-99,-99,-99,-99,-99,-99,-99,-99,6,-99,6,3,3,3,-99,3,-99,-99,-99,9,-99,-99,-99,-99,-99,-99,4,-99,-99,3,-99,-99,9,5,3,3
E12000008,South East,E06000042,Milton Keynes,E06000042,Milton Keynes,E02003484,Furzton,-99,-99,-99,-99,-99,-99,-99,-99,-99,4,3,-99,5,6,-99,-99,-99,-99,-99,-99,-99,-99,-99,-99,-99,-99,-99,-99,-99,-99,-99,-99,-99,-99,-99,-99,-99
E12000008,South East,E06000042,Milton Keynes,E06000042,Milton Keynes,E02003485,Bletchley North West,-99,-99,-99,-99,-99,-99,-99,-99,6,6,4,6,6,7,-99,-99,-99,-99,-99,-99,-99,-99,-99,-99,-99,-99,-99,-99,-99,-99,-99,4,-99,-99,-99,-99,-99
E12000008,South East,E06000042,Milton Keynes,E06000042,Milton Keynes,E02003486,Tattenhoe & Emerson Valley,-99,-99,-99,-99,-99,-99,-99,-99,3,-99,-99,3,-99,4,-99,-99,-99,-99,-99,3,-99,-99,-99,-99,-99,-99,-99,-99,-99,-99,-99,-99,7,-99,-99,3,3
E12000008,South East,E06000042,Milton Keynes,E06000042,Milton Keynes,E02003487,Far Bletchley,-99,-99,-99,-99,-99,-99,-99,-99,-99,4,-99,3,4,8,-99,-99,-99,-99,-99,-99,-99,-99,-99,-99,-99,-99,-99,-99,-99,-99,-99,-99,-99,-99,-99,4,4
E12000008,South East,E06000042,Milton Keynes,E06000042,Milton Keynes,E02003488,Bletchley East,-99,-99,-99,-99,-99,-99,-99,-99,-99,-99,-99,-99,-99,5,-99,-99,-99,-99,-99,-99,-99,-99,-99,-99,-99,-99,-99,-99,-99,-99,-99,-99,-99,-99,-99,-99,-99
E12000008,South East,E06000042,Milton Keynes,E06000042,Milton Keynes,E02003489,Bletchley West,-99,-99,-99,-99,-99,-99,-99,3,3,-99,-99,-99,6,6,-99,-99,-99,-99,-99,-99,-99,-99,-99,-99,-99,-99,-99,-99,-99,-99,-99,-99,-99,-99,-99,4,4
E12000008,South East,E06000042,Milton Keynes,E06000042,Milton Keynes,E02003490,Bletchley South,-99,-99,-99,-99,-99,-99,-99,3,5,-99,3,3,-99,3,-99,-99,-99,-99,-99,-99,-99,-99,-99,-99,-99,-99,-99,-99,-99,-99,-99,4,-99,-99,-99,-99,-99
E12000008,South East,E06000043,Brighton and Hove,E06000043,Brighton and Hove,E02003491,Patcham East,-99,-99,-99,-99,-99,-99,-99,3,3,3,-99,-99,-99,-99,-99,-99,-99,4,3,-99,-99,-99,-99,-99,-99,-99,-99,-99,-99,-99,-99,-99,-99,-99,-99,4,4
E12000008,South East,E06000043,Brighton and Hove,E06000043,Brighton and Hove,E02003492,Coldean & Moulsecoomb North,-99,-99,-99,-99,-99,-99,-99,-99,-99,3,-99,-99,-99,3,-99,-99,-99,-99,-99,-99,-99,-99,-99,-99,-99,-99,-99,-99,-99,-99,-99,4,4,-99,10,50,50
E12000008,South East,E06000043,Brighton and Hove,E06000043,Brighton and Hove,E02003493,Patcham West & Westdene,-99,-99,-99,-99,-99,-99,-99,-99,-99,-99,4,-99,-99,-99,-99,-99,-99,-99,-99,-99,-99,-99,-99,-99,-99,-99,-99,-99,-99,-99,-99,-99,7,-99,-99,6,6
E12000008,South East,E06000043,Brighton and Hove,E06000043,Brighton and Hove,E02003494,Hollingbury,-99,-99,-99,-99,-99,-99,-99,-99,-99,-99,4,-99,-99,-99,-99,-99,-99,-99,3,-99,-99,-99,-99,-99,-99,-99,-99,-99,-99,-99,-99,-99,-99,-99,-99,4,4
E12000008,South East,E06000043,Brighton and Hove,E06000043,Brighton and Hove,E02003495,Mile Oak,-99,-99,-99,-99,-99,-99,-99,-99,-99,-99,4,-99,-99,-99,-99,-99,-99,-99,-99,-99,-99,-99,-99,-99,-99,-99,-99,-99,-99,-99,-99,-99,-99,-99,3,-99,-99
E12000008,South East,E06000043,Brighton and Hove,E06000043,Brighton and Hove,E02003496,Hangleton North,-99,-99,-99,-99,-99,-99,-99,-99,3,4,-99,-99,3,-99,3,-99,-99,-99,-99,-99,-99,-99,-99,-99,-99,-99,-99,-99,-99,-99,-99,-99,5,3,-99,3,3
E12000008,South East,E06000043,Brighton and Hove,E06000043,Brighton and Hove,E02003497,West Blatchington,-99,-99,-99,-99,-99,-99,-99,-99,-99,4,3,3,-99,-99,-99,-99,-99,-99,-99,-99,-99,-99,-99,-99,-99,-99,-99,-99,-99,-99,3,-99,5,-99,4,4,4
E12000008,South East,E06000043,Brighton and Hove,E06000043,Brighton and Hove,E02003498,Hollingdean & Moulsecoomb West,-99,-99,-99,-99,-99,-99,-99,-99,-99,-99,-99,-99,-99,-99,-99,-99,-99,-99,3,-99,-99,-99,-99,-99,-99,-99,-99,-99,-99,-99,-99,-99,-99,-99,-99,4,4
E12000008,South East,E06000043,Brighton and Hove,E06000043,Brighton and Hove,E02003499,Bevendean & Moulsecoomb East,-99,-99,-99,-99,-99,-99,-99,-99,-99,-99,-99,-99,3,4,-99,-99,-99,-99,-99,-99,-99,-99,-99,-99,-99,-99,-99,-99,-99,-99,-99,-99,-99,-99,-99,-99,-99
E12000008,South East,E06000043,Brighton and Hove,E06000043,Brighton and Hove,E02003500,Fiveways,-99,-99,-99,-99,-99,-99,3,-99,-99,-99,-99,-99,-99,-99,-99,-99,-99,-99,-99,-99,-99,-99,-99,-99,-99,-99,-99,-99,-99,-99,-99,-99,-99,-99,5,9,9
E12000008,South East,E06000043,Brighton and Hove,E06000043,Brighton and Hove,E02003501,Withdean Woods,-99,-99,-99,-99,-99,-99,-99,-99,3,-99,-99,4,-99,-99,-99,-99,-99,-99,-99,-99,-99,-99,-99,-99,-99,-99,-99,-99,-99,-99,-99,-99,-99,-99,-99,-99,-99
E12000008,South East,E06000043,Brighton and Hove,E06000043,Brighton and Hove,E02003502,Portslade Village,-99,-99,-99,-99,-99,-99,-99,-99,-99,10,-99,4,4,6,-99,-99,-99,-99,-99,-99,-99,-99,-99,-99,-99,-99,-99,-99,-99,-99,-99,-99,-99,-99,-99,6,6
E12000008,South East,E06000043,Brighton and Hove,E06000043,Brighton and Hove,E02003503,Hangleton South,-99,-99,-99,-99,-99,-99,-99,-99,6,-99,-99,-99,6,4,-99,-99,-99,4,-99,-99,-99,-99,-99,-99,-99,-99,-99,-99,-99,-99,4,-99,6,3,-99,3,3
E12000008,South East,E06000043,Brighton and Hove,E06000043,Brighton and Hove,E02003504,Preston Park,-99,-99,-99,-99,-99,-99,-99,-99,-99,-99,5,-99,3,-99,-99,-99,-99,-99,-99,-99,-99,-99,-99,-99,-99,-99,-99,-99,-99,-99,-99,3,-99,-99,-99,3,3
E12000008,South East,E06000043,Brighton and Hove,E06000043,Brighton and Hove,E02003505,Round Hill,-99,-99,-99,-99,-99,-99,-99,-99,-99,-99,-99,-99,3,-99,-99,-99,-99,-99,-99,-99,-99,-99,-99,-99,-99,-99,-99,-99,-99,-99,-99,-99,-99,-99,4,6,6
E12000008,South East,E06000043,Brighton and Hove,E06000043,Brighton and Hove,E02003506,Aldrington,-99,-99,-99,-99,-99,-99,-99,-99,-99,-99,3,3,-99,3,6,-99,-99,8,-99,-99,-99,-99,-99,-99,-99,-99,-99,-99,-99,-99,-99,-99,-99,-99,-99,5,5
E12000008,South East,E06000043,Brighton and Hove,E06000043,Brighton and Hove,E02003507,Woodingdean,-99,-99,-99,-99,-99,-99,-99,-99,-99,4,4,14,4,-99,-99,3,-99,-99,-99,-99,-99,-99,-99,-99,-99,-99,-99,-99,-99,-99,-99,-99,-99,-99,-99,5,5
E12000008,South East,E06000043,Brighton and Hove,E06000043,Brighton and Hove,E02003508,Elm Grove & Bear Road,-99,-99,-99,-99,-99,-99,-99,-99,-99,3,-99,-99,-99,-99,-99,-99,-99,-99,-99,-99,-99,-99,-99,-99,-99,3,-99,-99,-99,-99,-99,-99,3,-99,7,-99,-99
E12000008,South East,E06000043,Brighton and Hove,E06000043,Brighton and Hove,E02003509,Goldsmid West,-99,-99,-99,-99,-99,-99,-99,-99,-99,3,-99,-99,-99,5,4,5,-99,-99,-99,-99,-99,-99,-99,-99,-99,-99,-99,-99,-99,-99,-99,-99,-99,-99,-99,-99,-99
E12000008,South East,E06000043,Brighton and Hove,E06000043,Brighton and Hove,E02003510,Goldsmid East,-99,-99,-99,-99,-99,-99,-99,-99,-99,-99,3,3,-99,-99,-99,-99,-99,-99,3,-99,-99,-99,-99,-99,-99,-99,-99,-99,-99,-99,-99,-99,3,-99,-99,3,3
E12000008,South East,E06000043,Brighton and Hove,E06000043,Brighton and Hove,E02003511,Portslade by Sea,-99,-99,-99,-99,-99,-99,-99,-99,3,5,-99,3,-99,8,-99,-99,-99,-99,4,-99,-99,-99,-99,-99,-99,-99,-99,-99,-99,-99,-99,-99,-99,-99,-99,-99,-99
E12000008,South East,E06000043,Brighton and Hove,E06000043,Brighton and Hove,E02003512,Hanover,-99,-99,-99,-99,-99,-99,-99,-99,-99,-99,-99,-99,5,-99,-99,-99,-99,-99,-99,-99,3,-99,-99,-99,-99,-99,-99,-99,-99,-99,-99,-99,-99,-99,3,7,7
E12000008,South East,E06000043,Brighton and Hove,E06000043,Brighton and Hove,E02003513,Aldrington South,-99,-99,-99,-99,-99,-99,-99,-99,6,6,4,3,-99,-99,-99,-99,-99,-99,-99,-99,-99,-99,-99,-99,-99,-99,-99,-99,-99,-99,-99,-99,5,-99,-99,4,4
E12000008,South East,E06000043,Brighton and Hove,E06000043,Brighton and Hove,E02003514,Seven Dials,-99,-99,-99,-99,-99,-99,-99,-99,-99,-99,3,4,-99,-99,-99,-99,-99,-99,3,-99,3,-99,-99,-99,-99,-99,-99,-99,-99,-99,-99,-99,-99,-99,-99,4,4
E12000008,South East,E06000043,Brighton and Hove,E06000043,Brighton and Hove,E02003515,Whitehawk,-99,-99,-99,-99,-99,-99,-99,-99,-99,4,-99,5,6,-99,-99,4,-99,-99,-99,3,-99,-99,-99,-99,-99,-99,-99,3,-99,-99,-99,-99,-99,-99,-99,-99,-99
E12000008,South East,E06000043,Brighton and Hove,E06000043,Brighton and Hove,E02003516,Hove Central,-99,-99,-99,-99,-99,-99,-99,-99,-99,-99,-99,5,4,-99,3,-99,-99,-99,-99,-99,-99,-99,-99,-99,-99,-99,-99,-99,-99,-99,-99,-99,-99,-99,-99,-99,-99
E12000008,South East,E06000043,Brighton and Hove,E06000043,Brighton and Hove,E02003517,North Laine & the Lanes,-99,-99,-99,-99,-99,-99,-99,-99,-99,-99,3,-99,-99,4,-99,-99,-99,-99,-99,-99,-99,-99,-99,-99,-99,3,-99,-99,-99,-99,3,3,3,-99,-99,8,8
E12000008,South East,E06000043,Brighton and Hove,E06000043,Brighton and Hove,E02003518,King Alfred,-99,-99,-99,-99,-99,-99,-99,-99,-99,3,5,3,5,3,-99,-99,-99,-99,-99,-99,-99,-99,-99,-99,-99,-99,-99,-99,-99,-99,-99,-99,-99,-99,-99,4,4
E12000008,South East,E06000043,Brighton and Hove,E06000043,Brighton and Hove,E02003519,Brunswick,-99,-99,-99,-99,-99,-99,-99,-99,-99,-99,-99,-99,3,-99,-99,-99,-99,4,-99,-99,-99,-99,-99,-99,-99,-99,-99,-99,-99,-99,-99,-99,3,-99,-99,4,4
E12000008,South East,E06000043,Brighton and Hove,E06000043,Brighton and Hove,E02003520,St James's Street & Queen's Park,-99,-99,-99,-99,-99,-99,-99,-99,-99,-99,-99,6,-99,3,3,-99,-99,-99,-99,-99,-99,-99,-99,-99,-99,-99,-99,-99,-99,-99,-99,-99,-99,-99,-99,4,4
E12000008,South East,E06000043,Brighton and Hove,E06000043,Brighton and Hove,E02003521,Kemptown,-99,-99,-99,-99,-99,-99,-99,-99,3,-99,7,8,-99,-99,-99,4,3,-99,4,-99,-99,-99,3,-99,-99,-99,-99,-99,-99,-99,-99,-99,-99,-99,-99,9,9
E12000008,South East,E06000043,Brighton and Hove,E06000043,Brighton and Hove,E02003522,Roedean & Marina,-99,-99,-99,-99,-99,-99,-99,-99,3,7,9,5,3,8,-99,-99,-99,5,-99,-99,-99,-99,-99,-99,-99,-99,-99,-99,-99,-99,4,-99,-99,3,-99,-99,-99
E12000008,South East,E06000043,Brighton and Hove,E06000043,Brighton and Hove,E02003523,Rottingdean & Saltdean,-99,-99,-99,-99,-99,-99,-99,-99,5,-99,-99,5,-99,-99,3,6,-99,4,4,-99,-99,-99,-99,-99,-99,-99,-99,-99,-99,-99,-99,-99,-99,-99,-99,3,3
E12000008,South East,E06000044,Portsmouth,E06000044,Portsmouth,E02003524,Paulsgrove East,-99,-99,-99,-99,-99,-99,-99,-99,-99,5,7,4,-99,-99,3,-99,-99,-99,-99,-99,-99,-99,-99,-99,-99,-99,-99,-99,-99,-99,-99,-99,-99,3,3,-99,-99
E12000008,South East,E06000044,Portsmouth,E06000044,Portsmouth,E02003525,Wymering,-99,-99,-99,-99,-99,-99,-99,-99,-99,-99,4,-99,6,4,-99,-99,-99,-99,-99,-99,-99,-99,-99,-99,-99,-99,-99,-99,-99,-99,-99,-99,-99,-99,-99,-99,-99
E12000008,South East,E06000044,Portsmouth,E06000044,Portsmouth,E02003526,Cosham North,-99,-99,-99,-99,-99,-99,-99,-99,-99,3,5,4,-99,-99,-99,-99,-99,-99,-99,-99,-99,-99,-99,-99,-99,-99,-99,-99,-99,-99,-99,-99,-99,-99,-99,-99,-99
E12000008,South East,E06000044,Portsmouth,E06000044,Portsmouth,E02003527,Paulsgrove West & Port Solent,-99,-99,-99,-99,-99,-99,-99,-99,-99,-99,3,-99,-99,-99,-99,-99,-99,-99,-99,-99,-99,-99,-99,-99,-99,-99,-99,-99,-99,-99,-99,-99,-99,-99,-99,-99,-99
E12000008,South East,E06000044,Portsmouth,E06000044,Portsmouth,E02003529,Cosham South,-99,-99,-99,-99,-99,-99,-99,-99,3,-99,4,-99,3,-99,-99,-99,-99,-99,-99,-99,-99,-99,-99,-99,-99,-99,-99,-99,-99,-99,-99,3,-99,-99,-99,-99,-99
E12000008,South East,E06000044,Portsmouth,E06000044,Portsmouth,E02003530,Hilsea,-99,-99,-99,-99,-99,-99,-99,-99,3,-99,-99,-99,-99,-99,-99,-99,-99,-99,-99,-99,-99,-99,-99,-99,-99,-99,-99,-99,-99,-99,-99,-99,-99,-99,3,8,8
E12000008,South East,E06000044,Portsmouth,E06000044,Portsmouth,E02003531,Anchorage Park & Copnor,-99,-99,-99,-99,-99,-99,-99,-99,-99,-99,-99,-99,4,-99,-99,-99,-99,-99,-99,-99,-99,-99,-99,-99,-99,-99,-99,-99,-99,-99,-99,-99,-99,-99,-99,-99,-99
E12000008,South East,E06000044,Portsmouth,E06000044,Portsmouth,E02003532,Alexandra Park,-99,-99,-99,-99,-99,-99,-99,-99,-99,4,3,-99,-99,-99,-99,-99,-99,-99,-99,-99,-99,-99,-99,-99,-99,-99,-99,-99,-99,-99,-99,-99,-99,-99,3,3,3
E12000008,South East,E06000044,Portsmouth,E06000044,Portsmouth,E02003533,North End West & Whale Island,-99,-99,-99,-99,-99,-99,-99,4,3,-99,3,-99,7,-99,-99,-99,-99,-99,-99,-99,-99,-99,-99,-99,-99,-99,-99,-99,-99,-99,-99,-99,-99,-99,7,-99,-99
E12000008,South East,E06000044,Portsmouth,E06000044,Portsmouth,E02003534,North End East,-99,-99,-99,-99,-99,-99,-99,-99,-99,-99,-99,-99,-99,-99,-99,-99,-99,-99,-99,-99,-99,-99,-99,-99,-99,-99,-99,-99,-99,-99,-99,-99,-99,-99,-99,-99,-99
E12000008,South East,E06000044,Portsmouth,E06000044,Portsmouth,E02003535,Fratton North,-99,-99,-99,-99,-99,-99,-99,3,-99,3,5,-99,8,-99,3,-99,-99,-99,-99,-99,-99,-99,-99,-99,-99,-99,-99,-99,-99,-99,-99,-99,-99,-99,-99,-99,-99
E12000008,South East,E06000044,Portsmouth,E06000044,Portsmouth,E02003536,Landport,-99,-99,-99,-99,-99,-99,-99,3,3,-99,-99,3,-99,-99,-99,-99,-99,-99,-99,-99,-99,-99,-99,-99,-99,-99,-99,-99,-99,-99,-99,-99,-99,-99,-99,5,5
E12000008,South East,E06000044,Portsmouth,E06000044,Portsmouth,E02003537,Baffins,-99,-99,-99,-99,-99,-99,3,-99,-99,3,5,5,9,5,-99,-99,-99,-99,-99,-99,-99,-99,-99,-99,-99,-99,-99,-99,-99,-99,-99,-99,-99,-99,-99,4,4
E12000008,South East,E06000044,Portsmouth,E06000044,Portsmouth,E02003538,Fratton Kingston,-99,-99,-99,-99,-99,-99,-99,-99,-99,-99,6,3,10,5,-99,-99,-99,-99,-99,-99,-99,-99,-99,-99,-99,-99,-99,-99,-99,-99,-99,-99,-99,-99,-99,-99,-99
E12000008,South East,E06000044,Portsmouth,E06000044,Portsmouth,E02003539,Fratton West & Portsea,-99,-99,-99,-99,-99,-99,-99,4,4,4,3,-99,-99,5,-99,-99,-99,4,-99,-99,-99,-99,-99,-99,-99,-99,-99,-99,-99,4,3,4,16,8,28,41,41
E12000008,South East,E06000044,Portsmouth,E06000044,Portsmouth,E02003540,Milton,-99,-99,-99,-99,-99,-99,-99,-99,4,3,7,-99,5,-99,-99,-99,-99,-99,-99,-99,-99,-99,-99,-99,-99,-99,-99,-99,-99,-99,-99,-99,-99,-99,-99,4,4
E12000008,South East,E06000044,Portsmouth,E06000044,Portsmouth,E02003541,Somers Town,-99,-99,-99,-99,-99,-99,-99,-99,-99,4,-99,-99,3,-99,-99,-99,-99,-99,-99,-99,-99,-99,-99,-99,-99,-99,-99,-99,-99,-99,-99,-99,-99,-99,4,7,7
E12000008,South East,E06000044,Portsmouth,E06000044,Portsmouth,E02003542,Southsea Haslemere Road,-99,-99,-99,-99,-99,-99,-99,-99,-99,-99,-99,-99,3,5,-99,-99,-99,-99,-99,-99,-99,-99,-99,-99,-99,-99,-99,-99,-99,-99,-99,-99,-99,-99,-99,-99,-99
E12000008,South East,E06000044,Portsmouth,E06000044,Portsmouth,E02003543,Southsea Fawcett Road,-99,-99,-99,-99,-99,-99,3,-99,3,-99,4,5,4,-99,-99,-99,-99,-99,-99,-99,-99,-99,-99,-99,-99,-99,-99,-99,-99,-99,-99,-99,-99,3,4,5,5
E12000008,South East,E06000044,Portsmouth,E06000044,Portsmouth,E02003544,Southsea Prince Albert Road,-99,-99,-99,-99,-99,-99,-99,-99,-99,-99,-99,4,4,-99,-99,-99,-99,-99,-99,-99,-99,-99,-99,-99,-99,-99,-99,-99,-99,-99,-99,-99,-99,-99,-99,3,3
E12000008,South East,E06000044,Portsmouth,E06000044,Portsmouth,E02003545,Southsea West,-99,-99,-99,-99,-99,-99,-99,-99,3,-99,-99,-99,-99,-99,-99,-99,-99,-99,-99,-99,-99,-99,-99,-99,-99,-99,-99,-99,-99,-99,-99,5,-99,-99,-99,-99,-99
E12000008,South East,E06000044,Portsmouth,E06000044,Portsmouth,E02003546,Eastney,-99,-99,-99,-99,-99,-99,-99,-99,-99,-99,-99,3,7,10,16,-99,-99,-99,-99,-99,-99,-99,-99,-99,-99,-99,-99,-99,3,-99,-99,-99,-99,-99,-99,4,4
E12000008,South East,E06000044,Portsmouth,E06000044,Portsmouth,E02003547,Old Portsmouth & Southsea Common,-99,-99,-99,-99,-99,-99,-99,-99,-99,-99,-99,-99,3,3,-99,-99,-99,-99,-99,-99,-99,-99,-99,-99,-99,-99,-99,-99,-99,-99,5,-99,-99,4,3,4,4
E12000008,South East,E06000044,Portsmouth,E06000044,Portsmouth,E02003548,Southsea Waverley Road,-99,-99,-99,-99,-99,-99,-99,-99,-99,-99,-99,-99,-99,7,-99,-99,-99,-99,-99,-99,-99,-99,-99,-99,-99,-99,-99,-99,-99,-99,-99,-99,-99,-99,-99,-99,-99
E12000008,South East,E06000045,Southampton,E06000045,Southampton,E02003549,Bassett Green,-99,-99,-99,-99,-99,-99,-99,-99,-99,-99,-99,4,-99,-99,-99,3,-99,-99,4,-99,-99,-99,-99,-99,-99,-99,-99,-99,-99,-99,-99,-99,-99,-99,8,7,7
E12000008,South East,E06000045,Southampton,E06000045,Southampton,E02003550,Aldermoor & Lordswood,-99,-99,-99,-99,-99,-99,-99,3,-99,6,4,4,4,4,-99,-99,-99,3,-99,-99,-99,-99,-99,-99,-99,-99,-99,-99,-99,-99,-99,-99,-99,-99,-99,-99,-99
E12000008,South East,E06000045,Southampton,E06000045,Southampton,E02003551,Stoneham,-99,-99,-99,-99,-99,-99,-99,-99,-99,-99,-99,-99,-99,-99,-99,4,-99,-99,-99,-99,-99,-99,-99,-99,-99,-99,-99,-99,-99,-99,-99,-99,5,-99,-99,5,5
E12000008,South East,E06000045,Southampton,E06000045,Southampton,E02003552,Coxford & Lords Hill,-99,-99,-99,-99,-99,-99,-99,-99,5,7,3,-99,10,3,4,-99,-99,-99,-99,-99,-99,-99,-99,-99,-99,-99,-99,-99,-99,-99,-99,-99,-99,-99,-99,5,5
E12000008,South East,E06000045,Southampton,E06000045,Southampton,E02003553,Swaythling,-99,-99,-99,-99,-99,-99,-99,-99,-99,3,-99,5,-99,3,8,-99,-99,-99,3,-99,-99,-99,-99,-99,-99,-99,-99,-99,-99,-99,-99,-99,-99,8,7,-99,-99
E12000008,South East,E06000045,Southampton,E06000045,Southampton,E02003554,Hollybrook,-99,-99,-99,-99,-99,-99,-99,-99,-99,3,6,7,6,3,3,4,-99,-99,-99,-99,-99,-99,-99,-99,-99,-99,-99,-99,-99,-99,-99,-99,-99,-99,-99,3,3
E12000008,South East,E06000045,Southampton,E06000045,Southampton,E02003555,Maybush,-99,-99,-99,-99,-99,-99,-99,-99,-99,4,7,6,-99,4,6,3,-99,4,-99,-99,-99,-99,-99,-99,-99,-99,-99,-99,-99,-99,-99,-99,-99,-99,-99,7,7
E12000008,South East,E06000045,Southampton,E06000045,Southampton,E02003556,Townhill Park,-99,-99,-99,-99,-99,-99,-99,-99,-99,3,-99,-99,-99,-99,-99,-99,-99,-99,-99,-99,-99,-99,-99,-99,-99,-99,-99,-99,-99,-99,-99,-99,-99,-99,-99,-99,-99
E12000008,South East,E06000045,Southampton,E06000045,Southampton,E02003557,Highfield & University,-99,-99,-99,-99,-99,-99,-99,-99,-99,4,3,-99,5,-99,4,-99,-99,-99,-99,-99,-99,-99,-99,-99,-99,-99,-99,-99,-99,-99,-99,-99,-99,-99,-99,5,5
E12000008,South East,E06000045,Southampton,E06000045,Southampton,E02003558,Shirley Warren,-99,-99,-99,-99,-99,-99,-99,-99,5,11,6,6,4,8,3,4,-99,5,-99,-99,-99,-99,-99,3,-99,-99,-99,-99,-99,-99,-99,-99,-99,-99,-99,3,3
E12000008,South East,E06000045,Southampton,E06000045,Southampton,E02003559,Upper Shirley,-99,-99,-99,-99,-99,-99,-99,-99,-99,3,5,-99,4,-99,3,-99,-99,-99,-99,-99,-99,-99,-99,-99,-99,-99,-99,-99,3,-99,3,-99,-99,-99,-99,9,9
E12000008,South East,E06000045,Southampton,E06000045,Southampton,E02003560,Redbridge & Millbrook West,-99,-99,-99,-99,-99,-99,-99,-99,-99,-99,-99,4,-99,-99,-99,-99,3,-99,-99,-99,-99,-99,-99,-99,-99,-99,-99,-99,-99,-99,-99,-99,-99,-99,-99,-99,-99
E12000008,South East,E06000045,Southampton,E06000045,Southampton,E02003561,St Denys,-99,-99,-99,-99,-99,-99,-99,-99,-99,4,6,-99,3,7,-99,-99,-99,3,-99,-99,-99,-99,-99,-99,-99,-99,-99,-99,-99,-99,-99,-99,-99,-99,-99,3,3
E12000008,South East,E06000045,Southampton,E06000045,Southampton,E02003562,Bitterne West,-99,-99,-99,-99,-99,-99,-99,-99,-99,-99,-99,-99,4,-99,3,-99,3,-99,-99,-99,-99,-99,-99,-99,-99,-99,-99,-99,-99,-99,-99,-99,-99,-99,-99,4,4
E12000008,South East,E06000045,Southampton,E06000045,Southampton,E02003563,Shirley South,-99,-99,-99,-99,-99,-99,-99,3,-99,3,7,7,7,4,5,-99,3,3,3,-99,-99,-99,-99,-99,-99,-99,-99,-99,-99,-99,-99,-99,-99,-99,-99,-99,-99
E12000008,South East,E06000045,Southampton,E06000045,Southampton,E02003564,Bitterne East,-99,-99,-99,-99,-99,-99,-99,-99,-99,-99,-99,-99,-99,3,3,-99,-99,-99,-99,-99,-99,-99,-99,-99,-99,-99,-99,-99,-99,-99,-99,-99,-99,-99,-99,3,3
E12000008,South East,E06000045,Southampton,E06000045,Southampton,E02003565,Bevois Town,-99,-99,-99,-99,-99,-99,-99,-99,3,-99,3,8,-99,-99,-99,-99,-99,-99,-99,-99,-99,-99,-99,-99,-99,-99,-99,-99,-99,-99,-99,-99,-99,3,-99,-99,-99
E12000008,South East,E06000045,Southampton,E06000045,Southampton,E02003566,Harefield,-99,-99,-99,-99,-99,-99,-99,-99,-99,-99,-99,-99,-99,-99,-99,-99,-99,-99,-99,-99,-99,-99,-99,-99,-99,-99,-99,-99,-99,-99,-99,-99,-99,-99,-99,-99,-99
E12000008,South East,E06000045,Southampton,E06000045,Southampton,E02003567,Regents Park & Millbrook East,-99,-99,-99,-99,-99,-99,-99,-99,-99,3,5,-99,6,3,-99,3,-99,3,-99,-99,-99,-99,-99,-99,-99,-99,-99,-99,-99,-99,-99,-99,-99,-99,4,5,5
E12000008,South East,E06000045,Southampton,E06000045,Southampton,E02003568,Banister Park & Howard Road,-99,-99,-99,-99,-99,-99,-99,-99,-99,6,4,7,16,5,4,4,7,-99,-99,-99,-99,-99,-99,-99,-99,-99,-99,-99,-99,-99,-99,-99,-99,-99,3,3,3
E12000008,South East,E06000045,Southampton,E06000045,Southampton,E02003569,Freemantle,-99,-99,-99,-99,-99,-99,-99,-99,-99,-99,3,3,3,3,-99,-99,-99,3,-99,-99,-99,-99,-99,-99,-99,-99,-99,-99,-99,-99,-99,-99,-99,-99,-99,3,3
E12000008,South East,E06000045,Southampton,E06000045,Southampton,E02003570,Newtown & Nicholstown,-99,-99,-99,-99,-99,-99,-99,3,3,-99,-99,-99,3,3,-99,3,-99,4,-99,-99,-99,-99,-99,-99,-99,-99,-99,-99,-99,-99,-99,-99,3,-99,-99,4,4
E12000008,South East,E06000045,Southampton,E06000045,Southampton,E02003571,Central Southampton West,-99,-99,-99,-99,-99,-99,-99,-99,-99,3,-99,4,8,8,-99,10,12,-99,6,-99,3,-99,-99,-99,-99,-99,-99,-99,-99,-99,-99,4,-99,-99,-99,4,4
E12000008,South East,E06000045,Southampton,E06000045,Southampton,E02003572,Bitterne South,-99,-99,-99,-99,-99,-99,-99,-99,14,5,3,-99,-99,-99,-99,3,-99,-99,-99,-99,-99,-99,-99,-99,-99,-99,-99,-99,-99,-99,-99,-99,-99,-99,-99,-99,-99
E12000008,South East,E06000045,Southampton,E06000045,Southampton,E02003573,Thornhill,-99,-99,-99,-99,-99,-99,-99,-99,-99,-99,-99,-99,3,6,-99,-99,-99,-99,-99,-99,-99,-99,-99,-99,-99,-99,-99,-99,-99,-99,-99,-99,-99,-99,-99,-99,-99
E12000008,South East,E06000045,Southampton,E06000045,Southampton,E02003574,Sholing East,-99,-99,-99,-99,-99,-99,-99,-99,-99,3,-99,-99,4,4,-99,3,-99,-99,-99,-99,-99,-99,-99,-99,-99,-99,-99,-99,-99,-99,-99,-99,-99,-99,-99,-99,-99
E12000008,South East,E06000045,Southampton,E06000045,Southampton,E02003575,Hightown,-99,-99,-99,-99,-99,-99,-99,-99,-99,-99,-99,-99,-99,-99,-99,-99,-99,-99,-99,-99,-99,-99,-99,-99,-99,-99,-99,-99,-99,-99,-99,-99,-99,-99,-99,-99,-99
E12000008,South East,E06000045,Southampton,E06000045,Southampton,E02003576,Itchen,-99,-99,-99,-99,-99,-99,-99,-99,3,3,-99,-99,-99,-99,3,3,-99,-99,-99,-99,-99,-99,-99,-99,-99,-99,-99,-99,-99,-99,-99,-99,-99,-99,6,3,3
E12000008,South East,E06000045,Southampton,E06000045,Southampton,E02003577,Central Southampton East,-99,-99,-99,-99,-99,-99,-99,-99,-99,5,3,6,5,4,-99,4,-99,3,-99,-99,-99,-99,-99,-99,-99,-99,-99,-99,-99,-99,-99,-99,-99,-99,3,3,3
E12000008,South East,E06000045,Southampton,E06000045,Southampton,E02003578,Sholing West,-99,-99,-99,-99,-99,-99,-99,-99,-99,-99,-99,-99,6,-99,3,-99,-99,-99,-99,-99,-99,-99,-99,-99,-99,-99,-99,-99,-99,-99,-99,3,-99,-99,-99,-99,-99
E12000008,South East,E06000045,Southampton,E06000045,Southampton,E02003579,Woolston,-99,-99,-99,-99,-99,-99,-99,-99,-99,5,-99,6,8,13,8,-99,-99,-99,-99,-99,-99,-99,-99,-99,-99,3,-99,-99,-99,-99,3,-99,-99,-99,-99,6,6
E12000008,South East,E06000045,Southampton,E06000045,Southampton,E02003580,Weston,-99,-99,-99,-99,-99,-99,-99,-99,-99,-99,-99,-99,-99,-99,-99,-99,-99,-99,-99,-99,-99,-99,-99,-99,-99,-99,-99,-99,-99,-99,-99,-99,-99,-99,-99,-99,-99
E12000008,South East,E06000046,Isle of Wight,E06000046,Isle of Wight,E02003581,Cowes Central,-99,-99,-99,-99,-99,-99,-99,-99,-99,-99,-99,-99,6,7,5,6,12,7,-99,-99,-99,-99,-99,-99,-99,-99,-99,-99,-99,-99,-99,-99,3,-99,-99,-99,-99
E12000008,South East,E06000046,Isle of Wight,E06000046,Isle of Wight,E02003582,"Cowes West, Gurnard & Northwood",-99,-99,-99,-99,-99,-99,-99,-99,-99,-99,-99,-99,11,6,3,3,-99,-99,-99,-99,-99,-99,-99,-99,-99,-99,-99,-99,-99,-99,-99,-99,-99,-99,-99,-99,-99
E12000008,South East,E06000046,Isle of Wight,E06000046,Isle of Wight,E02003583,East Cowes & Osborne,-99,-99,-99,-99,-99,-99,-99,-99,-99,-99,-99,-99,-99,-99,3,-99,-99,-99,-99,-99,-99,-99,-99,-99,-99,-99,-99,-99,-99,-99,-99,-99,-99,-99,-99,-99,-99
E12000008,South East,E06000046,Isle of Wight,E06000046,Isle of Wight,E02003584,Ryde Central,-99,-99,-99,-99,-99,-99,-99,-99,-99,-99,-99,-99,4,3,5,-99,-99,-99,-99,-99,-99,-99,-99,-99,-99,-99,-99,-99,-99,-99,-99,-99,-99,-99,-99,-99,-99
E12000008,South East,E06000046,Isle of Wight,E06000046,Isle of Wight,E02003585,Binstead & Wootton,-99,-99,-99,-99,-99,-99,-99,-99,-99,-99,-99,3,5,21,-99,-99,-99,-99,-99,-99,-99,-99,-99,-99,-99,-99,-99,-99,-99,-99,-99,-99,-99,-99,3,-99,-99
E12000008,South East,E06000046,Isle of Wight,E06000046,Isle of Wight,E02003586,Ryde West & Havenstreet,-99,-99,-99,-99,-99,-99,-99,-99,-99,3,3,-99,4,6,-99,-99,-99,-99,-99,-99,-99,-99,-99,-99,-99,-99,-99,-99,-99,-99,-99,-99,-99,-99,-99,4,4
E12000008,South East,E06000046,Isle of Wight,E06000046,Isle of Wight,E02003587,Ryde South,-99,-99,-99,-99,-99,-99,-99,-99,-99,-99,-99,-99,4,-99,-99,-99,-99,-99,-99,-99,-99,-99,-99,-99,-99,-99,-99,-99,-99,-99,-99,-99,-99,-99,-99,-99,-99
E12000008,South East,E06000046,Isle of Wight,E06000046,Isle of Wight,E02003588,Newport East & Parkhurst East,-99,-99,-99,-99,-99,-99,-99,-99,-99,-99,-99,-99,8,10,-99,7,-99,-99,-99,-99,-99,-99,-99,-99,-99,-99,-99,-99,-99,-99,-99,-99,-99,-99,-99,-99,-99
E12000008,South East,E06000046,Isle of Wight,E06000046,Isle of Wight,E02003589,Newport Central & Parkhurst West,-99,-99,-99,-99,-99,-99,-99,-99,-99,-99,-99,-99,6,-99,9,3,3,-99,-99,-99,-99,-99,-99,-99,-99,-99,-99,-99,-99,-99,-99,-99,-99,-99,-99,-99,-99
E12000008,South East,E06000046,Isle of Wight,E06000046,Isle of Wight,E02003590,Bembridge & Nettlestone,-99,-99,-99,-99,-99,-99,-99,-99,-99,-99,-99,-99,-99,-99,6,-99,4,5,-99,-99,-99,-99,-99,-99,-99,-99,-99,-99,-99,-99,-99,-99,-99,-99,-99,-99,-99
E12000008,South East,E06000046,Isle of Wight,E06000046,Isle of Wight,E02003591,Newport South & West,-99,-99,-99,-99,-99,-99,-99,-99,-99,-99,-99,-99,-99,4,3,3,-99,-99,-99,-99,-99,-99,-99,-99,-99,-99,-99,-99,-99,-99,-99,-99,-99,-99,-99,-99,-99
E12000008,South East,E06000046,Isle of Wight,E06000046,Isle of Wight,E02003592,Yarmouth & Freshwater,-99,-99,-99,-99,-99,-99,-99,-99,-99,5,-99,4,9,9,-99,5,3,4,-99,-99,-99,-99,-99,-99,-99,-99,-99,-99,-99,-99,-99,-99,-99,-99,3,-99,-99
E12000008,South East,E06000046,Isle of Wight,E06000046,Isle of Wight,E02003593,Brighstone & Shalfleet,-99,-99,-99,-99,-99,-99,-99,-99,-99,-99,-99,-99,3,-99,-99,-99,-99,-99,-99,-99,-99,-99,-99,-99,-99,-99,-99,-99,-99,-99,-99,-99,-99,-99,-99,-99,-99
E12000008,South East,E06000046,Isle of Wight,E06000046,Isle of Wight,E02003594,Sandown & Brading,-99,-99,-99,-99,-99,-99,-99,-99,-99,-99,4,-99,-99,12,3,5,5,5,-99,-99,-99,-99,-99,-99,-99,-99,-99,-99,-99,-99,-99,-99,-99,-99,-99,-99,-99
E12000008,South East,E06000046,Isle of Wight,E06000046,Isle of Wight,E02003595,Shanklin West & Newchurch,-99,-99,-99,-99,-99,-99,-99,-99,-99,-99,-99,-99,-99,-99,-99,-99,-99,-99,-99,-99,-99,-99,-99,-99,-99,-99,-99,-99,-99,-99,-99,-99,-99,-99,-99,-99,-99
E12000008,South East,E06000046,Isle of Wight,E06000046,Isle of Wight,E02003596,Shanklin Central & Lake,-99,-99,-99,-99,-99,-99,-99,-99,-99,4,-99,-99,4,6,3,-99,-99,-99,-99,-99,-99,-99,-99,-99,-99,-99,-99,-99,-99,-99,-99,-99,-99,-99,3,-99,-99
E12000008,South East,E06000046,Isle of Wight,E06000046,Isle of Wight,E02003597,"Niton, Shorwell & Godshill",-99,-99,-99,-99,-99,-99,-99,-99,-99,-99,-99,-99,-99,-99,-99,-99,-99,-99,-99,-99,-99,-99,-99,-99,-99,-99,-99,-99,-99,-99,-99,-99,-99,-99,-99,-99,-99
E12000008,South East,E06000046,Isle of Wight,E06000046,Isle of Wight,E02003598,Ventnor & Wroxall,-99,-99,-99,-99,-99,-99,-99,-99,-99,-99,-99,-99,-99,-99,-99,3,-99,-99,-99,-99,-99,-99,-99,-99,-99,-99,-99,-99,-99,-99,-99,-99,-99,-99,-99,-99,-99
E12000006,East of England,E06000056,Central Bedfordshire,E06000056,Central Bedfordshire,E02003599,Sandy North,-99,-99,-99,-99,-99,-99,-99,-99,-99,4,-99,3,-99,-99,-99,-99,-99,4,-99,4,-99,-99,-99,-99,-99,-99,-99,-99,-99,-99,-99,-99,-99,3,-99,-99,-99
E12000006,East of England,E06000056,Central Bedfordshire,E06000056,Central Bedfordshire,E02003600,Sandy South,-99,-99,-99,-99,-99,-99,-99,-99,3,7,-99,-99,4,4,4,-99,3,5,3,3,-99,-99,-99,-99,-99,-99,-99,-99,-99,-99,-99,-99,-99,-99,-99,-99,-99
E12000006,East of England,E06000056,Central Bedfordshire,E06000056,Central Bedfordshire,E02003601,Potton,-99,-99,-99,-99,-99,-99,-99,-99,-99,-99,-99,3,3,-99,4,-99,4,-99,-99,-99,-99,-99,-99,-99,-99,-99,-99,-99,-99,-99,-99,-99,-99,3,-99,3,3
E12000006,East of England,E06000056,Central Bedfordshire,E06000056,Central Bedfordshire,E02003602,"Blunham, Caldecote & Broom",-99,-99,-99,-99,-99,-99,-99,-99,5,-99,3,-99,-99,-99,-99,4,6,-99,-99,-99,4,-99,-99,-99,-99,-99,-99,-99,-99,-99,-99,3,-99,-99,-99,-99,-99
E12000006,East of England,E06000056,Central Bedfordshire,E06000056,Central Bedfordshire,E02003603,Biggleswade West,-99,-99,-99,-99,-99,-99,-99,-99,4,-99,-99,-99,3,3,6,-99,5,23,-99,3,-99,-99,-99,-99,-99,-99,-99,-99,-99,-99,-99,-99,-99,-99,-99,3,3
E12000006,East of England,E06000056,Central Bedfordshire,E06000056,Central Bedfordshire,E02003604,Biggleswade East,-99,-99,-99,-99,-99,-99,-99,-99,-99,-99,8,-99,5,10,3,16,3,3,-99,4,-99,-99,-99,-99,-99,-99,-99,-99,-99,-99,-99,3,6,-99,-99,3,3
E12000006,East of England,E06000056,Central Bedfordshire,E06000056,Central Bedfordshire,E02003605,Cranfield & Apsley Guise,-99,-99,-99,-99,-99,-99,-99,-99,4,-99,3,3,-99,-99,3,-99,-99,3,-99,-99,4,-99,-99,-99,-99,-99,-99,-99,-99,-99,-99,-99,3,4,-99,6,6
E12000006,East of England,E06000056,Central Bedfordshire,E06000056,Central Bedfordshire,E02003606,Houghton Conquest & Clophill,-99,-99,-99,-99,-99,-99,3,-99,4,4,-99,-99,-99,-99,5,4,-99,-99,-99,-99,-99,-99,-99,-99,-99,-99,-99,-99,-99,-99,-99,-99,-99,-99,3,-99,-99
E12000006,East of England,E06000056,Central Bedfordshire,E06000056,Central Bedfordshire,E02003607,"Marston Moretaine, Lidlington & Woburn",-99,-99,-99,-99,-99,-99,-99,-99,-99,3,8,8,5,9,5,-99,3,-99,9,7,-99,-99,-99,-99,-99,-99,-99,-99,-99,-99,-99,-99,-99,-99,3,5,5
E12000006,East of England,E06000056,Central Bedfordshire,E06000056,Central Bedfordshire,E02003608,Arlesey & Henlow,-99,-99,-99,-99,-99,-99,-99,-99,4,6,3,3,3,-99,3,5,3,3,-99,-99,-99,-99,-99,-99,5,3,-99,-99,4,-99,-99,-99,-99,4,-99,-99,-99
E12000006,East of England,E06000056,Central Bedfordshire,E06000056,Central Bedfordshire,E02003609,Shefford & Shillington,-99,-99,-99,-99,-99,-99,-99,-99,-99,6,5,4,4,7,-99,9,-99,5,-99,-99,-99,-99,-99,-99,-99,-99,-99,-99,3,3,-99,-99,3,-99,3,4,4
E12000006,East of England,E06000056,Central Bedfordshire,E06000056,Central Bedfordshire,E02003610,Ampthill & Millbrook,-99,-99,-99,-99,-99,-99,-99,-99,-99,4,-99,3,3,4,3,-99,-99,-99,-99,-99,-99,-99,-99,-99,-99,-99,-99,-99,-99,3,5,-99,-99,5,3,4,4
E12000006,East of England,E06000056,Central Bedfordshire,E06000056,Central Bedfordshire,E02003611,"Clifton, Meppershall & Stondon",-99,-99,-99,-99,-99,-99,-99,-99,-99,4,4,5,8,-99,-99,-99,-99,3,-99,3,-99,-99,-99,-99,-99,-99,-99,-99,-99,-99,-99,-99,-99,-99,-99,-99,-99
E12000006,East of England,E06000056,Central Bedfordshire,E06000056,Central Bedfordshire,E02003612,Stotfold,-99,-99,-99,-99,-99,-99,-99,-99,-99,-99,3,-99,7,6,3,3,-99,-99,-99,-99,-99,-99,-99,-99,-99,-99,-99,-99,3,-99,-99,-99,-99,-99,-99,6,6
E12000006,East of England,E06000056,Central Bedfordshire,E06000056,Central Bedfordshire,E02003613,Flitwick East,-99,-99,-99,-99,-99,-99,-99,-99,3,4,-99,-99,3,-99,-99,4,-99,5,-99,-99,-99,-99,-99,-99,-99,-99,-99,-99,-99,-99,-99,-99,-99,-99,3,-99,-99
E12000006,East of England,E06000056,Central Bedfordshire,E06000056,Central Bedfordshire,E02003614,Flitwick West,-99,-99,-99,-99,-99,-99,-99,-99,-99,3,-99,-99,4,4,-99,-99,-99,-99,5,5,-99,-99,-99,-99,-99,-99,-99,-99,-99,-99,-99,-99,3,6,-99,4,4
E12000006,East of England,E06000056,Central Bedfordshire,E06000056,Central Bedfordshire,E02003615,"Westoning, Harlington & Silsoe",-99,-99,-99,-99,-99,-99,-99,-99,3,3,-99,3,3,-99,-99,3,-99,3,-99,-99,-99,-99,-99,-99,-99,-99,-99,-99,-99,-99,-99,-99,-99,-99,-99,5,5
E12000006,East of England,E06000055,Bedford,E06000055,Bedford,E02003616,Riseley & Sharnbrook,-99,-99,-99,-99,-99,-99,-99,-99,-99,-99,-99,3,7,6,5,-99,-99,-99,-99,-99,-99,-99,-99,-99,-99,-99,-99,-99,-99,-99,-99,-99,-99,-99,5,3,3
E12000006,East of England,E06000055,Bedford,E06000055,Bedford,E02003617,"Harrold, Chellington & Turvey",-99,-99,-99,-99,-99,-99,-99,-99,4,-99,-99,3,-99,4,-99,-99,-99,-99,-99,-99,6,-99,-99,-99,-99,-99,4,-99,-99,-99,-99,-99,-99,-99,3,4,4
E12000006,East of England,E06000055,Bedford,E06000055,Bedford,E02003618,"Clapham, Oakley & Thurleigh",-99,-99,-99,-99,-99,-99,-99,-99,4,-99,4,6,5,3,4,3,6,3,-99,3,-99,-99,-99,-99,-99,-99,-99,-99,-99,-99,-99,-99,-99,-99,-99,3,3
E12000006,East of England,E06000055,Bedford,E06000055,Bedford,E02003619,"Wyboston, Great Barford & Cople",-99,-99,-99,-99,-99,-99,-99,-99,5,5,11,6,8,7,12,5,-99,-99,-99,-99,3,-99,-99,-99,-99,3,-99,-99,-99,-99,-99,-99,-99,-99,-99,-99,-99
E12000006,East of England,E06000055,Bedford,E06000055,Bedford,E02003620,Brickhill,-99,-99,-99,-99,-99,-99,-99,-99,3,3,5,3,-99,5,5,4,6,5,3,4,-99,-99,-99,-99,-99,5,5,-99,-99,-99,-99,-99,-99,4,5,5,5
E12000006,East of England,E06000055,Bedford,E06000055,Bedford,E02003621,Putnoe,-99,-99,-99,-99,-99,-99,-99,-99,4,5,3,6,-99,3,8,3,4,7,-99,-99,5,-99,-99,-99,-99,-99,-99,-99,-99,-99,3,3,-99,-99,-99,4,4
E12000006,East of England,E06000055,Bedford,E06000055,Bedford,E02003622,Goldington,-99,-99,-99,-99,-99,-99,-99,-99,3,4,4,6,4,-99,4,10,4,3,3,3,4,-99,-99,-99,-99,-99,-99,-99,-99,-99,-99,-99,-99,-99,4,10,10
E12000006,East of England,E06000055,Bedford,E06000055,Bedford,E02003623,Bromham & Biddenham,-99,-99,-99,-99,-99,-99,-99,-99,-99,5,5,3,-99,4,11,4,-99,5,3,-99,5,5,-99,-99,-99,-99,-99,4,-99,-99,-99,-99,3,3,-99,5,5
E12000006,East of England,E06000055,Bedford,E06000055,Bedford,E02003624,De Parys,-99,-99,-99,-99,-99,-99,-99,-99,6,-99,4,3,3,7,-99,5,8,-99,6,-99,4,-99,-99,-99,-99,-99,-99,-99,-99,-99,-99,3,4,-99,6,5,5
E12000006,East of England,E06000055,Bedford,E06000055,Bedford,E02003625,Harpur,-99,-99,-99,-99,-99,-99,-99,3,4,-99,7,9,27,12,8,16,6,7,11,20,-99,-99,5,-99,-99,-99,-99,4,-99,3,-99,-99,3,5,7,-99,-99
E12000006,East of England,E06000055,Bedford,E06000055,Bedford,E02003626,Newnham,-99,-99,-99,-99,-99,-99,-99,-99,-99,4,4,3,3,-99,3,4,-99,-99,-99,-99,3,-99,-99,-99,-99,-99,-99,-99,-99,-99,5,-99,-99,4,7,4,4
E12000006,East of England,E06000055,Bedford,E06000055,Bedford,E02003627,Castle & Kingsway,-99,-99,-99,-99,-99,-99,-99,-99,-99,3,9,7,3,6,-99,8,11,3,8,7,6,3,4,-99,3,-99,3,-99,-99,-99,3,3,-99,8,4,8,8
E12000006,East of England,E06000055,Bedford,E06000055,Bedford,E02003628,Queens Park,-99,-99,-99,-99,-99,-99,-99,-99,9,3,4,3,5,14,4,4,4,3,-99,-99,-99,5,9,-99,-99,5,6,-99,-99,-99,-99,-99,-99,-99,6,8,8
E12000006,East of England,E06000055,Bedford,E06000055,Bedford,E02003629,Kingsbrook,-99,-99,-99,-99,-99,-99,-99,-99,-99,6,7,6,8,5,6,8,12,-99,-99,3,4,6,7,-99,-99,4,4,-99,-99,-99,-99,-99,4,6,7,9,9
E12000006,East of England,E06000055,Bedford,E06000055,Bedford,E02003630,Cauldwell,-99,-99,-99,-99,-99,-99,-99,-99,3,10,11,9,7,19,5,5,8,5,7,7,13,4,-99,-99,7,-99,-99,-99,-99,-99,-99,11,6,7,7,17,17
E12000006,East of England,E06000055,Bedford,E06000055,Bedford,E02003631,Kempston North,-99,-99,-99,-99,-99,-99,-99,-99,-99,5,5,6,3,5,-99,-99,-99,4,-99,-99,-99,4,-99,-99,-99,-99,3,-99,-99,-99,-99,-99,-99,-99,-99,6,6
E12000006,East of England,E06000055,Bedford,E06000055,Bedford,E02003632,Kempston Central & East,-99,-99,-99,-99,-99,-99,-99,-99,-99,-99,5,5,4,6,7,3,9,-99,4,4,4,-99,-99,-99,-99,-99,-99,-99,-99,-99,-99,-99,-99,-99,6,4,4
E12000006,East of England,E06000055,Bedford,E06000055,Bedford,E02003633,Kempston West & South,-99,-99,-99,-99,-99,-99,-99,-99,-99,5,10,5,6,11,3,7,9,7,4,5,4,-99,-99,-99,-99,5,-99,-99,-99,-99,-99,-99,-99,4,4,5,5
E12000006,East of England,E06000055,Bedford,E06000055,Bedford,E02003634,"Elstow, Shortstown & Wixams",-99,-99,-99,-99,-99,-99,-99,-99,3,5,4,7,7,13,12,-99,-99,7,5,5,8,-99,3,3,-99,3,3,-99,-99,-99,-99,-99,6,5,-99,7,7
E12000006,East of England,E06000055,Bedford,E06000055,Bedford,E02003635,Wootton & Stewartby,-99,-99,-99,-99,-99,-99,-99,-99,-99,4,3,5,-99,4,3,-99,4,-99,-99,4,-99,-99,-99,-99,-99,-99,-99,-99,-99,-99,-99,-99,-99,-99,-99,7,7
E12000006,East of England,E06000056,Central Bedfordshire,E06000056,Central Bedfordshire,E02003636,Barton-le-Clay & Upper Sundon,-99,-99,-99,-99,-99,-99,-99,-99,-99,4,3,3,-99,5,-99,-99,4,-99,-99,-99,-99,-99,-99,-99,-99,-99,-99,-99,-99,-99,-99,-99,-99,-99,5,4,4
E12000006,East of England,E06000056,Central Bedfordshire,E06000056,Central Bedfordshire,E02003637,"Toddington, Heath & Reach",-99,-99,-99,-99,-99,-99,-99,6,3,8,3,3,-99,3,3,-99,3,4,-99,-99,-99,-99,-99,-99,-99,-99,-99,-99,-99,-99,-99,-99,-99,-99,-99,7,7
E12000006,East of England,E06000056,Central Bedfordshire,E06000056,Central Bedfordshire,E02003638,Leighton Buzzard North & East,-99,-99,-99,-99,-99,-99,-99,-99,-99,-99,5,-99,6,-99,4,-99,-99,-99,-99,-99,-99,-99,-99,-99,-99,-99,4,-99,-99,-99,-99,-99,-99,-99,-99,3,3
E12000006,East of England,E06000056,Central Bedfordshire,E06000056,Central Bedfordshire,E02003639,Leighton Buzzard Central,-99,-99,-99,-99,-99,-99,-99,-99,-99,4,3,-99,5,-99,-99,-99,4,4,-99,-99,-99,3,-99,-99,-99,-99,-99,3,-99,-99,3,-99,-99,3,-99,-99,-99
E12000006,East of England,E06000056,Central Bedfordshire,E06000056,Central Bedfordshire,E02003640,Linslade East,-99,-99,-99,-99,-99,-99,-99,-99,-99,3,-99,6,10,-99,-99,-99,-99,-99,3,-99,-99,-99,-99,-99,-99,-99,-99,-99,-99,-99,-99,-99,-99,-99,-99,4,4
E12000006,East of England,E06000056,Central Bedfordshire,E06000056,Central Bedfordshire,E02003641,Linslade West,-99,-99,-99,-99,-99,-99,-99,-99,-99,-99,-99,3,4,-99,-99,-99,-99,-99,-99,-99,-99,-99,-99,-99,-99,-99,-99,-99,-99,-99,-99,-99,-99,3,-99,3,3
E12000006,East of England,E06000056,Central Bedfordshire,E06000056,Central Bedfordshire,E02003642,Houghton Regis North,-99,-99,-99,-99,-99,-99,-99,-99,-99,4,6,4,-99,4,-99,-99,3,-99,-99,-99,3,-99,-99,-99,-99,-99,-99,-99,-99,-99,-99,-99,-99,-99,4,4,4
E12000006,East of England,E06000056,Central Bedfordshire,E06000056,Central Bedfordshire,E02003643,Leighton Buzzard South East,-99,-99,-99,-99,-99,-99,-99,-99,-99,3,5,6,5,7,-99,-99,-99,-99,-99,-99,-99,-99,-99,-99,-99,-99,-99,-99,-99,-99,-99,3,-99,-99,-99,9,9
E12000006,East of England,E06000056,Central Bedfordshire,E06000056,Central Bedfordshire,E02003644,Houghton Regis South,-99,-99,-99,-99,-99,-99,-99,-99,-99,-99,11,-99,10,10,-99,5,3,-99,3,-99,3,-99,-99,-99,-99,-99,-99,-99,-99,-99,-99,-99,-99,-99,3,-99,-99
E12000006,East of England,E06000056,Central Bedfordshire,E06000056,Central Bedfordshire,E02003645,Dunstable East,-99,-99,-99,-99,-99,-99,-99,3,-99,9,8,-99,5,-99,4,-99,-99,-99,-99,-99,5,-99,-99,-99,-99,-99,-99,-99,-99,-99,-99,-99,-99,-99,-99,-99,-99
E12000006,East of England,E06000056,Central Bedfordshire,E06000056,Central Bedfordshire,E02003646,Dunstable West,-99,-99,-99,-99,-99,-99,-99,-99,-99,5,6,6,5,-99,-99,4,-99,4,-99,-99,-99,-99,-99,-99,-99,-99,-99,-99,-99,-99,-99,-99,-99,-99,8,6,6
E12000006,East of England,E06000056,Central Bedfordshire,E06000056,Central Bedfordshire,E02003647,Dunstable Central,-99,-99,-99,-99,-99,-99,-99,-99,5,4,10,6,6,-99,4,6,-99,4,-99,3,-99,-99,-99,-99,-99,-99,-99,-99,-99,3,-99,-99,3,5,4,-99,-99
E12000006,East of England,E06000056,Central Bedfordshire,E06000056,Central Bedfordshire,E02003648,Dunstable Manshead,-99,-99,-99,-99,-99,-99,-99,-99,3,3,-99,-99,14,16,-99,-99,-99,3,-99,-99,-99,-99,-99,-99,-99,-99,-99,-99,-99,-99,-99,-99,-99,-99,3,3,3
E12000006,East of England,E06000056,Central Bedfordshire,E06000056,Central Bedfordshire,E02003649,Dunstable South,-99,-99,-99,-99,-99,-99,-99,-99,-99,-99,-99,3,4,3,-99,-99,5,3,-99,-99,-99,-99,-99,-99,-99,-99,-99,-99,-99,-99,-99,-99,4,-99,-99,3,3
E12000006,East of England,E06000056,Central Bedfordshire,E06000056,Central Bedfordshire,E02003650,"Eaton Bray, Whipsnade & Holywell",-99,-99,-99,-99,-99,-99,-99,-99,-99,-99,-99,4,4,3,4,-99,3,-99,-99,-99,-99,-99,-99,-99,-99,-99,-99,-99,-99,-99,-99,-99,-99,-99,-99,-99,-99
E12000006,East of England,E06000056,Central Bedfordshire,E06000056,Central Bedfordshire,E02003651,Caddington & Slip End,-99,-99,-99,-99,-99,-99,-99,-99,-99,-99,3,-99,7,-99,-99,-99,-99,-99,3,-99,-99,-99,-99,-99,-99,-99,-99,-99,-99,-99,-99,3,-99,3,-99,-99,-99
E12000008,South East,E10000002,Buckinghamshire,E07000004,Aylesbury Vale,E02003652,"Buckingham South, Maids Moreton & Akeley",-99,-99,-99,-99,-99,-99,-99,-99,-99,5,-99,-99,-99,5,-99,-99,-99,-99,-99,-99,-99,-99,-99,-99,-99,-99,-99,-99,-99,-99,-99,-99,4,4,5,6,6
E12000008,South East,E10000002,Buckinghamshire,E07000004,Aylesbury Vale,E02003653,Buckingham North,-99,-99,-99,-99,-99,-99,-99,-99,-99,-99,-99,-99,-99,4,-99,-99,-99,-99,-99,-99,-99,-99,-99,-99,-99,-99,-99,-99,-99,-99,-99,-99,-99,-99,-99,-99,-99
E12000008,South East,E10000002,Buckinghamshire,E07000004,Aylesbury Vale,E02003654,Newton Longville & Great Horwood,-99,-99,-99,-99,-99,-99,-99,-99,-99,-99,-99,-99,-99,-99,-99,-99,-99,-99,-99,-99,-99,-99,-99,-99,-99,-99,-99,-99,-99,-99,-99,-99,-99,-99,-99,3,3
E12000008,South East,E10000002,Buckinghamshire,E07000004,Aylesbury Vale,E02003655,"Marsh Gibbon, Steeple Claydon & Tingewick",-99,-99,-99,-99,-99,-99,-99,-99,4,-99,-99,-99,3,4,-99,-99,-99,-99,-99,-99,-99,-99,5,-99,-99,-99,-99,-99,-99,-99,-99,-99,-99,4,-99,6,6
E12000008,South East,E10000002,Buckinghamshire,E07000004,Aylesbury Vale,E02003656,Winslow & Padbury,-99,-99,-99,-99,-99,-99,-99,-99,3,-99,-99,-99,4,9,-99,6,-99,-99,-99,-99,-99,-99,-99,-99,-99,-99,-99,-99,-99,-99,-99,-99,-99,-99,-99,-99,-99
E12000008,South East,E10000002,Buckinghamshire,E07000004,Aylesbury Vale,E02003657,"Granborough, Stewkley & Great Brickhill",-99,-99,-99,-99,-99,-99,-99,3,-99,-99,-99,3,3,-99,-99,-99,-99,-99,-99,-99,4,-99,-99,-99,-99,-99,-99,-99,-99,-99,-99,-99,-99,-99,-99,4,4
E12000008,South East,E10000002,Buckinghamshire,E07000004,Aylesbury Vale,E02003658,"Wing, Wingrave & Bierton",-99,-99,-99,-99,-99,-99,-99,-99,-99,3,-99,3,-99,4,6,-99,-99,-99,-99,-99,-99,-99,-99,-99,-99,-99,-99,-99,-99,-99,-99,-99,-99,-99,3,-99,-99
E12000008,South East,E10000002,Buckinghamshire,E07000004,Aylesbury Vale,E02003659,Waddesdon & Whitchurch,-99,-99,-99,-99,-99,-99,-99,-99,-99,-99,-99,4,3,-99,-99,-99,-99,-99,-99,-99,-99,-99,-99,-99,-99,-99,-99,-99,-99,-99,-99,-99,-99,4,-99,-99,-99
E12000008,South East,E10000002,Buckinghamshire,E07000004,Aylesbury Vale,E02003660,"Cheddington, Pitstone & Edlesborough",-99,-99,-99,-99,-99,-99,-99,-99,-99,-99,-99,-99,-99,-99,-99,-99,-99,-99,-99,-99,-99,-99,-99,-99,-99,-99,-99,-99,-99,5,-99,-99,-99,-99,-99,3,3
E12000008,South East,E10000002,Buckinghamshire,E07000004,Aylesbury Vale,E02003661,"Oakley, Brill & Edgcott",-99,-99,-99,-99,-99,-99,-99,-99,-99,3,-99,-99,-99,-99,-99,-99,-99,-99,-99,-99,-99,-99,-99,-99,-99,-99,-99,-99,-99,-99,-99,-99,-99,-99,-99,-99,-99
E12000008,South East,E10000002,Buckinghamshire,E07000004,Aylesbury Vale,E02003662,Watermead & Elmhurst,-99,-99,-99,-99,-99,-99,-99,-99,-99,-99,-99,5,8,-99,4,3,6,5,-99,-99,-99,-99,-99,-99,-99,-99,-99,-99,-99,-99,-99,-99,-99,-99,-99,-99,-99
E12000008,South East,E10000002,Buckinghamshire,E07000004,Aylesbury Vale,E02003663,Berryfields & Haydon Hill,-99,-99,-99,-99,-99,-99,-99,-99,-99,3,8,3,10,9,4,7,5,-99,3,-99,4,-99,-99,-99,-99,-99,-99,-99,-99,-99,3,-99,-99,-99,-99,4,4
E12000008,South East,E10000002,Buckinghamshire,E07000004,Aylesbury Vale,E02003664,Gatehouse,-99,-99,-99,-99,-99,-99,-99,-99,-99,-99,-99,10,5,5,4,10,8,-99,4,-99,4,-99,-99,3,-99,-99,-99,-99,-99,-99,-99,-99,-99,-99,-99,-99,-99
E12000008,South East,E10000002,Buckinghamshire,E07000004,Aylesbury Vale,E02003665,Victoria Park,-99,-99,-99,-99,-99,-99,-99,-99,-99,-99,-99,-99,3,-99,-99,-99,-99,-99,-99,-99,-99,-99,-99,-99,-99,-99,-99,-99,-99,-99,-99,-99,-99,3,-99,-99,-99
E12000008,South East,E10000002,Buckinghamshire,E07000004,Aylesbury Vale,E02003666,Aylesbury Central,-99,-99,-99,-99,-99,-99,-99,-99,-99,-99,-99,-99,4,-99,4,-99,3,3,-99,4,-99,-99,5,-99,-99,-99,-99,-99,-99,-99,-99,-99,-99,-99,-99,-99,-99
E12000008,South East,E10000002,Buckinghamshire,E07000004,Aylesbury Vale,E02003667,Fairford Leys,-99,-99,-99,-99,-99,-99,-99,-99,-99,8,5,5,9,3,-99,5,4,-99,-99,-99,-99,-99,-99,-99,-99,-99,-99,-99,-99,-99,-99,-99,3,-99,-99,3,3
E12000008,South East,E10000002,Buckinghamshire,E07000004,Aylesbury Vale,E02003668,Bedgrove & Walton,-99,-99,-99,-99,-99,-99,-99,-99,-99,6,3,4,6,4,-99,3,3,-99,3,-99,-99,-99,-99,-99,-99,-99,-99,-99,-99,-99,-99,-99,-99,-99,-99,5,5
E12000008,South East,E10000002,Buckinghamshire,E07000004,Aylesbury Vale,E02003669,California & Southcourt,-99,-99,-99,-99,-99,-99,-99,-99,-99,-99,5,6,4,-99,4,4,-99,6,-99,5,3,-99,-99,-99,-99,-99,-99,-99,-99,-99,3,-99,-99,-99,3,-99,-99
E12000008,South East,E10000002,Buckinghamshire,E07000004,Aylesbury Vale,E02003670,Mandeville & Elm Farm,-99,-99,-99,-99,-99,-99,-99,-99,-99,6,10,12,5,7,-99,8,13,11,4,-99,-99,-99,-99,-99,-99,-99,3,-99,4,-99,-99,4,-99,-99,-99,5,5
E12000008,South East,E10000002,Buckinghamshire,E07000004,Aylesbury Vale,E02003671,Walton Court & Hawkslade,-99,-99,-99,-99,-99,-99,-99,-99,-99,3,6,5,4,5,5,3,3,5,-99,-99,-99,-99,-99,-99,-99,-99,-99,-99,-99,-99,-99,-99,-99,-99,-99,-99,-99
E12000008,South East,E10000002,Buckinghamshire,E07000004,Aylesbury Vale,E02003672,Stoke Mandeville & Aston Clinton,-99,-99,-99,-99,-99,-99,-99,-99,-99,4,4,3,4,-99,3,-99,3,-99,-99,-99,-99,-99,-99,-99,-99,-99,-99,-99,-99,-99,-99,-99,-99,-99,-99,3,3
E12000008,South East,E10000002,Buckinghamshire,E07000004,Aylesbury Vale,E02003673,"Haddenham, Dinton & Stone",-99,-99,-99,-99,-99,-99,-99,-99,-99,4,8,5,-99,-99,-99,-99,4,-99,-99,-99,-99,-99,-99,-99,-99,-99,-99,-99,-99,-99,-99,-99,-99,3,3,5,5
E12000008,South East,E10000002,Buckinghamshire,E07000004,Aylesbury Vale,E02003674,"Worminghall, Long Crendon & Cuddington",-99,-99,-99,-99,-99,-99,-99,-99,-99,-99,3,-99,-99,-99,-99,3,3,-99,-99,-99,-99,-99,-99,-99,-99,-99,-99,-99,-99,-99,-99,-99,-99,-99,-99,-99,-99
E12000008,South East,E10000002,Buckinghamshire,E07000004,Aylesbury Vale,E02003675,Wendover,-99,-99,-99,-99,-99,-99,-99,-99,-99,4,3,7,7,8,4,4,8,5,-99,-99,-99,-99,-99,-99,-99,-99,-99,-99,-99,-99,-99,-99,-99,-99,-99,6,6
E12000008,South East,E10000002,Buckinghamshire,E07000005,Chiltern,E02003676,"Hyde Heath, Bellingdon & Latimer",-99,-99,-99,-99,-99,-99,-99,-99,-99,5,-99,-99,-99,-99,-99,-99,-99,-99,-99,-99,-99,-99,-99,-99,-99,-99,-99,-99,-99,3,-99,-99,-99,4,-99,7,7
E12000008,South East,E10000002,Buckinghamshire,E07000005,Chiltern,E02003677,Chesham West,-99,-99,-99,-99,-99,-99,-99,-99,4,3,-99,-99,5,-99,8,5,3,-99,-99,-99,-99,-99,-99,-99,-99,-99,-99,-99,-99,-99,3,-99,-99,-99,4,-99,-99
E12000008,South East,E10000002,Buckinghamshire,E07000005,Chiltern,E02003678,Chesham East,-99,-99,-99,-99,-99,-99,-99,3,-99,-99,-99,-99,-99,-99,3,-99,-99,-99,-99,-99,-99,-99,-99,-99,-99,-99,-99,-99,-99,-99,3,-99,-99,-99,4,-99,-99
E12000008,South East,E10000002,Buckinghamshire,E07000005,Chiltern,E02003679,Chesham South,-99,-99,-99,-99,-99,-99,-99,-99,-99,4,-99,-99,-99,-99,-99,4,-99,-99,-99,-99,-99,-99,-99,-99,-99,-99,-99,-99,-99,-99,-99,-99,-99,-99,6,3,3
E12000008,South East,E10000002,Buckinghamshire,E07000005,Chiltern,E02003680,Great Missenden & Prestwood,-99,-99,-99,-99,-99,-99,3,-99,-99,6,-99,-99,3,-99,-99,-99,-99,-99,-99,-99,-99,-99,-99,-99,-99,-99,-99,-99,-99,-99,-99,-99,3,-99,-99,3,3
E12000008,South East,E10000002,Buckinghamshire,E07000005,Chiltern,E02003681,Amersham-on-the-Hill & Chesham Bois,-99,-99,-99,-99,-99,-99,-99,-99,-99,8,-99,5,8,-99,-99,7,-99,-99,-99,-99,-99,-99,-99,-99,-99,-99,-99,-99,-99,-99,-99,-99,-99,-99,-99,9,9
E12000008,South East,E10000002,Buckinghamshire,E07000005,Chiltern,E02003682,Old Amersham,-99,-99,-99,-99,-99,-99,-99,-99,-99,-99,-99,-99,-99,-99,-99,-99,-99,-99,-99,-99,-99,-99,-99,-99,-99,-99,-99,-99,-99,-99,-99,-99,-99,-99,5,-99,-99
E12000008,South East,E10000002,Buckinghamshire,E07000005,Chiltern,E02003683,Little Chalfont,-99,-99,-99,-99,-99,-99,-99,-99,-99,-99,-99,7,-99,-99,-99,-99,-99,-99,-99,-99,-99,-99,-99,-99,-99,-99,-99,-99,-99,-99,-99,3,-99,-99,-99,3,3
E12000008,South East,E10000002,Buckinghamshire,E07000005,Chiltern,E02003685,"Chalfont St Giles, Seer Green & Jordans",-99,-99,-99,-99,-99,-99,-99,-99,-99,3,-99,-99,-99,-99,-99,-99,-99,-99,-99,-99,-99,-99,-99,-99,-99,-99,-99,-99,-99,-99,-99,4,-99,-99,-99,5,5
E12000008,South East,E10000002,Buckinghamshire,E07000005,Chiltern,E02003686,Chalfont Common & St Peter East,-99,-99,-99,-99,-99,-99,-99,3,-99,-99,10,5,10,11,-99,-99,-99,-99,-99,-99,-99,-99,-99,-99,-99,-99,-99,-99,-99,-99,-99,3,-99,-99,-99,7,7
E12000008,South East,E10000002,Buckinghamshire,E07000005,Chiltern,E02003687,Chalfont St Peter West,-99,-99,-99,-99,-99,-99,-99,-99,-99,-99,-99,6,-99,-99,-99,-99,-99,-99,-99,-99,-99,-99,-99,-99,-99,-99,-99,-99,-99,-99,-99,-99,-99,-99,3,4,4
E12000008,South East,E10000002,Buckinghamshire,E07000006,South Bucks,E02003688,Beaconsfield Town,-99,-99,-99,-99,-99,-99,-99,-99,5,4,6,-99,3,-99,-99,-99,-99,-99,-99,-99,-99,-99,-99,-99,-99,-99,-99,-99,-99,3,-99,3,-99,-99,-99,9,9
E12000008,South East,E10000002,Buckinghamshire,E07000006,South Bucks,E02003689,Gerrards Cross,-99,-99,-99,-99,-99,-99,-99,3,3,-99,5,-99,-99,-99,-99,-99,-99,-99,-99,-99,-99,-99,-99,-99,-99,-99,-99,-99,-99,-99,-99,-99,-99,3,-99,9,9
E12000008,South East,E10000002,Buckinghamshire,E07000006,South Bucks,E02003690,Denham,-99,-99,-99,-99,-99,-99,-99,5,3,-99,4,-99,3,-99,-99,-99,3,-99,-99,-99,-99,-99,-99,-99,-99,-99,-99,-99,-99,-99,-99,-99,-99,-99,-99,4,4
E12000008,South East,E10000002,Buckinghamshire,E07000006,South Bucks,E02003691,Farnham & Hedgerley,-99,-99,-99,-99,-99,-99,-99,-99,-99,-99,-99,4,-99,-99,-99,-99,-99,-99,-99,-99,-99,-99,-99,-99,-99,-99,-99,-99,-99,-99,-99,-99,-99,-99,4,4,4
E12000008,South East,E10000002,Buckinghamshire,E07000006,South Bucks,E02003692,Stoke Poges & George Green,-99,-99,-99,-99,-99,-99,-99,3,-99,6,-99,3,3,-99,3,-99,-99,-99,-99,-99,-99,-99,-99,-99,-99,-99,-99,3,3,-99,-99,-99,4,3,7,-99,-99
E12000008,South East,E10000002,Buckinghamshire,E07000006,South Bucks,E02003693,"Burham North, Taplow & Dorney",-99,-99,-99,-99,-99,-99,3,3,-99,3,-99,3,5,3,-99,-99,-99,-99,-99,-99,-99,-99,-99,-99,-99,-99,-99,-99,-99,4,-99,-99,-99,-99,4,6,6
E12000008,South East,E10000002,Buckinghamshire,E07000006,South Bucks,E02003694,Burnham South,-99,-99,-99,-99,-99,-99,-99,-99,5,-99,-99,5,3,-99,-99,5,-99,-99,-99,-99,3,-99,-99,-99,-99,-99,-99,-99,-99,-99,3,-99,-99,3,5,6,6
E12000008,South East,E10000002,Buckinghamshire,E07000006,South Bucks,E02003695,Iver & Richings Park,-99,-99,-99,-99,-99,-99,-99,3,-99,5,3,5,4,-99,-99,-99,-99,-99,-99,-99,-99,-99,-99,-99,-99,-99,-99,-99,-99,4,-99,-99,3,-99,5,5,5
E12000008,South East,E10000002,Buckinghamshire,E07000007,Wycombe,E02003696,Princes Risborough,-99,-99,-99,-99,-99,-99,-99,-99,-99,-99,5,-99,3,5,3,3,-99,-99,-99,-99,3,-99,-99,-99,-99,-99,-99,-99,-99,-99,-99,-99,-99,-99,-99,-99,-99
E12000008,South East,E10000002,Buckinghamshire,E07000007,Wycombe,E02003697,"Longwick, Kimble & Lacey Green",-99,-99,-99,-99,-99,-99,-99,-99,-99,-99,5,-99,-99,-99,-99,-99,-99,-99,-99,-99,-99,-99,-99,-99,-99,-99,-99,-99,-99,-99,-99,-99,-99,-99,-99,6,6
E12000008,South East,E10000002,Buckinghamshire,E07000007,Wycombe,E02003698,Walter's Ash & Hughenden Valley,-99,-99,-99,-99,-99,-99,-99,-99,-99,-99,-99,-99,3,-99,-99,-99,-99,-99,-99,-99,-99,-99,-99,-99,-99,-99,-99,-99,-99,-99,3,-99,3,-99,-99,7,7
E12000008,South East,E10000002,Buckinghamshire,E07000007,Wycombe,E02003699,Stokenchurch,-99,-99,-99,-99,-99,-99,-99,-99,-99,-99,-99,-99,4,8,3,-99,-99,-99,-99,-99,-99,-99,3,-99,-99,-99,-99,-99,3,-99,-99,-99,-99,-99,3,-99,-99
E12000008,South East,E10000002,Buckinghamshire,E07000007,Wycombe,E02003701,Downley,-99,-99,-99,-99,-99,-99,-99,-99,3,-99,-99,-99,4,3,-99,-99,5,-99,-99,-99,-99,-99,-99,-99,-99,-99,-99,-99,-99,-99,3,-99,-99,3,4,7,7
E12000008,South East,E10000002,Buckinghamshire,E07000007,Wycombe,E02003702,"Bledlow, Cadmore End & Hambleden Valley",-99,-99,-99,-99,-99,-99,-99,-99,-99,-99,3,-99,-99,-99,5,-99,-99,3,-99,-99,-99,-99,-99,-99,-99,-99,-99,-99,-99,-99,-99,-99,-99,-99,-99,4,4
E12000008,South East,E10000002,Buckinghamshire,E07000007,Wycombe,E02003703,Terriers & Amersham Hill,-99,-99,-99,-99,-99,-99,-99,-99,4,-99,-99,-99,-99,3,-99,-99,3,3,-99,-99,-99,-99,-99,-99,-99,-99,-99,-99,-99,-99,-99,6,-99,7,-99,3,3
E12000008,South East,E10000002,Buckinghamshire,E07000007,Wycombe,E02003704,Tylers Green,-99,-99,-99,-99,-99,-99,-99,-99,-99,-99,4,-99,-99,-99,-99,-99,-99,-99,-99,-99,-99,-99,-99,-99,-99,-99,-99,-99,-99,-99,4,-99,-99,3,4,3,3
E12000008,South East,E10000002,Buckinghamshire,E07000007,Wycombe,E02003705,Bowerdean,-99,-99,-99,-99,-99,-99,-99,3,-99,3,5,-99,-99,-99,-99,-99,-99,-99,-99,-99,-99,-99,-99,-99,-99,-99,-99,-99,-99,-99,-99,-99,-99,-99,-99,-99,-99
E12000008,South East,E10000002,Buckinghamshire,E07000007,Wycombe,E02003706,Totteridge,-99,-99,-99,-99,-99,-99,-99,-99,-99,3,-99,-99,-99,3,-99,4,-99,-99,-99,-99,-99,-99,-99,-99,-99,-99,-99,-99,-99,-99,-99,-99,-99,7,4,-99,-99
E12000008,South East,E10000002,Buckinghamshire,E07000007,Wycombe,E02003707,Sands,-99,-99,-99,-99,-99,-99,-99,-99,-99,-99,-99,-99,3,-99,-99,-99,6,3,-99,-99,-99,-99,-99,-99,-99,-99,-99,-99,-99,-99,-99,-99,-99,-99,-99,3,3
E12000008,South East,E10000002,Buckinghamshire,E07000007,Wycombe,E02003708,Oakridge & Castlefield,-99,-99,-99,-99,-99,-99,-99,-99,3,-99,-99,3,-99,-99,3,-99,3,-99,-99,-99,-99,-99,-99,-99,-99,-99,-99,-99,-99,-99,-99,-99,-99,5,-99,3,3
E12000008,South East,E10000002,Buckinghamshire,E07000007,Wycombe,E02003709,Micklefield,-99,-99,-99,-99,-99,-99,-99,-99,-99,-99,-99,-99,-99,-99,3,-99,-99,-99,-99,-99,-99,-99,-99,-99,-99,-99,-99,-99,-99,-99,-99,-99,-99,-99,-99,-99,-99
E12000008,South East,E10000002,Buckinghamshire,E07000007,Wycombe,E02003710,Town Centre & Marlow Hill,-99,-99,-99,-99,-99,-99,-99,-99,3,4,6,-99,-99,4,-99,4,-99,3,-99,-99,-99,-99,-99,-99,-99,-99,-99,-99,-99,-99,3,-99,-99,3,3,3,3
E12000008,South East,E10000002,Buckinghamshire,E07000007,Wycombe,E02003711,Ryemead & Wycombe Marsh,-99,-99,-99,-99,-99,-99,-99,-99,-99,-99,3,8,-99,-99,-99,3,-99,-99,-99,-99,-99,-99,-99,-99,-99,-99,-99,-99,3,-99,4,3,-99,-99,3,3,3
E12000008,South East,E10000002,Buckinghamshire,E07000007,Wycombe,E02003712,Lane End & Booker,-99,-99,-99,-99,-99,-99,3,-99,-99,3,-99,3,-99,-99,-99,-99,-99,-99,-99,-99,-99,-99,-99,-99,-99,-99,-99,-99,-99,-99,-99,-99,-99,-99,-99,3,3
E12000008,South East,E10000002,Buckinghamshire,E07000007,Wycombe,E02003713,Flackwell Heath,-99,-99,-99,-99,-99,-99,-99,-99,-99,-99,-99,-99,-99,-99,-99,-99,-99,-99,-99,-99,-99,-99,-99,-99,-99,-99,-99,-99,-99,-99,-99,-99,-99,-99,4,5,5
E12000008,South East,E10000002,Buckinghamshire,E07000007,Wycombe,E02003714,Loudwater & Wooburn Green,-99,-99,-99,-99,-99,-99,-99,-99,-99,-99,-99,4,-99,-99,-99,4,-99,-99,-99,-99,-99,-99,-99,-99,-99,-99,3,-99,-99,-99,-99,-99,-99,-99,-99,-99,-99
E12000008,South East,E10000002,Buckinghamshire,E07000007,Wycombe,E02003715,"Marlow Bottom, Danesfield & Well End",-99,-99,-99,-99,-99,-99,-99,-99,-99,-99,-99,-99,-99,-99,-99,-99,-99,-99,-99,-99,-99,-99,-99,-99,-99,-99,-99,-99,-99,-99,4,4,-99,-99,-99,5,5
E12000008,South East,E10000002,Buckinghamshire,E07000007,Wycombe,E02003716,Bourne End,-99,-99,-99,-99,-99,-99,-99,-99,-99,-99,-99,-99,-99,-99,-99,-99,-99,-99,-99,-99,-99,-99,-99,-99,-99,-99,3,-99,-99,-99,-99,-99,-99,-99,-99,-99,-99
E12000008,South East,E10000002,Buckinghamshire,E07000007,Wycombe,E02003717,Marlow West & North,-99,-99,-99,-99,-99,-99,-99,4,-99,-99,4,-99,-99,4,3,-99,-99,-99,-99,-99,-99,-99,-99,-99,-99,-99,-99,-99,-99,-99,6,4,4,-99,-99,9,9
E12000008,South East,E10000002,Buckinghamshire,E07000007,Wycombe,E02003718,Marlow East,-99,-99,-99,-99,-99,-99,-99,-99,-99,-99,3,-99,-99,3,-99,4,-99,-99,-99,-99,-99,-99,3,-99,-99,-99,-99,-99,-99,-99,6,-99,-99,-99,-99,3,3
E12000006,East of England,E10000003,Cambridgeshire,E07000008,Cambridge,E02003719,Kings Hedges,-99,-99,-99,-99,-99,-99,-99,-99,4,-99,10,3,8,-99,-99,-99,-99,-99,-99,-99,-99,-99,-99,-99,-99,-99,-99,-99,-99,-99,-99,-99,-99,-99,3,6,6
E12000006,East of England,E10000003,Cambridgeshire,E07000008,Cambridge,E02003720,Arbury,-99,-99,-99,-99,-99,-99,-99,-99,-99,6,-99,4,3,-99,3,-99,-99,-99,-99,-99,-99,-99,-99,-99,-99,-99,-99,-99,-99,-99,-99,-99,3,-99,5,7,7
E12000006,East of England,E10000003,Cambridgeshire,E07000008,Cambridge,E02003721,East Chesterton,-99,-99,-99,-99,-99,-99,-99,-99,-99,-99,3,4,4,-99,8,9,3,-99,-99,-99,-99,-99,-99,-99,-99,-99,-99,-99,-99,-99,-99,-99,-99,-99,-99,4,4
E12000006,East of England,E10000003,Cambridgeshire,E07000008,Cambridge,E02003722,West Chesterton,-99,-99,-99,-99,-99,-99,-99,-99,-99,-99,4,-99,-99,5,5,-99,3,-99,-99,-99,-99,-99,-99,-99,-99,-99,-99,-99,-99,-99,-99,-99,-99,3,4,3,3
E12000006,East of England,E10000003,Cambridgeshire,E07000008,Cambridge,E02003723,Eddington & Castle,-99,-99,-99,-99,-99,-99,-99,-99,-99,-99,-99,-99,-99,-99,-99,-99,-99,-99,-99,-99,-99,-99,-99,-99,-99,-99,-99,-99,-99,-99,-99,-99,-99,-99,-99,4,4
E12000006,East of England,E10000003,Cambridgeshire,E07000008,Cambridge,E02003724,East Barnwell & Abbey,-99,-99,-99,-99,-99,-99,-99,-99,-99,-99,3,-99,-99,4,5,3,-99,-99,-99,-99,-99,-99,-99,-99,-99,-99,-99,-99,-99,-99,-99,3,-99,-99,-99,-99,-99
E12000006,East of England,E10000003,Cambridgeshire,E07000008,Cambridge,E02003725,Central & West Cambridge,-99,-99,-99,-99,-99,-99,-99,-99,-99,-99,5,-99,-99,-99,-99,-99,-99,-99,-99,-99,-99,-99,-99,-99,-99,-99,-99,3,-99,-99,6,5,-99,-99,4,6,6
E12000006,East of England,E10000003,Cambridgeshire,E07000008,Cambridge,E02003726,Petersfield,-99,-99,-99,-99,-99,-99,-99,-99,-99,4,-99,-99,-99,-99,-99,-99,-99,-99,-99,-99,-99,-99,-99,-99,-99,-99,-99,-99,-99,-99,3,-99,-99,-99,-99,-99,-99
E12000006,East of England,E10000003,Cambridgeshire,E07000008,Cambridge,E02003727,Romsey,-99,-99,-99,-99,-99,-99,-99,-99,-99,-99,-99,4,3,10,-99,-99,-99,-99,-99,-99,-99,-99,-99,-99,-99,-99,-99,-99,4,-99,-99,-99,-99,-99,-99,-99,-99
E12000006,East of England,E10000003,Cambridgeshire,E07000008,Cambridge,E02003728,Coleridge,-99,-99,-99,-99,-99,-99,-99,-99,-99,3,-99,-99,-99,-99,-99,-99,-99,-99,-99,-99,-99,-99,-99,-99,-99,-99,-99,-99,-99,-99,-99,-99,-99,-99,3,4,4
E12000006,East of England,E10000003,Cambridgeshire,E07000008,Cambridge,E02003729,Cherry Hinton,-99,-99,-99,-99,-99,-99,-99,-99,-99,-99,-99,3,4,3,4,-99,-99,3,-99,-99,-99,-99,-99,-99,-99,-99,-99,5,-99,-99,-99,-99,-99,-99,-99,3,3
E12000006,East of England,E10000003,Cambridgeshire,E07000008,Cambridge,E02003730,Trumpington,-99,-99,-99,-99,-99,-99,-99,-99,3,3,8,-99,3,3,3,3,-99,-99,-99,-99,-99,-99,-99,-99,-99,3,-99,-99,3,-99,-99,3,-99,-99,4,7,7
E12000006,East of England,E10000003,Cambridgeshire,E07000008,Cambridge,E02003731,Addenbrooke's & Queen Edith's,-99,-99,-99,-99,-99,-99,-99,-99,3,-99,-99,11,5,5,-99,-99,-99,-99,-99,-99,-99,-99,-99,-99,-99,-99,-99,-99,-99,-99,-99,-99,-99,-99,-99,-99,-99
E12000006,East of England,E10000003,Cambridgeshire,E07000009,East Cambridgeshire,E02003732,Littleport,-99,-99,-99,-99,-99,-99,-99,-99,-99,3,4,-99,-99,7,3,-99,-99,-99,-99,-99,-99,-99,-99,-99,-99,-99,-99,-99,-99,-99,-99,-99,-99,-99,-99,-99,-99
E12000006,East of England,E10000003,Cambridgeshire,E07000009,East Cambridgeshire,E02003733,Little Downham & Sutton,-99,-99,-99,-99,-99,-99,-99,-99,-99,3,-99,-99,-99,9,6,-99,-99,-99,3,-99,-99,-99,-99,-99,-99,-99,-99,-99,-99,-99,-99,-99,-99,-99,-99,-99,-99
E12000006,East of England,E10000003,Cambridgeshire,E07000009,East Cambridgeshire,E02003734,North Ely,-99,-99,-99,-99,-99,-99,-99,-99,-99,4,-99,-99,3,-99,-99,7,-99,-99,-99,-99,-99,-99,-99,-99,-99,-99,-99,-99,-99,3,-99,-99,-99,-99,-99,-99,-99
E12000006,East of England,E10000003,Cambridgeshire,E07000009,East Cambridgeshire,E02003735,South Ely,-99,-99,-99,-99,-99,-99,-99,-99,4,-99,-99,-99,-99,-99,4,-99,-99,-99,-99,-99,-99,-99,-99,-99,-99,-99,-99,-99,-99,-99,-99,-99,-99,-99,-99,5,5
E12000006,East of England,E10000003,Cambridgeshire,E07000009,East Cambridgeshire,E02003736,"Haddenham, Stretham & Witchford",-99,-99,-99,-99,-99,-99,-99,-99,-99,-99,3,-99,-99,-99,-99,-99,-99,-99,-99,-99,-99,-99,-99,-99,-99,-99,-99,-99,-99,-99,-99,-99,-99,-99,-99,-99,-99
E12000006,East of England,E10000003,Cambridgeshire,E07000009,East Cambridgeshire,E02003737,Soham,-99,-99,-99,-99,-99,-99,-99,-99,-99,-99,-99,-99,4,3,-99,-99,-99,3,3,-99,6,-99,-99,-99,-99,-99,-99,-99,4,-99,-99,-99,-99,-99,-99,6,6
E12000006,East of England,E10000003,Cambridgeshire,E07000009,East Cambridgeshire,E02003738,"Isleham, Fordham & Chippenham",-99,-99,-99,-99,-99,-99,-99,-99,-99,-99,-99,-99,-99,-99,-99,-99,-99,-99,-99,-99,-99,-99,-99,-99,-99,-99,-99,-99,-99,-99,-99,-99,-99,-99,-99,-99,-99
E12000006,East of England,E10000003,Cambridgeshire,E07000009,East Cambridgeshire,E02003739,Burwell,-99,-99,-99,-99,-99,-99,-99,-99,-99,4,-99,-99,-99,-99,-99,-99,-99,-99,-99,-99,-99,-99,-99,-99,-99,-99,-99,-99,-99,-99,-99,-99,-99,-99,-99,3,3
E12000006,East of England,E10000003,Cambridgeshire,E07000009,East Cambridgeshire,E02003740,Swaffham & Bottisham,-99,-99,-99,-99,-99,-99,-99,-99,-99,-99,7,5,11,7,6,6,-99,-99,-99,-99,-99,-99,-99,-99,-99,-99,-99,-99,-99,-99,-99,-99,-99,-99,-99,-99,-99
E12000006,East of England,E10000003,Cambridgeshire,E07000010,Fenland,E02003742,"Leverington, Gorefield & Tydd St Giles",-99,-99,-99,-99,-99,-99,-99,-99,-99,3,-99,-99,-99,-99,-99,-99,-99,-99,-99,-99,-99,-99,-99,-99,-99,-99,-99,-99,-99,-99,-99,-99,-99,-99,-99,3,3
E12000006,East of England,E10000003,Cambridgeshire,E07000010,Fenland,E02003743,Wisbech North,-99,-99,-99,-99,-99,-99,-99,-99,-99,4,3,6,3,8,3,-99,-99,-99,-99,-99,9,3,4,3,-99,-99,-99,-99,-99,-99,-99,-99,5,-99,-99,6,6
E12000006,East of England,E10000003,Cambridgeshire,E07000010,Fenland,E02003744,Wisbech South & Peckover,-99,-99,-99,-99,-99,-99,-99,-99,-99,3,4,3,-99,11,8,13,-99,3,5,-99,5,3,-99,-99,6,4,-99,-99,-99,-99,-99,-99,-99,-99,4,9,9
E12000006,East of England,E10000003,Cambridgeshire,E07000010,Fenland,E02003745,"Wisbech St Mary, Waldersea & Christchurch",-99,-99,-99,-99,-99,-99,-99,-99,-99,7,3,-99,4,5,4,-99,-99,4,-99,-99,-99,4,-99,-99,-99,-99,-99,-99,-99,-99,-99,-99,-99,-99,-99,-99,-99
E12000006,East of England,E10000003,Cambridgeshire,E07000010,Fenland,E02003746,March North,-99,-99,-99,-99,-99,-99,-99,-99,4,4,4,4,-99,-99,-99,-99,3,-99,-99,-99,-99,-99,-99,-99,-99,-99,-99,-99,-99,-99,-99,-99,-99,-99,-99,4,4
E12000006,East of England,E10000003,Cambridgeshire,E07000010,Fenland,E02003747,Whittlesey,-99,-99,-99,-99,-99,-99,-99,-99,3,-99,6,4,3,7,11,6,8,-99,4,-99,-99,-99,-99,-99,-99,3,-99,-99,-99,-99,-99,-99,-99,5,-99,-99,-99
E12000006,East of England,E10000003,Cambridgeshire,E07000010,Fenland,E02003748,March East,-99,-99,-99,-99,-99,-99,-99,-99,-99,-99,5,3,4,8,11,4,3,-99,-99,-99,-99,-99,-99,-99,-99,-99,-99,-99,-99,-99,-99,-99,-99,-99,-99,4,4
E12000006,East of England,E10000003,Cambridgeshire,E07000010,Fenland,E02003749,"Coates, Benwick & Pondersbridge",-99,-99,-99,-99,-99,-99,-99,-99,-99,-99,-99,-99,-99,-99,4,7,20,-99,-99,16,-99,-99,-99,-99,-99,-99,-99,-99,-99,-99,-99,-99,-99,-99,-99,3,3
E12000006,East of England,E10000003,Cambridgeshire,E07000010,Fenland,E02003750,March West,-99,-99,-99,-99,-99,-99,-99,-99,-99,-99,-99,-99,-99,23,17,5,-99,-99,-99,3,-99,-99,-99,-99,-99,-99,-99,-99,-99,-99,-99,-99,-99,-99,-99,3,3
E12000006,East of England,E10000003,Cambridgeshire,E07000010,Fenland,E02003751,"Doddington, Wimblington & Manea",-99,-99,-99,-99,-99,-99,-99,-99,-99,-99,5,-99,-99,-99,8,-99,7,-99,-99,-99,-99,-99,-99,-99,-99,-99,-99,-99,-99,-99,-99,-99,-99,-99,-99,8,8
E12000006,East of England,E10000003,Cambridgeshire,E07000010,Fenland,E02003752,Chatteris,-99,-99,-99,-99,-99,-99,-99,-99,-99,-99,-99,-99,3,12,-99,7,5,-99,-99,-99,-99,-99,-99,-99,-99,-99,-99,-99,-99,-99,-99,-99,-99,-99,-99,4,4
E12000006,East of England,E10000003,Cambridgeshire,E07000011,Huntingdonshire,E02003753,Yaxley & Farcet,-99,-99,-99,-99,-99,-99,-99,-99,-99,-99,-99,-99,5,12,3,4,9,5,-99,7,-99,-99,-99,-99,-99,-99,-99,-99,-99,-99,-99,-99,-99,-99,3,9,9
E12000006,East of England,E10000003,Cambridgeshire,E07000011,Huntingdonshire,E02003754,"Stilton, Elton & Folksworth",-99,-99,-99,-99,-99,-99,-99,-99,-99,-99,-99,-99,-99,-99,-99,-99,-99,-99,-99,-99,-99,-99,-99,-99,-99,-99,-99,-99,3,-99,-99,-99,6,-99,3,-99,-99
E12000006,East of England,E10000003,Cambridgeshire,E07000011,Huntingdonshire,E02003755,Ramsey,-99,-99,-99,-99,-99,-99,-99,-99,-99,-99,-99,-99,-99,18,16,34,9,-99,-99,-99,-99,-99,-99,-99,-99,-99,-99,-99,-99,-99,-99,-99,-99,-99,-99,4,4
E12000006,East of England,E10000003,Cambridgeshire,E07000011,Huntingdonshire,E02003756,Sawtry & Gidding,-99,-99,-99,-99,-99,-99,-99,-99,-99,-99,-99,-99,-99,5,-99,-99,4,-99,-99,-99,-99,-99,-99,-99,-99,-99,-99,-99,-99,-99,-99,-99,-99,-99,-99,-99,-99
E12000006,East of England,E10000003,Cambridgeshire,E07000011,Huntingdonshire,E02003757,Warboys & Bury,-99,-99,-99,-99,-99,-99,-99,-99,-99,3,-99,-99,-99,12,3,5,-99,-99,-99,-99,-99,-99,-99,-99,-99,-99,-99,-99,-99,-99,-99,-99,-99,-99,-99,-99,-99
E12000006,East of England,E10000003,Cambridgeshire,E07000011,Huntingdonshire,E02003758,"Somersham, Riptons & Raveleys",-99,-99,-99,-99,-99,-99,-99,-99,-99,-99,-99,-99,3,4,5,29,4,-99,3,-99,-99,3,-99,-99,-99,-99,-99,-99,-99,-99,-99,-99,5,-99,-99,-99,-99
E12000006,East of England,E10000003,Cambridgeshire,E07000011,Huntingdonshire,E02003759,"Bluntisham, Earith & Needingworth",-99,-99,-99,-99,-99,-99,-99,-99,-99,-99,-99,-99,-99,-99,-99,4,-99,-99,-99,-99,-99,-99,-99,-99,-99,-99,-99,-99,-99,-99,-99,-99,-99,-99,-99,7,7
E12000006,East of England,E10000003,Cambridgeshire,E07000011,Huntingdonshire,E02003760,Huntingdon Sapley & Oxmoor,-99,-99,-99,-99,-99,-99,-99,-99,-99,-99,3,6,7,17,10,13,11,-99,-99,3,-99,-99,-99,-99,-99,-99,-99,-99,-99,-99,-99,-99,-99,-99,-99,-99,-99
E12000006,East of England,E10000003,Cambridgeshire,E07000011,Huntingdonshire,E02003761,Huntingdon Hartford,-99,-99,-99,-99,-99,-99,-99,-99,-99,4,6,-99,10,7,8,7,5,9,22,5,-99,-99,-99,-99,-99,-99,-99,-99,-99,-99,-99,-99,-99,-99,-99,-99,-99
E12000006,East of England,E10000003,Cambridgeshire,E07000011,Huntingdonshire,E02003762,"Brampton, the Stukeleys and the Alconburys",-99,-99,-99,-99,-99,-99,-99,-99,-99,-99,-99,3,3,11,6,6,6,-99,4,-99,-99,-99,-99,-99,-99,-99,-99,-99,-99,-99,-99,-99,-99,3,-99,-99,-99
E12000006,East of England,E10000003,Cambridgeshire,E07000011,Huntingdonshire,E02003763,St Ives North,-99,-99,-99,-99,-99,-99,-99,-99,-99,-99,-99,3,-99,-99,-99,3,8,-99,3,-99,-99,-99,-99,-99,-99,-99,-99,-99,-99,-99,-99,-99,-99,-99,-99,5,5
E12000006,East of England,E10000003,Cambridgeshire,E07000011,Huntingdonshire,E02003764,Huntingdon Central & West,-99,-99,-99,-99,-99,-99,-99,-99,-99,4,9,3,14,24,16,11,15,11,-99,-99,-99,-99,-99,-99,-99,-99,4,-99,-99,-99,-99,-99,-99,-99,3,3,3
E12000006,East of England,E10000003,Cambridgeshire,E07000011,Huntingdonshire,E02003765,St Ives South,-99,-99,-99,-99,-99,-99,-99,-99,-99,-99,-99,-99,-99,-99,-99,-99,4,-99,-99,-99,-99,-99,-99,-99,-99,-99,-99,-99,-99,-99,-99,-99,-99,-99,-99,7,7
E12000006,East of England,E10000003,Cambridgeshire,E07000011,Huntingdonshire,E02003766,Godmanchester,-99,-99,-99,-99,-99,-99,-99,-99,-99,-99,-99,-99,5,3,4,-99,3,4,-99,-99,-99,-99,-99,-99,-99,-99,-99,-99,-99,-99,-99,-99,-99,-99,-99,3,3
E12000006,East of England,E10000003,Cambridgeshire,E07000011,Huntingdonshire,E02003767,"Kilmbolton, Great Staughton & Molesworth",-99,-99,-99,-99,-99,-99,-99,-99,-99,-99,-99,-99,-99,-99,-99,-99,3,-99,-99,-99,-99,-99,-99,-99,-99,-99,-99,-99,-99,-99,-99,-99,-99,-99,-99,6,6
E12000006,East of England,E10000003,Cambridgeshire,E07000011,Huntingdonshire,E02003768,"Houghton, Hemingford & Fenstanton",-99,-99,-99,-99,-99,-99,-99,-99,-99,-99,-99,-99,-99,-99,-99,5,-99,-99,-99,-99,-99,-99,-99,-99,-99,-99,-99,-99,-99,-99,-99,-99,3,-99,3,5,5
E12000006,East of England,E10000003,Cambridgeshire,E07000011,Huntingdonshire,E02003769,Buckden & Perry,-99,-99,-99,-99,-99,-99,-99,-99,6,-99,-99,-99,-99,6,5,-99,3,-99,-99,-99,-99,-99,-99,-99,-99,-99,-99,-99,-99,-99,-99,-99,-99,-99,3,8,8
E12000006,East of England,E10000003,Cambridgeshire,E07000011,Huntingdonshire,E02003770,"Little Paxton, Love's Farm & Great Gransden",-99,-99,-99,-99,-99,-99,-99,-99,-99,-99,-99,-99,-99,5,3,4,5,-99,-99,-99,-99,-99,-99,-99,-99,-99,-99,-99,-99,-99,-99,-99,-99,-99,4,8,8
E12000006,East of England,E10000003,Cambridgeshire,E07000011,Huntingdonshire,E02003771,St Neots Priory Park,-99,-99,-99,-99,-99,-99,-99,-99,-99,-99,-99,-99,-99,6,3,4,-99,-99,-99,-99,-99,-99,-99,-99,-99,-99,-99,-99,-99,-99,-99,-99,-99,-99,-99,3,3
E12000006,East of England,E10000003,Cambridgeshire,E07000011,Huntingdonshire,E02003772,St Neots Eaton Ford,-99,-99,-99,-99,-99,-99,-99,-99,-99,3,-99,-99,-99,5,-99,4,-99,-99,-99,-99,-99,-99,-99,-99,-99,-99,-99,-99,-99,-99,-99,-99,-99,-99,3,-99,-99
E12000006,East of England,E10000003,Cambridgeshire,E07000011,Huntingdonshire,E02003773,St Neots Eynesbury,-99,-99,-99,-99,-99,-99,-99,-99,-99,-99,-99,9,11,18,10,5,4,-99,-99,-99,-99,3,-99,-99,3,-99,3,3,-99,-99,-99,-99,-99,4,3,6,6
E12000006,East of England,E10000003,Cambridgeshire,E07000011,Huntingdonshire,E02003774,St Neots Eaton Socon,-99,-99,-99,-99,-99,-99,-99,4,4,-99,3,5,-99,-99,5,-99,-99,-99,-99,-99,-99,-99,-99,-99,-99,-99,-99,5,5,-99,-99,-99,-99,-99,-99,-99,-99
E12000006,East of England,E10000003,Cambridgeshire,E07000012,South Cambridgeshire,E02003775,Willingham & Over,-99,-99,-99,-99,-99,-99,-99,-99,-99,-99,-99,3,-99,-99,-99,-99,-99,-99,-99,-99,-99,-99,-99,-99,-99,-99,-99,-99,-99,-99,-99,-99,-99,-99,-99,4,4
E12000006,East of England,E10000003,Cambridgeshire,E07000012,South Cambridgeshire,E02003776,Cottenham,-99,-99,-99,-99,-99,-99,-99,-99,-99,-99,-99,-99,-99,-99,-99,-99,-99,-99,-99,-99,-99,-99,-99,-99,-99,-99,-99,-99,-99,-99,-99,-99,-99,-99,-99,4,4
E12000006,East of England,E10000003,Cambridgeshire,E07000012,South Cambridgeshire,E02003777,"Longstanton, Swavesey & Oakington",-99,-99,-99,-99,-99,-99,-99,-99,-99,-99,-99,-99,4,-99,3,-99,-99,-99,-99,-99,-99,-99,-99,-99,-99,-99,-99,-99,-99,-99,-99,4,-99,-99,6,-99,-99
E12000006,East of England,E10000003,Cambridgeshire,E07000012,South Cambridgeshire,E02003778,Waterbeach and Landbeach,-99,-99,-99,-99,-99,-99,-99,-99,-99,-99,-99,-99,4,-99,-99,-99,-99,-99,-99,-99,-99,-99,-99,-99,-99,-99,-99,-99,-99,-99,-99,-99,-99,-99,-99,5,5
E12000006,East of England,E10000003,Cambridgeshire,E07000012,South Cambridgeshire,E02003779,Bar Hill & Boxworth,-99,-99,-99,-99,-99,-99,-99,-99,-99,-99,-99,-99,3,-99,-99,-99,-99,-99,-99,-99,-99,-99,-99,-99,-99,-99,-99,-99,-99,-99,-99,-99,-99,-99,-99,-99,-99
E12000006,East of England,E10000003,Cambridgeshire,E07000012,South Cambridgeshire,E02003780,"HIston, Impington & Orchard Park",-99,-99,-99,-99,-99,-99,-99,-99,3,-99,-99,-99,5,-99,-99,-99,-99,3,-99,-99,-99,-99,-99,3,-99,-99,-99,-99,-99,-99,-99,-99,-99,-99,-99,6,6
E12000006,East of England,E10000003,Cambridgeshire,E07000012,South Cambridgeshire,E02003781,"Milton, Fen Ditton & Quy",-99,-99,-99,-99,-99,-99,-99,-99,-99,-99,-99,-99,-99,-99,-99,-99,-99,-99,-99,-99,-99,-99,-99,-99,-99,-99,-99,-99,-99,-99,-99,-99,-99,-99,3,5,5
E12000006,East of England,E10000003,Cambridgeshire,E07000012,South Cambridgeshire,E02003783,Girton & Barton,-99,-99,-99,-99,-99,-99,-99,-99,-99,-99,-99,-99,-99,-99,-99,-99,-99,-99,-99,-99,-99,-99,-99,-99,-99,-99,-99,-99,-99,-99,-99,-99,-99,3,-99,-99,-99
E12000006,East of England,E10000003,Cambridgeshire,E07000012,South Cambridgeshire,E02003784,Hardwick & Highfields,-99,-99,-99,-99,-99,-99,-99,-99,3,-99,-99,6,5,-99,-99,-99,-99,-99,-99,-99,-99,-99,-99,-99,-99,-99,-99,-99,-99,-99,-99,-99,-99,-99,-99,3,3
E12000006,East of England,E10000003,Cambridgeshire,E07000012,South Cambridgeshire,E02003785,Fulbourn & Teversham,-99,-99,-99,-99,-99,-99,-99,-99,-99,-99,4,3,9,-99,11,-99,3,-99,-99,-99,-99,-99,-99,-99,-99,-99,-99,-99,-99,-99,4,3,3,-99,-99,3,3
E12000006,East of England,E10000003,Cambridgeshire,E07000012,South Cambridgeshire,E02003786,Great Shelford & Stapleford,-99,-99,-99,-99,-99,-99,-99,-99,-99,-99,-99,-99,4,3,-99,-99,-99,-99,-99,-99,-99,-99,-99,-99,-99,-99,-99,-99,-99,-99,-99,-99,-99,-99,-99,-99,-99
E12000006,East of England,E10000003,Cambridgeshire,E07000012,South Cambridgeshire,E02003787,"Barrington, Orwell & Gamlingay",-99,-99,-99,-99,-99,-99,-99,-99,3,-99,-99,4,-99,3,-99,-99,-99,-99,-99,-99,-99,-99,-99,-99,-99,-99,-99,-99,-99,-99,-99,-99,-99,-99,-99,4,4
E12000006,East of England,E10000003,Cambridgeshire,E07000012,South Cambridgeshire,E02003788,"Little Shelford , Foxton & Haslingfield",-99,-99,-99,-99,-99,-99,-99,-99,-99,5,-99,-99,-99,4,-99,-99,-99,-99,-99,-99,-99,-99,-99,-99,-99,-99,-99,-99,-99,-99,-99,-99,-99,-99,4,-99,-99
E12000006,East of England,E10000003,Cambridgeshire,E07000012,South Cambridgeshire,E02003789,Sawston,-99,-99,-99,-99,-99,-99,-99,-99,-99,-99,-99,-99,-99,-99,-99,-99,-99,-99,-99,-99,-99,-99,-99,-99,-99,-99,-99,-99,-99,-99,-99,-99,-99,-99,-99,-99,-99
E12000006,East of England,E10000003,Cambridgeshire,E07000012,South Cambridgeshire,E02003790,Linton & Balsham,-99,-99,-99,-99,-99,-99,-99,-99,-99,-99,-99,-99,-99,-99,4,-99,-99,-99,-99,-99,-99,-99,-99,-99,3,-99,-99,-99,-99,-99,-99,-99,-99,3,-99,13,13
E12000006,East of England,E10000003,Cambridgeshire,E07000012,South Cambridgeshire,E02003791,"Duxford, Whittlesford & the Abingtons",-99,-99,-99,-99,-99,-99,-99,-99,-99,3,-99,-99,-99,-99,-99,-99,-99,-99,-99,-99,-99,-99,-99,-99,-99,-99,-99,-99,-99,-99,-99,-99,3,-99,-99,4,4
E12000006,East of England,E10000003,Cambridgeshire,E07000012,South Cambridgeshire,E02003792,"Meldreth, Melbourn & Great Chishill",-99,-99,-99,-99,-99,-99,-99,-99,3,-99,-99,3,6,-99,4,-99,-99,-99,-99,-99,-99,-99,-99,-99,-99,-99,-99,-99,-99,-99,-99,-99,-99,3,-99,6,6
E12000006,East of England,E10000003,Cambridgeshire,E07000012,South Cambridgeshire,E02003793,Bassingbourn & the Mordens,-99,-99,-99,-99,-99,-99,-99,-99,3,-99,4,-99,-99,-99,-99,-99,-99,-99,-99,-99,-99,-99,-99,-99,-99,-99,-99,-99,-99,-99,-99,-99,-99,-99,-99,4,4
E12000002,North West,E06000050,Cheshire West and Chester,E06000050,Cheshire West and Chester,E02003794,"Elton, Mickle Trafford & Great Barrow",-99,-99,-99,-99,-99,-99,-99,-99,-99,5,4,5,-99,-99,11,-99,-99,4,3,-99,-99,-99,-99,-99,-99,-99,-99,-99,-99,-99,-99,-99,-99,5,7,15,15
E12000002,North West,E06000050,Cheshire West and Chester,E06000050,Cheshire West and Chester,E02003795,"Capenhurst, Saughall & Moston",-99,-99,-99,-99,-99,-99,-99,-99,-99,8,8,3,6,12,17,5,-99,12,-99,-99,-99,-99,-99,-99,-99,-99,-99,-99,-99,-99,-99,-99,-99,-99,-99,8,8
E12000002,North West,E06000050,Cheshire West and Chester,E06000050,Cheshire West and Chester,E02003796,Upton East,-99,-99,-99,-99,-99,-99,-99,-99,-99,9,5,-99,9,-99,-99,3,8,3,-99,-99,4,3,-99,-99,-99,-99,-99,-99,-99,-99,-99,-99,-99,-99,-99,11,11
E12000002,North West,E06000050,Cheshire West and Chester,E06000050,Cheshire West and Chester,E02003797,Upton West & Heath,-99,-99,-99,-99,-99,-99,-99,-99,3,11,10,17,5,6,-99,6,3,-99,-99,-99,-99,-99,3,-99,-99,-99,-99,-99,-99,-99,-99,5,3,5,9,18,18
E12000002,North West,E06000050,Cheshire West and Chester,E06000050,Cheshire West and Chester,E02003798,Blacon North,-99,-99,-99,-99,-99,-99,-99,-99,3,6,5,6,5,10,6,11,-99,5,3,-99,-99,-99,3,-99,-99,-99,-99,-99,-99,-99,-99,-99,4,-99,-99,3,3
E12000002,North West,E06000050,Cheshire West and Chester,E06000050,Cheshire West and Chester,E02003799,Blacon South,-99,-99,-99,-99,-99,-99,-99,-99,5,3,9,9,7,10,4,5,8,10,8,-99,-99,3,6,-99,-99,-99,-99,-99,-99,-99,-99,-99,-99,3,5,7,7
E12000002,North West,E06000050,Cheshire West and Chester,E06000050,Cheshire West and Chester,E02003800,"Kelsall, Tarvin & Ashton Hayes",-99,-99,-99,-99,-99,-99,-99,-99,-99,3,-99,3,3,14,11,3,-99,3,-99,-99,-99,-99,-99,-99,-99,-99,-99,-99,-99,-99,-99,-99,-99,-99,4,6,6
E12000002,North West,E06000050,Cheshire West and Chester,E06000050,Cheshire West and Chester,E02003801,Vicars Cross & Hoole East,-99,-99,-99,-99,-99,-99,-99,-99,-99,5,-99,4,-99,6,-99,-99,4,-99,5,-99,-99,-99,-99,-99,7,-99,-99,-99,-99,-99,-99,3,-99,-99,10,19,19
E12000002,North West,E06000050,Cheshire West and Chester,E06000050,Cheshire West and Chester,E02003802,Chester Boughton West & Hoole,-99,-99,-99,-99,-99,-99,3,-99,3,-99,4,-99,4,4,-99,4,-99,3,-99,-99,-99,-99,-99,-99,-99,-99,-99,-99,-99,-99,-99,4,4,6,8,10,10
E12000002,North West,E06000050,Cheshire West and Chester,E06000050,Cheshire West and Chester,E02003803,Chester City & Garden Quarter,-99,-99,-99,-99,-99,-99,-99,-99,-99,9,3,5,6,6,5,5,4,-99,-99,4,-99,-99,-99,-99,-99,-99,-99,-99,-99,-99,3,-99,3,3,12,23,23
E12000002,North West,E06000050,Cheshire West and Chester,E06000050,Cheshire West and Chester,E02003804,Chester Boughton East,-99,-99,-99,-99,-99,-99,-99,-99,-99,10,-99,3,4,-99,4,-99,3,-99,-99,-99,-99,4,-99,-99,-99,4,-99,-99,-99,-99,-99,-99,-99,-99,4,6,6
E12000002,North West,E06000050,Cheshire West and Chester,E06000050,Cheshire West and Chester,E02003805,"Christleton, Guilden Sutton & Waverton",-99,-99,-99,-99,-99,-99,-99,-99,3,3,4,-99,-99,5,-99,4,-99,-99,4,4,3,-99,-99,-99,-99,-99,-99,-99,3,-99,-99,-99,-99,-99,5,7,7
E12000002,North West,E06000050,Cheshire West and Chester,E06000050,Cheshire West and Chester,E02003806,Boughton Heath & Huntington,-99,-99,-99,-99,-99,-99,-99,-99,-99,4,6,4,5,3,4,3,7,-99,3,4,-99,4,-99,-99,-99,-99,-99,-99,-99,-99,-99,3,-99,-99,4,11,11
E12000002,North West,E06000050,Cheshire West and Chester,E06000050,Cheshire West and Chester,E02003807,Chester Handbridge Park,-99,-99,-99,-99,-99,-99,-99,-99,3,3,3,-99,-99,-99,-99,-99,-99,-99,-99,-99,-99,-99,-99,-99,-99,-99,-99,-99,-99,-99,-99,-99,-99,4,5,13,13
E12000002,North West,E06000050,Cheshire West and Chester,E06000050,Cheshire West and Chester,E02003808,Lache,-99,-99,-99,-99,-99,-99,-99,-99,-99,4,4,-99,-99,3,-99,3,6,-99,5,-99,-99,-99,-99,-99,-99,-99,-99,-99,-99,-99,-99,-99,-99,-99,5,8,8
E12000002,North West,E06000050,Cheshire West and Chester,E06000050,Cheshire West and Chester,E02003809,"Dodleston, Tattenhall & Duddon",-99,-99,-99,-99,-99,-99,-99,-99,3,5,-99,-99,3,10,-99,7,4,12,-99,-99,3,-99,3,-99,-99,-99,-99,-99,-99,-99,-99,-99,-99,-99,4,10,10
E12000002,North West,E06000050,Cheshire West and Chester,E06000050,Cheshire West and Chester,E02003810,"Churton, Farndon & Malpas",-99,-99,-99,-99,-99,-99,-99,-99,-99,-99,3,-99,-99,-99,-99,-99,-99,4,-99,-99,-99,-99,-99,-99,-99,-99,-99,-99,-99,-99,-99,-99,-99,3,3,10,10
E12000002,North West,E06000049,Cheshire East,E06000049,Cheshire East,E02003811,Cranage & Goostrey,-99,-99,-99,-99,-99,-99,-99,-99,-99,-99,-99,-99,5,-99,-99,-99,-99,-99,-99,-99,-99,-99,-99,-99,-99,-99,-99,-99,-99,-99,-99,-99,3,3,-99,10,10
E12000002,North West,E06000049,Cheshire East,E06000049,Cheshire East,E02003812,Holmes Chapel,-99,-99,-99,-99,-99,-99,-99,-99,-99,-99,3,3,4,-99,3,-99,-99,-99,-99,-99,-99,-99,-99,-99,-99,-99,-99,-99,-99,-99,-99,-99,-99,-99,3,8,8
E12000002,North West,E06000049,Cheshire East,E06000049,Cheshire East,E02003813,Middlewich West,-99,-99,-99,-99,-99,-99,-99,-99,-99,7,4,6,12,6,6,-99,-99,-99,-99,-99,-99,-99,-99,-99,-99,-99,-99,-99,-99,-99,-99,7,7,6,7,6,6
E12000002,North West,E06000049,Cheshire East,E06000049,Cheshire East,E02003814,Middlewich East,-99,-99,-99,-99,-99,-99,-99,-99,-99,-99,-99,-99,4,5,-99,3,5,-99,-99,-99,-99,-99,-99,-99,-99,-99,-99,-99,-99,-99,3,4,-99,7,9,8,8
E12000002,North West,E06000049,Cheshire East,E06000049,Cheshire East,E02003815,Buglawton,-99,-99,-99,-99,-99,-99,-99,-99,-99,4,-99,4,3,11,6,6,-99,-99,-99,-99,-99,-99,-99,-99,-99,-99,-99,-99,-99,-99,-99,-99,-99,-99,-99,-99,-99
E12000002,North West,E06000049,Cheshire East,E06000049,Cheshire East,E02003816,Congleton Town,-99,-99,-99,-99,-99,-99,-99,-99,3,-99,-99,7,-99,7,5,-99,6,3,-99,-99,-99,-99,-99,-99,-99,-99,-99,-99,-99,-99,-99,-99,-99,-99,-99,7,7
E12000002,North West,E06000049,Cheshire East,E06000049,Cheshire East,E02003817,Congleton West Heath,-99,-99,-99,-99,-99,-99,-99,-99,-99,-99,7,-99,6,-99,3,8,-99,-99,-99,-99,-99,-99,-99,-99,-99,-99,-99,-99,-99,-99,-99,-99,-99,-99,5,6,6
E12000002,North West,E06000049,Cheshire East,E06000049,Cheshire East,E02003818,"Hightown, Mossley & Timbersbrook",-99,-99,-99,-99,-99,-99,-99,-99,-99,-99,5,-99,-99,7,-99,5,-99,5,-99,-99,-99,-99,-99,-99,-99,-99,-99,-99,-99,-99,-99,-99,-99,-99,-99,31,31
E12000002,North West,E06000049,Cheshire East,E06000049,Cheshire East,E02003819,Sandbach North,-99,-99,-99,-99,-99,-99,-99,-99,-99,3,4,5,-99,3,-99,3,-99,-99,-99,-99,-99,-99,-99,-99,-99,-99,-99,-99,-99,-99,-99,-99,-99,-99,5,5,5
E12000002,North West,E06000049,Cheshire East,E06000049,Cheshire East,E02003820,Sandbach Ettiley Heath & Wheelock,-99,-99,-99,-99,-99,-99,-99,-99,-99,3,3,6,-99,6,14,3,5,-99,-99,3,3,-99,-99,-99,-99,-99,-99,-99,-99,-99,-99,-99,-99,3,3,12,12
E12000002,North West,E06000049,Cheshire East,E06000049,Cheshire East,E02003821,Sandbach Heath,-99,-99,-99,-99,-99,-99,-99,-99,-99,-99,-99,7,-99,4,-99,-99,-99,-99,-99,-99,-99,-99,-99,-99,-99,-99,-99,-99,-99,-99,-99,-99,-99,4,4,-99,-99
E12000002,North West,E06000049,Cheshire East,E06000049,Cheshire East,E02003822,"Scholar Green, Rode Heath & Brereton",-99,-99,-99,-99,-99,-99,-99,-99,-99,5,3,4,4,6,3,-99,-99,3,-99,3,-99,-99,-99,-99,-99,-99,-99,-99,-99,-99,-99,-99,6,-99,12,7,7
E12000002,North West,E06000049,Cheshire East,E06000049,Cheshire East,E02003823,Alsager East,-99,-99,-99,-99,-99,-99,-99,-99,-99,-99,-99,-99,5,-99,-99,4,3,-99,4,3,-99,4,-99,-99,-99,-99,-99,-99,-99,-99,4,-99,-99,-99,-99,3,3
E12000002,North West,E06000049,Cheshire East,E06000049,Cheshire East,E02003824,Alsager West,-99,-99,-99,-99,-99,-99,-99,-99,-99,-99,-99,3,6,6,-99,3,-99,4,-99,-99,-99,-99,-99,-99,-99,-99,-99,-99,-99,-99,-99,-99,3,-99,4,7,7
E12000002,North West,E06000049,Cheshire East,E06000049,Cheshire East,E02003825,Crewe Leighton,-99,-99,-99,-99,-99,-99,-99,-99,-99,-99,6,12,7,6,-99,3,3,4,-99,-99,-99,-99,-99,-99,-99,-99,-99,-99,-99,-99,-99,-99,-99,-99,3,4,4
E12000002,North West,E06000049,Cheshire East,E06000049,Cheshire East,E02003826,Crewe North East,-99,-99,-99,-99,-99,-99,-99,-99,-99,-99,6,8,4,12,5,12,17,-99,5,-99,-99,-99,-99,-99,-99,-99,-99,-99,-99,-99,-99,-99,-99,-99,3,6,6
E12000002,North West,E06000049,Cheshire East,E06000049,Cheshire East,E02003827,Crewe Coppenhall & Underwood,-99,-99,-99,-99,-99,-99,-99,-99,-99,3,4,9,9,19,11,6,6,8,3,5,3,-99,-99,-99,-99,-99,-99,4,-99,-99,-99,-99,-99,-99,3,6,6
E12000002,North West,E06000049,Cheshire East,E06000049,Cheshire East,E02003828,Crewe North West,-99,-99,-99,-99,-99,-99,-99,-99,-99,-99,5,6,5,8,7,8,5,3,-99,-99,-99,-99,-99,-99,-99,-99,-99,-99,-99,-99,-99,5,3,-99,6,7,7
E12000002,North West,E06000049,Cheshire East,E06000049,Cheshire East,E02003829,Crewe Sydney & Gateway,-99,-99,-99,-99,-99,-99,-99,-99,-99,-99,-99,-99,3,4,-99,-99,3,-99,3,4,3,-99,-99,-99,-99,-99,-99,-99,-99,-99,-99,-99,-99,-99,3,3,3
E12000002,North West,E06000049,Cheshire East,E06000049,Cheshire East,E02003830,Crewe Town & Victoria Avenue,-99,-99,-99,-99,-99,-99,-99,-99,-99,3,7,8,8,11,6,31,6,6,3,-99,5,3,-99,-99,-99,-99,-99,-99,-99,-99,-99,-99,-99,-99,7,6,6
E12000002,North West,E06000049,Cheshire East,E06000049,Cheshire East,E02003831,Haslington & Weston,-99,-99,-99,-99,-99,-99,-99,-99,3,3,6,8,3,7,4,6,3,-99,20,6,3,6,3,-99,-99,-99,-99,-99,-99,-99,-99,-99,-99,5,12,8,8
E12000002,North West,E06000049,Cheshire East,E06000049,Cheshire East,E02003832,Crewe Mill Street & College,-99,-99,-99,-99,-99,-99,-99,-99,-99,-99,3,4,-99,3,-99,4,6,-99,-99,5,-99,-99,-99,-99,-99,-99,-99,-99,-99,-99,-99,-99,-99,-99,-99,6,6
E12000002,North West,E06000049,Cheshire East,E06000049,Cheshire East,E02003833,Wistaston Green,-99,-99,-99,-99,-99,-99,-99,-99,-99,3,6,-99,4,4,5,8,5,3,-99,3,-99,-99,-99,-99,-99,-99,-99,-99,-99,-99,3,-99,-99,-99,5,10,10
E12000002,North West,E06000049,Cheshire East,E06000049,Cheshire East,E02003834,Crewe Gresty Road,-99,-99,-99,-99,-99,-99,-99,-99,-99,3,9,8,3,5,4,6,-99,5,-99,3,-99,-99,-99,-99,-99,-99,-99,-99,-99,-99,-99,-99,-99,-99,9,6,6
E12000002,North West,E06000049,Cheshire East,E06000049,Cheshire East,E02003835,Crewe South West & Wistaston,-99,-99,-99,-99,-99,-99,-99,-99,-99,5,-99,-99,4,5,4,-99,6,-99,-99,3,-99,-99,-99,-99,-99,-99,-99,-99,-99,-99,-99,-99,3,-99,7,15,15
E12000002,North West,E06000049,Cheshire East,E06000049,Cheshire East,E02003836,Nantwich North East,-99,-99,-99,-99,-99,-99,-99,-99,3,-99,-99,-99,4,-99,3,-99,7,5,-99,-99,-99,-99,-99,-99,-99,-99,-99,-99,-99,-99,-99,-99,-99,-99,-99,12,12
E12000002,North West,E06000049,Cheshire East,E06000049,Cheshire East,E02003837,Nantwich South East & Wybunbury,-99,-99,-99,-99,-99,-99,-99,-99,-99,-99,8,6,12,5,3,4,4,-99,3,-99,-99,-99,-99,-99,-99,-99,-99,-99,-99,-99,-99,3,4,4,6,24,24
E12000002,North West,E06000049,Cheshire East,E06000049,Cheshire East,E02003838,Willaston & Shavington,-99,-99,-99,-99,-99,-99,-99,-99,3,-99,3,3,4,3,-99,3,5,8,-99,-99,-99,-99,-99,-99,-99,-99,-99,-99,-99,-99,-99,-99,-99,-99,-99,5,5
E12000002,North West,E06000049,Cheshire East,E06000049,Cheshire East,E02003839,Nantwich South West,-99,-99,-99,-99,-99,-99,-99,-99,-99,4,4,3,3,4,3,-99,3,-99,-99,-99,-99,-99,-99,-99,-99,-99,-99,-99,-99,-99,-99,-99,-99,3,3,10,10
E12000002,North West,E06000049,Cheshire East,E06000049,Cheshire East,E02003840,"Audlem, Bunbury & Wrenbury",-99,-99,-99,-99,-99,-99,-99,-99,-99,3,3,4,4,3,4,3,-99,4,-99,-99,-99,-99,-99,-99,-99,-99,-99,-99,-99,-99,-99,-99,-99,-99,-99,6,6
E12000002,North West,E06000050,Cheshire West and Chester,E06000050,Cheshire West and Chester,E02003841,Neston & Parkgate,-99,-99,-99,-99,-99,-99,-99,-99,3,5,4,-99,-99,-99,-99,-99,3,-99,-99,-99,-99,-99,-99,-99,-99,-99,-99,-99,-99,-99,-99,-99,-99,6,6,14,14
E12000002,North West,E06000050,Cheshire West and Chester,E06000050,Cheshire West and Chester,E02003842,"Hooton, Willaston & Ness",-99,-99,-99,-99,-99,-99,-99,-99,-99,4,4,-99,7,-99,-99,-99,-99,-99,-99,-99,-99,-99,-99,-99,-99,-99,-99,-99,-99,-99,-99,-99,-99,-99,4,14,14
E12000002,North West,E06000050,Cheshire West and Chester,E06000050,Cheshire West and Chester,E02003843,Little Sutton North & Overpool,-99,-99,-99,-99,-99,-99,-99,-99,-99,5,-99,3,-99,-99,-99,6,3,-99,-99,-99,-99,-99,-99,-99,-99,-99,-99,-99,-99,-99,-99,-99,4,5,5,4,4
E12000002,North West,E06000050,Cheshire West and Chester,E06000050,Cheshire West and Chester,E02003844,Little Neston,-99,-99,-99,-99,-99,-99,-99,-99,-99,-99,-99,3,-99,4,-99,-99,-99,-99,3,-99,-99,-99,-99,-99,-99,-99,-99,-99,-99,-99,-99,-99,-99,4,6,8,8
E12000002,North West,E06000050,Cheshire West and Chester,E06000050,Cheshire West and Chester,E02003845,Ellesmere Port Town & Rossmore,-99,-99,-99,-99,-99,-99,-99,-99,-99,6,3,7,11,6,12,13,6,6,4,-99,-99,-99,3,-99,-99,-99,-99,-99,-99,4,-99,-99,5,8,5,5,5
E12000002,North West,E06000050,Cheshire West and Chester,E06000050,Cheshire West and Chester,E02003846,Little Sutton East,-99,-99,-99,-99,-99,-99,-99,-99,-99,7,7,5,3,3,5,-99,-99,-99,-99,-99,-99,-99,-99,-99,-99,-99,-99,-99,-99,-99,-99,3,4,8,9,7,7
E12000002,North West,E06000050,Cheshire West and Chester,E06000050,Cheshire West and Chester,E02003847,Little Sutton West,-99,-99,-99,-99,-99,-99,-99,-99,-99,5,8,8,-99,3,9,4,3,4,-99,-99,-99,-99,-99,-99,-99,-99,-99,-99,-99,-99,-99,3,3,10,9,21,21
E12000002,North West,E06000050,Cheshire West and Chester,E06000050,Cheshire West and Chester,E02003848,Ellesmere Port Pooltown Road,-99,-99,-99,-99,-99,-99,-99,-99,3,3,-99,-99,6,6,3,-99,5,3,-99,-99,-99,-99,-99,-99,-99,-99,-99,-99,-99,-99,-99,-99,-99,-99,5,4,4
E12000002,North West,E06000050,Cheshire West and Chester,E06000050,Cheshire West and Chester,E02003849,Wolverham & Stanlow,-99,-99,-99,-99,-99,-99,-99,-99,-99,-99,5,7,6,5,-99,6,4,3,-99,-99,-99,-99,-99,-99,-99,-99,-99,-99,-99,-99,-99,3,-99,-99,-99,10,10
E12000002,North West,E06000050,Cheshire West and Chester,E06000050,Cheshire West and Chester,E02003850,Great Sutton,-99,-99,-99,-99,-99,-99,-99,-99,-99,8,5,4,-99,3,3,8,3,-99,-99,-99,-99,-99,4,-99,-99,-99,-99,-99,-99,-99,-99,-99,6,4,3,4,4
E12000002,North West,E06000050,Cheshire West and Chester,E06000050,Cheshire West and Chester,E02003851,Whitby & Stanney Woods,-99,-99,-99,-99,-99,-99,-99,-99,-99,-99,-99,6,3,3,-99,6,7,-99,3,-99,-99,-99,-99,-99,-99,-99,-99,-99,-99,-99,-99,-99,-99,-99,5,3,3
E12000002,North West,E06000050,Cheshire West and Chester,E06000050,Cheshire West and Chester,E02003852,Ellesmere Port South,-99,-99,-99,-99,-99,-99,-99,-99,-99,7,-99,-99,-99,-99,6,-99,3,-99,-99,-99,-99,-99,-99,-99,-99,-99,-99,-99,-99,-99,-99,3,5,6,4,5,5
E12000002,North West,E06000049,Cheshire East,E06000049,Cheshire East,E02003853,Disley & Lyme Park,-99,-99,-99,-99,-99,-99,-99,-99,-99,-99,-99,-99,-99,6,-99,-99,-99,-99,-99,-99,-99,-99,-99,-99,-99,-99,-99,-99,-99,-99,4,6,-99,5,-99,7,7
E12000002,North West,E06000049,Cheshire East,E06000049,Cheshire East,E02003854,Poynton West,-99,-99,-99,-99,-99,-99,-99,-99,3,-99,-99,4,-99,-99,5,-99,-99,-99,-99,-99,-99,-99,-99,-99,-99,-99,-99,-99,-99,-99,-99,3,3,-99,4,5,5
E12000002,North West,E06000049,Cheshire East,E06000049,Cheshire East,E02003855,Poynton East,-99,-99,-99,-99,-99,-99,-99,-99,-99,6,6,-99,5,-99,3,8,-99,-99,-99,-99,-99,-99,-99,-99,-99,-99,-99,-99,-99,-99,-99,-99,-99,6,-99,11,11
E12000002,North West,E06000049,Cheshire East,E06000049,Cheshire East,E02003856,Handforth & Dean Row,-99,-99,-99,-99,-99,-99,-99,-99,4,7,6,8,9,4,4,4,6,-99,-99,-99,-99,-99,-99,-99,-99,-99,3,-99,3,-99,-99,6,-99,12,5,15,15
E12000002,North West,E06000049,Cheshire East,E06000049,Cheshire East,E02003857,Lacey Green & Wilmslow Park,-99,-99,-99,-99,-99,-99,-99,-99,4,6,3,5,4,3,4,-99,-99,-99,-99,-99,-99,-99,-99,-99,-99,-99,3,-99,-99,-99,-99,-99,4,5,5,11,11
E12000002,North West,E06000049,Cheshire East,E06000049,Cheshire East,E02003858,Wilmslow Town,-99,-99,-99,-99,-99,-99,-99,-99,-99,-99,6,-99,-99,4,-99,-99,-99,-99,-99,-99,-99,-99,-99,-99,-99,-99,-99,-99,-99,-99,-99,5,-99,7,4,23,23
E12000002,North West,E06000049,Cheshire East,E06000049,Cheshire East,E02003859,"Mobberley, Plumley & High Legh",-99,-99,-99,-99,-99,-99,-99,5,7,4,-99,11,4,-99,12,13,4,7,3,-99,-99,-99,-99,-99,-99,-99,-99,3,-99,-99,4,6,-99,14,8,30,30
E12000002,North West,E06000049,Cheshire East,E06000049,Cheshire East,E02003860,Fulshaw Park & Lindow,-99,-99,-99,-99,-99,-99,-99,-99,-99,-99,5,4,-99,-99,3,-99,-99,3,3,-99,-99,3,-99,-99,-99,-99,-99,-99,4,3,-99,-99,3,5,5,15,15
E12000002,North West,E06000049,Cheshire East,E06000049,Cheshire East,E02003861,Knutsford North,-99,-99,-99,-99,-99,-99,-99,-99,-99,4,6,3,10,6,-99,-99,-99,6,-99,-99,-99,-99,3,-99,3,-99,3,-99,-99,-99,3,3,-99,-99,7,21,21
E12000002,North West,E06000049,Cheshire East,E06000049,Cheshire East,E02003862,Prestbury & Adlington,-99,-99,-99,-99,-99,-99,-99,-99,-99,5,7,6,6,-99,6,4,6,-99,-99,-99,-99,-99,-99,-99,-99,-99,-99,-99,-99,-99,-99,-99,4,-99,4,10,10
E12000002,North West,E06000049,Cheshire East,E06000049,Cheshire East,E02003863,South Knutsford & Bexton,-99,-99,-99,-99,-99,-99,-99,-99,-99,8,-99,-99,3,3,-99,-99,-99,-99,3,-99,-99,-99,-99,-99,-99,-99,-99,-99,-99,-99,-99,4,6,3,16,22,22
E12000002,North West,E06000049,Cheshire East,E06000049,Cheshire East,E02003864,Alderley Edge & Chelford,-99,-99,-99,-99,-99,-99,-99,-99,-99,3,7,-99,8,-99,13,8,-99,8,-99,3,-99,3,-99,-99,-99,-99,-99,-99,-99,4,-99,6,3,-99,4,14,14
E12000002,North West,E06000049,Cheshire East,E06000049,Cheshire East,E02003865,Bollington,-99,-99,-99,-99,-99,-99,-99,-99,-99,3,-99,5,4,5,5,-99,-99,3,-99,-99,-99,-99,-99,-99,-99,-99,-99,-99,-99,-99,-99,3,-99,-99,8,13,13
E12000002,North West,E06000049,Cheshire East,E06000049,Cheshire East,E02003866,Macclesfield Tytherington,-99,-99,-99,-99,-99,-99,-99,-99,-99,5,3,-99,5,-99,-99,-99,-99,-99,3,-99,-99,-99,-99,-99,-99,-99,-99,-99,-99,-99,-99,-99,4,-99,-99,15,15
E12000002,North West,E06000049,Cheshire East,E06000049,Cheshire East,E02003867,Macclesfield Upton Priory & Greenside,-99,-99,-99,-99,-99,-99,-99,-99,-99,4,6,7,18,8,-99,-99,4,-99,5,-99,3,-99,-99,-99,-99,-99,-99,-99,4,-99,-99,-99,3,-99,4,4,4
E12000002,North West,E06000049,Cheshire East,E06000049,Cheshire East,E02003868,Macclesfield East & Hurdsfield,-99,-99,-99,-99,-99,-99,-99,-99,-99,-99,-99,7,4,-99,-99,4,3,-99,-99,-99,4,-99,-99,-99,-99,-99,-99,-99,-99,-99,-99,-99,-99,5,-99,11,11
E12000002,North West,E06000049,Cheshire East,E06000049,Cheshire East,E02003869,Macclesfield Bollinbrook,-99,-99,-99,-99,-99,-99,3,-99,3,11,10,4,8,13,8,4,4,4,-99,-99,-99,-99,-99,-99,-99,-99,-99,3,-99,-99,-99,-99,-99,-99,5,16,16
E12000002,North West,E06000049,Cheshire East,E06000049,Cheshire East,E02003870,Central Macclesfield,-99,-99,-99,-99,-99,-99,-99,-99,-99,-99,12,5,8,19,7,-99,3,4,-99,6,-99,-99,-99,-99,-99,-99,-99,-99,-99,-99,-99,3,-99,4,6,12,12
E12000002,North West,E06000049,Cheshire East,E06000049,Cheshire East,E02003871,Macclesfield Weston,-99,-99,-99,-99,-99,-99,-99,-99,-99,-99,6,-99,12,5,-99,-99,-99,-99,-99,3,-99,-99,-99,-99,-99,-99,-99,-99,-99,-99,-99,-99,-99,-99,-99,5,5
E12000002,North West,E06000049,Cheshire East,E06000049,Cheshire East,E02003872,Gawsworth & Macclesfield Forest,-99,-99,-99,-99,-99,-99,-99,-99,-99,5,3,-99,-99,5,3,3,-99,-99,-99,-99,3,-99,-99,-99,-99,-99,-99,-99,-99,-99,-99,-99,3,-99,7,8,8
E12000002,North West,E06000049,Cheshire East,E06000049,Cheshire East,E02003873,Macclesfield South & Lyme Green,-99,-99,-99,-99,-99,-99,-99,-99,-99,-99,4,7,7,9,-99,-99,3,3,5,-99,-99,-99,-99,-99,-99,-99,-99,-99,-99,-99,-99,-99,3,-99,-99,3,3
E12000002,North West,E06000050,Cheshire West and Chester,E06000050,Cheshire West and Chester,E02003874,Frodsham,-99,-99,-99,-99,-99,-99,-99,-99,-99,-99,4,5,8,7,6,-99,-99,-99,-99,-99,-99,-99,-99,-99,-99,-99,-99,-99,-99,-99,-99,-99,9,-99,14,13,13
E12000002,North West,E06000050,Cheshire West and Chester,E06000050,Cheshire West and Chester,E02003875,"Comberbach, Acton Bridge & Whitley",-99,-99,-99,-99,-99,-99,-99,-99,-99,-99,-99,-99,-99,-99,-99,-99,-99,-99,-99,-99,-99,-99,-99,-99,-99,-99,-99,-99,-99,-99,-99,-99,-99,3,-99,9,9
E12000002,North West,E06000050,Cheshire West and Chester,E06000050,Cheshire West and Chester,E02003876,Barnton,-99,-99,-99,-99,-99,-99,-99,-99,-99,-99,3,-99,3,-99,3,5,-99,-99,-99,-99,-99,-99,-99,-99,-99,-99,-99,-99,-99,-99,-99,-99,4,-99,6,3,3
E12000002,North West,E06000050,Cheshire West and Chester,E06000050,Cheshire West and Chester,E02003877,Helsby & Kingsley,-99,-99,-99,-99,-99,-99,-99,-99,-99,5,6,5,16,10,4,6,-99,5,6,4,3,-99,-99,-99,-99,-99,-99,-99,-99,-99,-99,-99,3,3,5,16,16
E12000002,North West,E06000050,Cheshire West and Chester,E06000050,Cheshire West and Chester,E02003878,Lostock & Wincham,-99,-99,-99,-99,-99,-99,-99,-99,3,-99,4,8,8,6,5,8,9,-99,-99,-99,-99,-99,-99,-99,-99,-99,-99,3,-99,-99,-99,4,-99,5,6,12,12
E12000002,North West,E06000050,Cheshire West and Chester,E06000050,Cheshire West and Chester,E02003879,Northwich Central & Winnington,-99,-99,-99,-99,-99,-99,-99,-99,3,3,6,9,3,9,7,6,4,-99,-99,3,-99,4,-99,-99,-99,-99,-99,-99,-99,-99,-99,3,5,8,8,9,9
E12000002,North West,E06000050,Cheshire West and Chester,E06000050,Cheshire West and Chester,E02003880,Weaverham,-99,-99,-99,-99,-99,-99,-99,-99,-99,6,3,-99,-99,5,-99,5,3,-99,-99,-99,-99,-99,-99,-99,-99,-99,-99,-99,-99,-99,-99,-99,5,-99,6,7,7
E12000002,North West,E06000050,Cheshire West and Chester,E06000050,Cheshire West and Chester,E02003881,Greenbank,-99,-99,-99,-99,-99,-99,-99,-99,-99,-99,3,-99,3,5,4,5,3,-99,-99,-99,-99,-99,-99,-99,-99,-99,-99,-99,-99,-99,-99,-99,-99,-99,3,6,6
E12000002,North West,E06000050,Cheshire West and Chester,E06000050,Cheshire West and Chester,E02003882,Rudheath West & Leftwich,-99,-99,-99,-99,-99,-99,-99,-99,-99,-99,5,3,8,3,4,9,6,3,-99,-99,-99,-99,-99,-99,-99,-99,-99,-99,-99,-99,-99,-99,5,3,7,18,18
E12000002,North West,E06000050,Cheshire West and Chester,E06000050,Cheshire West and Chester,E02003883,Hartford & Kingsmead,-99,-99,-99,-99,-99,-99,-99,-99,3,-99,4,3,5,4,4,-99,-99,-99,-99,-99,-99,-99,-99,-99,-99,-99,-99,-99,-99,-99,-99,-99,-99,11,13,17,17
E12000002,North West,E06000050,Cheshire West and Chester,E06000050,Cheshire West and Chester,E02003884,Sandiway,-99,-99,-99,-99,-99,-99,-99,-99,-99,4,-99,-99,-99,-99,-99,4,6,-99,-99,-99,-99,-99,-99,-99,-99,-99,-99,-99,-99,-99,-99,-99,-99,3,7,10,10
E12000002,North West,E06000050,Cheshire West and Chester,E06000050,Cheshire West and Chester,E02003885,Davenham & Moulton,-99,-99,-99,-99,-99,-99,-99,-99,-99,-99,-99,-99,-99,5,-99,3,8,-99,-99,-99,-99,-99,-99,-99,-99,-99,-99,-99,-99,3,-99,-99,-99,4,8,-99,-99
E12000002,North West,E06000050,Cheshire West and Chester,E06000050,Cheshire West and Chester,E02003886,Wharton,-99,-99,-99,-99,-99,-99,-99,-99,-99,3,7,3,5,6,5,5,3,-99,-99,-99,-99,-99,-99,-99,-99,-99,-99,-99,-99,-99,-99,4,-99,-99,7,9,9
E12000002,North West,E06000050,Cheshire West and Chester,E06000050,Cheshire West and Chester,E02003887,Winsford North,-99,-99,-99,-99,-99,-99,-99,-99,-99,-99,-99,-99,-99,6,4,9,-99,-99,-99,-99,-99,-99,-99,5,-99,-99,-99,-99,-99,-99,-99,-99,-99,-99,6,9,9
E12000002,North West,E06000050,Cheshire West and Chester,E06000050,Cheshire West and Chester,E02003888,Winsford Central,-99,-99,-99,-99,-99,-99,-99,-99,3,3,5,3,6,17,8,-99,5,-99,-99,-99,-99,-99,-99,-99,-99,-99,-99,-99,-99,-99,-99,-99,-99,-99,4,10,10
E12000002,North West,E06000050,Cheshire West and Chester,E06000050,Cheshire West and Chester,E02003889,Winsford Over,-99,-99,-99,-99,-99,-99,-99,-99,-99,-99,-99,-99,4,6,-99,3,-99,-99,-99,-99,-99,-99,-99,-99,-99,-99,-99,-99,-99,-99,-99,-99,-99,-99,5,7,7
E12000002,North West,E06000050,Cheshire West and Chester,E06000050,Cheshire West and Chester,E02003890,Winsford Glebe Green,-99,-99,-99,-99,-99,-99,-99,-99,-99,-99,-99,-99,-99,-99,5,-99,-99,-99,-99,-99,-99,-99,-99,-99,-99,-99,4,-99,-99,-99,3,3,-99,11,8,15,15
E12000002,North West,E06000050,Cheshire West and Chester,E06000050,Cheshire West and Chester,E02003891,Tarporley & Eddisbury Hill,-99,-99,-99,-99,-99,-99,-99,-99,-99,4,4,-99,-99,3,-99,-99,3,-99,-99,-99,-99,-99,-99,-99,-99,-99,-99,-99,-99,-99,-99,-99,-99,-99,3,7,7
E12000009,South West,E06000052,Cornwall,E06000052,Cornwall,E02003892,Gunnislake & Calstock,-99,-99,-99,-99,-99,-99,-99,-99,-99,4,-99,-99,-99,-99,-99,-99,-99,-99,-99,-99,-99,-99,-99,-99,-99,-99,-99,-99,-99,-99,-99,-99,-99,-99,-99,-99,-99
E12000009,South West,E06000052,Cornwall,E06000052,Cornwall,E02003893,St Neot & St Cleer,-99,-99,-99,-99,-99,-99,-99,-99,3,-99,-99,-99,3,-99,-99,-99,-99,-99,-99,-99,-99,-99,-99,-99,-99,-99,-99,-99,-99,-99,-99,-99,-99,-99,-99,-99,-99
E12000009,South West,E06000052,Cornwall,E06000052,Cornwall,E02003894,Callington & Pensilva,-99,-99,-99,-99,-99,-99,-99,-99,3,-99,9,3,-99,3,-99,-99,-99,-99,-99,-99,-99,-99,-99,-99,-99,-99,-99,-99,-99,-99,-99,-99,-99,-99,-99,-99,-99
E12000009,South West,E06000052,Cornwall,E06000052,Cornwall,E02003895,"Dobwalls, Addington & Menheniot",-99,-99,-99,-99,-99,-99,-99,-99,3,-99,-99,4,4,-99,3,4,-99,-99,-99,12,-99,-99,-99,-99,-99,-99,-99,-99,-99,-99,-99,-99,-99,-99,-99,-99,-99
E12000009,South West,E06000052,Cornwall,E06000052,Cornwall,E02003896,Liskeard,-99,-99,-99,-99,-99,-99,-99,-99,-99,-99,-99,-99,-99,3,-99,-99,-99,-99,-99,-99,-99,-99,-99,-99,-99,-99,-99,-99,-99,-99,-99,-99,-99,-99,-99,-99,-99
E12000009,South West,E06000052,Cornwall,E06000052,Cornwall,E02003897,Saltash Latchbrook & St Stephens,-99,-99,-99,-99,-99,-99,-99,-99,3,-99,-99,-99,-99,-99,-99,-99,-99,-99,-99,-99,-99,-99,-99,-99,-99,-99,-99,-99,-99,-99,-99,-99,-99,-99,-99,-99,-99
E12000009,South West,E06000052,Cornwall,E06000052,Cornwall,E02003898,St Germans & St Mellion,-99,-99,-99,-99,-99,-99,-99,-99,-99,-99,-99,-99,-99,3,-99,-99,-99,-99,-99,-99,-99,-99,-99,-99,-99,-99,-99,-99,-99,-99,-99,-99,3,-99,-99,5,5
E12000009,South West,E06000052,Cornwall,E06000052,Cornwall,E02003899,Mid Saltash,-99,-99,-99,-99,-99,-99,-99,-99,-99,3,-99,-99,-99,-99,-99,-99,-99,-99,-99,-99,-99,-99,-99,-99,-99,-99,-99,-99,-99,-99,-99,-99,-99,-99,-99,-99,-99
E12000009,South West,E06000052,Cornwall,E06000052,Cornwall,E02003900,Saltash Town & Pillmere,-99,-99,-99,-99,-99,-99,-99,-99,4,-99,-99,3,-99,-99,4,-99,-99,-99,-99,-99,-99,-99,-99,-99,-99,-99,-99,-99,-99,-99,-99,-99,-99,-99,-99,5,5
E12000009,South West,E06000052,Cornwall,E06000052,Cornwall,E02003901,"Lanreath, Pelynt & Polraun",-99,-99,-99,-99,-99,-99,-99,-99,-99,-99,3,-99,7,15,-99,-99,-99,-99,-99,3,-99,-99,-99,-99,-99,-99,-99,-99,-99,-99,-99,-99,-99,4,15,-99,-99
E12000009,South West,E06000052,Cornwall,E06000052,Cornwall,E02003902,Torpoint,-99,-99,-99,-99,-99,-99,-99,-99,-99,-99,-99,-99,-99,-99,-99,-99,-99,-99,-99,-99,-99,-99,-99,-99,-99,-99,-99,-99,-99,-99,-99,-99,-99,-99,-99,-99,-99
E12000009,South West,E06000052,Cornwall,E06000052,Cornwall,E02003903,"Kingsand, Antony & Maryfield",-99,-99,-99,-99,-99,-99,-99,-99,-99,-99,-99,5,-99,-99,-99,-99,-99,-99,-99,-99,-99,-99,-99,-99,-99,-99,-99,-99,-99,-99,-99,-99,21,18,15,-99,-99
E12000009,South West,E06000052,Cornwall,E06000052,Cornwall,E02003904,Looe & Polperro,-99,-99,-99,-99,-99,-99,-99,-99,-99,-99,-99,-99,12,9,5,-99,-99,-99,-99,-99,-99,-99,-99,-99,-99,-99,-99,-99,-99,-99,-99,-99,-99,-99,-99,-99,-99
E12000009,South West,E06000052,Cornwall,E06000052,Cornwall,E02003905,"Grampound Road, St Newlyn East and Cubert",-99,-99,-99,-99,-99,-99,-99,-99,-99,-99,-99,-99,-99,-99,-99,-99,-99,-99,-99,-99,-99,-99,-99,-99,-99,-99,-99,-99,-99,-99,-99,-99,-99,-99,-99,-99,-99
E12000009,South West,E06000052,Cornwall,E06000052,Cornwall,E02003906,Perranporth & Goonhavern,-99,-99,-99,-99,-99,-99,-99,-99,-99,-99,3,-99,-99,-99,-99,-99,-99,-99,-99,-99,-99,-99,-99,-99,-99,-99,-99,-99,-99,-99,-99,-99,-99,-99,-99,3,3
E12000009,South West,E06000052,Cornwall,E06000052,Cornwall,E02003907,St Agnes & Mount Hawke,-99,-99,-99,-99,-99,-99,-99,-99,-99,5,4,-99,-99,-99,-99,-99,-99,-99,-99,-99,-99,-99,-99,-99,-99,-99,-99,-99,-99,-99,-99,-99,-99,4,5,-99,-99
E12000009,South West,E06000052,Cornwall,E06000052,Cornwall,E02003908,Truro East,-99,-99,-99,-99,-99,-99,-99,-99,3,-99,-99,-99,-99,-99,-99,-99,-99,-99,-99,-99,-99,-99,-99,-99,-99,-99,-99,-99,-99,-99,-99,-99,-99,-99,-99,-99,-99
E12000009,South West,E06000052,Cornwall,E06000052,Cornwall,E02003909,Truro West,-99,-99,-99,-99,-99,-99,-99,-99,-99,3,5,6,-99,4,-99,4,-99,-99,-99,-99,-99,-99,-99,-99,-99,-99,-99,-99,-99,-99,-99,-99,-99,-99,-99,-99,-99
E12000009,South West,E06000052,Cornwall,E06000052,Cornwall,E02003910,Truro South & Central,-99,-99,-99,-99,-99,-99,-99,-99,-99,-99,3,3,-99,-99,-99,-99,-99,-99,-99,-99,-99,-99,-99,-99,-99,-99,-99,-99,-99,-99,-99,-99,-99,-99,-99,-99,-99
E12000009,South West,E06000052,Cornwall,E06000052,Cornwall,E02003911,"Shortlanesend, Chacewater & Carnon Downs",-99,-99,-99,-99,-99,-99,-99,-99,-99,4,5,-99,-99,-99,-99,-99,-99,-99,-99,-99,-99,-99,-99,-99,-99,-99,-99,-99,-99,-99,-99,-99,-99,-99,-99,5,5
E12000009,South West,E06000052,Cornwall,E06000052,Cornwall,E02003912,Probus & Roseland,-99,-99,-99,-99,-99,-99,-99,-99,-99,-99,-99,-99,3,-99,3,-99,-99,-99,-99,-99,-99,-99,-99,-99,-99,-99,-99,-99,-99,-99,-99,3,-99,-99,-99,6,6
E12000009,South West,E06000052,Cornwall,E06000052,Cornwall,E02003913,Mylor Bridge & Frogpool,-99,-99,-99,-99,-99,-99,-99,-99,-99,5,3,-99,-99,-99,-99,-99,-99,-99,-99,-99,-99,-99,-99,-99,-99,-99,-99,-99,-99,-99,-99,-99,-99,-99,-99,-99,-99
E12000009,South West,E06000052,Cornwall,E06000052,Cornwall,E02003914,Penryn,-99,-99,-99,-99,-99,-99,-99,-99,-99,-99,-99,-99,-99,-99,-99,-99,-99,-99,-99,-99,-99,-99,-99,-99,-99,-99,-99,-99,-99,-99,-99,-99,-99,-99,-99,5,5
E12000009,South West,E06000052,Cornwall,E06000052,Cornwall,E02003915,Falmouth North,-99,-99,-99,-99,-99,-99,-99,-99,-99,-99,-99,4,-99,-99,-99,-99,-99,-99,-99,-99,-99,-99,-99,-99,-99,-99,-99,-99,-99,-99,-99,-99,-99,-99,-99,-99,-99
E12000009,South West,E06000052,Cornwall,E06000052,Cornwall,E02003916,Falmouth East,-99,-99,-99,-99,-99,-99,-99,3,-99,-99,-99,-99,-99,-99,-99,-99,-99,-99,-99,-99,-99,-99,-99,-99,-99,-99,-99,-99,-99,-99,-99,-99,-99,-99,-99,-99,-99
E12000009,South West,E06000052,Cornwall,E06000052,Cornwall,E02003917,Falmouth West & South,-99,-99,-99,-99,-99,-99,-99,-99,-99,-99,-99,4,-99,-99,-99,-99,-99,-99,-99,-99,-99,-99,-99,-99,-99,-99,-99,-99,-99,-99,-99,-99,-99,-99,-99,-99,-99
E12000009,South West,E06000052,Cornwall,E06000052,Cornwall,E02003918,Illogan & Portreath,-99,-99,-99,-99,-99,-99,-99,-99,-99,-99,3,-99,3,-99,-99,-99,-99,-99,-99,-99,-99,-99,-99,-99,-99,-99,-99,-99,-99,-99,-99,-99,-99,3,5,-99,-99
E12000009,South West,E06000052,Cornwall,E06000052,Cornwall,E02003919,Redruth North,-99,-99,-99,-99,-99,-99,-99,-99,-99,-99,-99,-99,-99,-99,-99,-99,-99,-99,3,-99,-99,-99,-99,-99,-99,-99,-99,-99,-99,-99,-99,-99,4,4,6,4,4
E12000009,South West,E06000052,Cornwall,E06000052,Cornwall,E02003920,Redruth South,-99,-99,-99,-99,-99,-99,-99,-99,-99,-99,-99,-99,-99,-99,-99,-99,-99,-99,-99,-99,-99,-99,-99,-99,-99,-99,-99,-99,-99,-99,-99,-99,-99,5,10,-99,-99
E12000009,South West,E06000052,Cornwall,E06000052,Cornwall,E02003921,St Day & Lanner,-99,-99,-99,-99,-99,-99,-99,-99,-99,3,-99,-99,-99,-99,-99,-99,-99,-99,-99,-99,-99,-99,-99,-99,-99,-99,-99,-99,-99,-99,-99,-99,-99,-99,-99,3,3
E12000009,South West,E06000052,Cornwall,E06000052,Cornwall,E02003922,Pool & Illogan Highway,-99,-99,-99,-99,-99,-99,-99,-99,-99,-99,-99,-99,-99,-99,-99,-99,3,-99,-99,-99,-99,-99,-99,-99,-99,-99,-99,-99,-99,-99,-99,-99,-99,18,36,5,5
E12000009,South West,E06000052,Cornwall,E06000052,Cornwall,E02003923,Camborne East,-99,-99,-99,-99,-99,-99,-99,-99,3,-99,-99,-99,3,-99,-99,-99,-99,-99,-99,-99,-99,-99,-99,-99,-99,-99,-99,-99,-99,-99,-99,-99,-99,10,26,6,6
E12000009,South West,E06000052,Cornwall,E06000052,Cornwall,E02003924,Camborne West,-99,-99,-99,-99,-99,-99,-99,-99,-99,5,-99,-99,-99,-99,-99,-99,-99,-99,-99,-99,-99,-99,-99,-99,-99,-99,-99,-99,-99,-99,-99,-99,-99,7,11,-99,-99
E12000009,South West,E06000052,Cornwall,E06000052,Cornwall,E02003925,Camborne South,-99,-99,-99,-99,-99,-99,-99,-99,-99,-99,-99,-99,-99,-99,-99,-99,-99,-99,-99,-99,-99,-99,-99,-99,-99,-99,-99,-99,-99,-99,-99,-99,-99,-99,15,7,7
E12000009,South West,E06000052,Cornwall,E06000052,Cornwall,E02003926,"Crowan, Wendron & Stithians",-99,-99,-99,-99,-99,-99,-99,-99,-99,-99,-99,-99,-99,-99,-99,-99,-99,-99,-99,-99,-99,-99,-99,-99,-99,-99,-99,-99,-99,-99,-99,-99,-99,3,-99,-99,-99
E12000009,South West,E06000052,Cornwall,E06000052,Cornwall,E02003927,"Ponsanooth, Mabe Burnthouse & Constantine",-99,-99,-99,-99,-99,-99,-99,-99,-99,-99,7,-99,-99,-99,-99,-99,-99,-99,-99,-99,-99,-99,-99,-99,-99,-99,-99,-99,-99,-99,-99,-99,-99,-99,-99,-99,-99
E12000009,South West,E06000052,Cornwall,E06000052,Cornwall,E02003928,Helston,-99,-99,-99,-99,-99,-99,-99,-99,-99,7,-99,-99,-99,-99,-99,-99,-99,-99,-99,-99,-99,-99,-99,-99,-99,-99,-99,-99,-99,-99,-99,-99,-99,-99,-99,-99,-99
E12000009,South West,E06000052,Cornwall,E06000052,Cornwall,E02003929,"Porthleven, Breage & Praa Sands",-99,-99,-99,-99,-99,-99,-99,-99,-99,3,-99,-99,-99,-99,-99,-99,-99,-99,-99,-99,-99,-99,-99,-99,-99,-99,-99,-99,-99,-99,-99,-99,-99,-99,-99,-99,-99
E12000009,South West,E06000052,Cornwall,E06000052,Cornwall,E02003930,The Lizard,-99,-99,-99,-99,-99,-99,-99,-99,-99,3,3,-99,3,-99,-99,-99,-99,-99,-99,-99,-99,-99,-99,-99,-99,-99,-99,-99,-99,-99,-99,-99,-99,-99,3,7,7
E12000009,South West,E06000052,Cornwall,E06000052,Cornwall,E02003931,Bude & Stratton,-99,-99,-99,-99,-99,-99,-99,-99,-99,-99,-99,-99,5,-99,-99,-99,-99,-99,-99,-99,-99,-99,-99,-99,-99,-99,-99,-99,-99,-99,-99,-99,-99,-99,-99,-99,-99
E12000009,South West,E06000052,Cornwall,E06000052,Cornwall,E02003932,Poundstock & Kilkhampton,-99,-99,-99,-99,-99,-99,-99,-99,-99,-99,-99,-99,-99,-99,-99,-99,-99,-99,-99,-99,-99,-99,-99,-99,-99,-99,-99,-99,-99,-99,-99,-99,-99,-99,-99,-99,-99
E12000009,South West,E06000052,Cornwall,E06000052,Cornwall,E02003933,Crackington & Tintagel,-99,-99,-99,-99,-99,-99,-99,-99,-99,-99,-99,-99,-99,-99,-99,-99,-99,-99,-99,-99,-99,-99,-99,-99,-99,-99,-99,-99,-99,-99,-99,-99,-99,-99,-99,-99,-99
E12000009,South West,E06000052,Cornwall,E06000052,Cornwall,E02003934,Camelford & Tresmeer,-99,-99,-99,-99,-99,-99,-99,-99,-99,-99,-99,-99,-99,-99,-99,-99,-99,-99,-99,-99,-99,-99,-99,-99,-99,-99,-99,-99,-99,-99,-99,-99,-99,-99,-99,-99,-99
E12000009,South West,E06000052,Cornwall,E06000052,Cornwall,E02003935,Launceston,-99,-99,-99,-99,-99,-99,-99,-99,-99,-99,3,8,11,17,17,21,3,11,-99,-99,-99,-99,3,-99,-99,-99,-99,-99,-99,-99,-99,-99,3,-99,-99,4,4
E12000009,South West,E06000052,Cornwall,E06000052,Cornwall,E02003936,Altarnun & Stoke Climsland,-99,-99,-99,-99,-99,-99,-99,-99,-99,-99,-99,-99,-99,4,5,-99,-99,-99,-99,-99,-99,-99,-99,-99,-99,-99,-99,-99,-99,-99,-99,-99,-99,-99,-99,3,3
E12000009,South West,E06000052,Cornwall,E06000052,Cornwall,E02003937,Trebetherick & Whitecross,-99,-99,-99,-99,-99,-99,-99,-99,-99,-99,-99,-99,-99,-99,-99,-99,-99,-99,-99,-99,-99,-99,-99,-99,-99,-99,-99,-99,-99,-99,-99,-99,-99,-99,-99,-99,-99
E12000009,South West,E06000052,Cornwall,E06000052,Cornwall,E02003938,Padstow & St Issey,-99,-99,-99,-99,-99,-99,-99,-99,-99,-99,-99,-99,-99,-99,-99,-99,-99,-99,-99,-99,-99,-99,-99,-99,-99,-99,-99,-99,-99,-99,-99,-99,-99,-99,-99,-99,-99
E12000009,South West,E06000052,Cornwall,E06000052,Cornwall,E02003939,Wadebridge,-99,-99,-99,-99,-99,-99,-99,-99,-99,-99,-99,-99,-99,-99,-99,-99,-99,-99,-99,-99,-99,-99,-99,-99,-99,-99,-99,-99,-99,-99,-99,-99,-99,-99,-99,3,3
E12000009,South West,E06000052,Cornwall,E06000052,Cornwall,E02003940,"St Breward, Tredethy & Lanivet",-99,-99,-99,-99,-99,-99,-99,-99,-99,-99,-99,-99,-99,-99,-99,-99,-99,-99,-99,-99,-99,-99,-99,-99,-99,-99,-99,-99,-99,-99,-99,-99,-99,-99,-99,-99,-99
E12000009,South West,E06000052,Cornwall,E06000052,Cornwall,E02003941,Bodmin East,-99,-99,-99,-99,-99,-99,-99,-99,-99,-99,3,3,3,-99,-99,-99,-99,-99,-99,-99,-99,-99,-99,-99,-99,-99,-99,-99,-99,-99,-99,-99,-99,4,-99,-99,-99
E12000009,South West,E06000052,Cornwall,E06000052,Cornwall,E02003942,Bodmin West,-99,-99,-99,-99,-99,-99,-99,-99,-99,-99,-99,-99,4,-99,-99,-99,-99,-99,-99,-99,-99,-99,-99,-99,-99,-99,-99,-99,-99,-99,-99,-99,-99,-99,4,-99,-99
E12000009,South West,E06000052,Cornwall,E06000052,Cornwall,E02003943,St Ives & Halsetown,-99,-99,-99,-99,-99,-99,-99,-99,-99,-99,-99,-99,-99,-99,-99,-99,-99,-99,-99,-99,-99,-99,-99,-99,-99,-99,-99,-99,-99,-99,-99,-99,-99,-99,-99,-99,-99
E12000009,South West,E06000052,Cornwall,E06000052,Cornwall,E02003944,Hayle,-99,-99,-99,-99,-99,-99,-99,-99,3,-99,-99,-99,-99,-99,-99,-99,-99,-99,-99,-99,-99,-99,-99,-99,-99,-99,-99,-99,-99,-99,-99,-99,-99,-99,-99,-99,-99
E12000009,South West,E06000052,Cornwall,E06000052,Cornwall,E02003945,"Towednack, Lelant & Carbis Bay",-99,-99,-99,-99,-99,-99,-99,-99,-99,-99,5,-99,-99,-99,-99,-99,-99,-99,-99,-99,-99,-99,-99,-99,-99,-99,-99,-99,-99,-99,-99,-99,-99,-99,-99,-99,-99
E12000009,South West,E06000052,Cornwall,E06000052,Cornwall,E02003946,"Marazion, St Erth & Gwinear Gwithian",-99,-99,-99,-99,-99,-99,-99,3,-99,-99,-99,-99,-99,-99,-99,-99,-99,-99,-99,-99,-99,-99,-99,-99,-99,-99,-99,-99,-99,-99,-99,-99,-99,3,-99,-99,-99
E12000009,South West,E06000052,Cornwall,E06000052,Cornwall,E02003947,West Penwith & St Buryan,-99,-99,-99,-99,-99,-99,-99,-99,-99,-99,-99,-99,6,13,-99,-99,-99,-99,-99,-99,-99,-99,-99,-99,-99,-99,-99,-99,-99,-99,-99,-99,-99,-99,-99,-99,-99
E12000009,South West,E06000052,Cornwall,E06000052,Cornwall,E02003948,Penzance North,-99,-99,-99,-99,-99,-99,-99,-99,-99,3,-99,-99,-99,3,-99,-99,-99,-99,-99,-99,-99,-99,-99,-99,-99,-99,-99,-99,-99,-99,-99,-99,-99,-99,3,-99,-99
E12000009,South West,E06000052,Cornwall,E06000052,Cornwall,E02003949,Penzance Quay,-99,-99,-99,-99,-99,-99,-99,-99,-99,-99,-99,-99,3,-99,-99,-99,-99,-99,-99,-99,-99,-99,-99,-99,-99,-99,-99,-99,-99,-99,-99,-99,-99,-99,6,-99,-99
E12000009,South West,E06000052,Cornwall,E06000052,Cornwall,E02003950,St Just & Land's End,-99,-99,-99,-99,-99,-99,-99,-99,-99,-99,-99,-99,-99,-99,-99,-99,-99,-99,-99,-99,-99,-99,-99,-99,-99,-99,-99,-99,-99,-99,-99,-99,-99,-99,-99,-99,-99
E12000009,South West,E06000052,Cornwall,E06000052,Cornwall,E02003951,Penzance South & Newlyn,-99,-99,-99,-99,-99,-99,-99,-99,-99,-99,-99,-99,-99,-99,-99,-99,-99,-99,-99,-99,-99,-99,-99,-99,-99,-99,-99,-99,-99,-99,-99,-99,-99,-99,-99,-99,-99
E12000009,South West,E06000052,Cornwall,E06000052,Cornwall,E02003952,St Columb Minor & Porth,-99,-99,-99,-99,-99,-99,-99,-99,-99,-99,-99,3,-99,-99,-99,-99,-99,-99,-99,-99,-99,-99,-99,-99,-99,-99,-99,-99,-99,-99,-99,-99,-99,-99,3,-99,-99
E12000009,South West,E06000052,Cornwall,E06000052,Cornwall,E02003953,St Columb Major & St Mawgan,-99,-99,-99,-99,-99,-99,-99,-99,-99,-99,-99,-99,-99,-99,-99,-99,-99,-99,-99,-99,-99,-99,-99,-99,-99,-99,-99,-99,-99,-99,-99,-99,-99,-99,-99,-99,-99
E12000009,South West,E06000052,Cornwall,E06000052,Cornwall,E02003954,Newquay West,-99,-99,-99,-99,-99,-99,-99,-99,-99,-99,-99,-99,-99,-99,-99,-99,-99,-99,-99,-99,-99,-99,-99,-99,-99,-99,-99,-99,-99,-99,-99,-99,-99,-99,3,-99,-99
E12000009,South West,E06000052,Cornwall,E06000052,Cornwall,E02003955,Newquay East,-99,-99,-99,-99,-99,-99,-99,-99,-99,3,-99,4,-99,-99,-99,-99,-99,-99,-99,-99,-99,-99,-99,-99,-99,-99,-99,-99,-99,-99,-99,-99,-99,-99,4,-99,-99
E12000009,South West,E06000052,Cornwall,E06000052,Cornwall,E02003956,Roche & Goss Moor,-99,-99,-99,-99,-99,-99,-99,-99,-99,-99,-99,-99,-99,-99,-99,-99,-99,-99,-99,-99,-99,-99,-99,-99,-99,-99,-99,-99,-99,-99,-99,-99,-99,-99,12,-99,-99
E12000009,South West,E06000052,Cornwall,E06000052,Cornwall,E02003957,Lostwithiel & Penwithick,-99,-99,-99,-99,-99,-99,-99,-99,-99,3,-99,-99,-99,-99,-99,-99,-99,-99,-99,-99,-99,-99,-99,-99,-99,-99,-99,-99,-99,-99,-99,-99,-99,-99,-99,3,3
E12000009,South West,E06000052,Cornwall,E06000052,Cornwall,E02003958,"Trewoon, Coombe & Foxhole",-99,-99,-99,-99,-99,-99,-99,-99,-99,-99,-99,-99,-99,-99,-99,-99,-99,-99,-99,-99,-99,-99,-99,-99,-99,-99,-99,-99,-99,-99,-99,-99,-99,-99,-99,-99,-99
E12000009,South West,E06000052,Cornwall,E06000052,Cornwall,E02003959,Par,-99,-99,-99,-99,-99,-99,-99,-99,-99,-99,-99,-99,-99,-99,-99,-99,-99,-99,-99,-99,-99,-99,-99,-99,-99,-99,-99,-99,-99,-99,-99,-99,-99,-99,-99,-99,-99
E12000009,South West,E06000052,Cornwall,E06000052,Cornwall,E02003960,Tywardreath & Fowey,-99,-99,-99,-99,-99,-99,-99,-99,-99,3,-99,-99,3,-99,-99,-99,-99,-99,-99,-99,-99,-99,-99,-99,-99,-99,-99,-99,-99,-99,-99,-99,-99,-99,-99,-99,-99
E12000009,South West,E06000052,Cornwall,E06000052,Cornwall,E02003961,St Austell East & Carlyon Bay,-99,-99,-99,-99,-99,-99,-99,-99,-99,-99,3,-99,-99,-99,-99,-99,-99,-99,-99,-99,-99,-99,-99,-99,-99,-99,-99,-99,-99,-99,-99,-99,-99,-99,-99,-99,-99
E12000009,South West,E06000052,Cornwall,E06000052,Cornwall,E02003962,St Austell North & Carclaze,-99,-99,-99,-99,-99,-99,-99,-99,-99,-99,-99,-99,-99,-99,-99,-99,-99,-99,-99,-99,-99,3,-99,-99,-99,-99,-99,-99,-99,-99,-99,-99,-99,-99,-99,-99,-99
E12000009,South West,E06000052,Cornwall,E06000052,Cornwall,E02003963,St Austell Central,-99,-99,-99,-99,-99,-99,-99,-99,3,4,-99,3,-99,3,-99,-99,-99,-99,-99,-99,-99,-99,-99,-99,-99,-99,-99,-99,-99,-99,-99,-99,-99,-99,-99,-99,-99
E12000009,South West,E06000052,Cornwall,E06000052,Cornwall,E02003964,Mevagissey & Polgooth,-99,-99,-99,-99,-99,-99,-99,-99,-99,-99,-99,3,-99,-99,-99,-99,-99,-99,-99,-99,-99,-99,-99,-99,-99,-99,-99,-99,-99,-99,-99,-99,-99,-99,-99,-99,-99
E12000002,North West,E10000006,Cumbria,E07000026,Allerdale,E02003965,Wigton & Silloth,-99,-99,-99,-99,-99,-99,-99,-99,-99,7,7,-99,7,5,3,7,8,-99,-99,-99,-99,-99,-99,-99,-99,-99,3,3,5,-99,-99,-99,6,-99,8,5,5
E12000002,North West,E10000006,Cumbria,E07000026,Allerdale,E02003966,"Boltons, Warnell & Solway Coast",-99,-99,-99,-99,-99,-99,-99,-99,-99,5,7,-99,-99,-99,-99,-99,-99,-99,-99,-99,-99,-99,-99,-99,-99,-99,-99,-99,4,-99,-99,-99,-99,6,3,-99,-99
E12000002,North West,E10000006,Cumbria,E07000026,Allerdale,E02003967,Aspatria & Abbeytown,-99,-99,-99,-99,-99,-99,-99,-99,-99,-99,5,-99,-99,3,3,-99,-99,5,-99,-99,-99,-99,-99,-99,-99,3,-99,-99,3,-99,-99,-99,-99,-99,-99,4,4
E12000002,North West,E10000006,Cumbria,E07000026,Allerdale,E02003968,"Maryport, Dearham & Crosby",-99,-99,-99,-99,-99,-99,-99,-99,-99,-99,7,-99,5,8,6,3,-99,-99,-99,-99,-99,-99,-99,-99,-99,-99,-99,-99,-99,-99,-99,-99,-99,3,4,4,4
E12000002,North West,E10000006,Cumbria,E07000026,Allerdale,E02003969,"Flimby, Ellenborough & Broughton Moor",-99,-99,-99,-99,-99,-99,-99,-99,-99,-99,-99,-99,10,-99,5,-99,-99,-99,-99,-99,-99,-99,-99,-99,-99,-99,-99,-99,-99,-99,-99,-99,-99,-99,-99,-99,-99
E12000002,North West,E10000006,Cumbria,E07000026,Allerdale,E02003970,West Cockermouth & Great Broughton,-99,-99,-99,-99,-99,-99,-99,-99,-99,3,3,3,-99,5,-99,-99,-99,-99,-99,-99,-99,-99,-99,-99,-99,-99,-99,-99,-99,-99,-99,-99,-99,3,15,8,8
E12000002,North West,E10000006,Cumbria,E07000026,Allerdale,E02003971,East Cockermouth & Buttermere,-99,-99,-99,-99,-99,-99,-99,4,3,-99,-99,-99,5,-99,-99,-99,-99,-99,-99,-99,-99,-99,-99,-99,-99,-99,-99,-99,-99,-99,-99,4,-99,-99,-99,4,4
E12000002,North West,E10000006,Cumbria,E07000026,Allerdale,E02003972,Workington North & Seaton,-99,-99,-99,-99,-99,-99,-99,-99,3,5,-99,5,7,3,-99,-99,-99,-99,-99,-99,-99,-99,-99,-99,-99,-99,-99,-99,-99,-99,3,-99,-99,-99,3,4,4
E12000002,North West,E10000006,Cumbria,E07000026,Allerdale,E02003973,Workington West,-99,-99,-99,-99,-99,-99,-99,-99,-99,-99,-99,-99,5,-99,-99,-99,-99,-99,-99,-99,-99,-99,-99,-99,-99,-99,-99,-99,-99,-99,-99,-99,-99,-99,3,7,7
E12000002,North West,E10000006,Cumbria,E07000026,Allerdale,E02003974,Workington East,-99,-99,-99,-99,-99,-99,-99,-99,-99,4,6,-99,12,3,-99,4,-99,-99,-99,-99,-99,-99,-99,-99,-99,-99,-99,-99,-99,-99,-99,-99,-99,5,-99,5,5
E12000002,North West,E10000006,Cumbria,E07000026,Allerdale,E02003975,"Harrington, Stainburn & Great Clifton",-99,-99,-99,-99,-99,-99,-99,-99,3,4,5,-99,3,3,3,-99,-99,-99,-99,-99,-99,-99,-99,-99,-99,-99,-99,-99,-99,-99,-99,-99,-99,-99,-99,7,7
E12000002,North West,E10000006,Cumbria,E07000026,Allerdale,E02003976,Keswick & Derwent Valley,-99,-99,-99,-99,-99,-99,-99,-99,-99,3,-99,3,-99,12,-99,-99,-99,-99,-99,-99,-99,-99,-99,-99,-99,-99,-99,-99,-99,-99,-99,3,-99,-99,-99,13,13
E12000002,North West,E10000006,Cumbria,E07000027,Barrow-in-Furness,E02003977,Askam & Dalton North,-99,-99,-99,-99,-99,-99,-99,-99,8,15,11,7,4,-99,-99,-99,-99,-99,-99,-99,-99,-99,-99,-99,-99,-99,-99,-99,-99,-99,-99,-99,6,5,9,7,7
E12000002,North West,E10000006,Cumbria,E07000027,Barrow-in-Furness,E02003978,Dalton South,-99,-99,-99,-99,-99,-99,-99,-99,-99,15,9,4,4,3,11,-99,-99,-99,-99,-99,-99,-99,-99,-99,-99,-99,-99,-99,-99,-99,-99,4,-99,3,6,10,10
E12000002,North West,E10000006,Cumbria,E07000027,Barrow-in-Furness,E02003979,Hawcoat & Furness Abbey,-99,-99,-99,-99,-99,-99,-99,9,11,23,18,9,6,5,-99,-99,-99,-99,3,-99,3,-99,-99,-99,-99,-99,-99,-99,-99,-99,-99,-99,-99,-99,8,12,12
E12000002,North West,E10000006,Cumbria,E07000027,Barrow-in-Furness,E02003980,Orsmgill & Hindpool,-99,-99,-99,-99,-99,-99,-99,-99,12,14,11,8,6,3,4,-99,-99,-99,-99,-99,-99,-99,-99,-99,-99,-99,-99,-99,-99,-99,-99,-99,5,3,3,18,18
E12000002,North West,E10000006,Cumbria,E07000027,Barrow-in-Furness,E02003981,Parkside,-99,-99,-99,-99,-99,-99,-99,3,13,16,12,3,8,4,-99,-99,-99,-99,-99,-99,-99,-99,-99,-99,-99,-99,-99,-99,-99,-99,-99,-99,4,7,8,19,19
E12000002,North West,E10000006,Cumbria,E07000027,Barrow-in-Furness,E02003982,Roose,-99,-99,-99,-99,-99,-99,-99,6,7,15,11,7,3,-99,-99,-99,-99,-99,-99,-99,-99,-99,-99,-99,-99,-99,-99,-99,-99,-99,-99,4,3,3,8,6,6
E12000002,North West,E10000006,Cumbria,E07000027,Barrow-in-Furness,E02003983,Abbotsmead & Salthouse,-99,-99,-99,-99,-99,-99,-99,3,9,14,18,5,5,4,-99,-99,-99,-99,-99,-99,-99,-99,-99,-99,-99,-99,-99,-99,-99,-99,-99,5,6,9,8,14,14
E12000002,North West,E10000006,Cumbria,E07000027,Barrow-in-Furness,E02003984,Barrow Central,-99,-99,-99,-99,-99,-99,-99,-99,10,9,12,7,3,-99,-99,-99,-99,-99,-99,-99,-99,-99,-99,-99,-99,-99,-99,-99,-99,-99,-99,-99,3,-99,5,21,21
E12000002,North West,E10000006,Cumbria,E07000027,Barrow-in-Furness,E02003985,Walney Island North,-99,-99,-99,-99,-99,-99,-99,-99,10,13,14,6,-99,4,-99,-99,-99,-99,-99,-99,-99,-99,-99,-99,-99,-99,-99,-99,-99,-99,-99,-99,4,3,8,15,15
E12000002,North West,E10000006,Cumbria,E07000027,Barrow-in-Furness,E02003986,Walney Island South & Barrow Island,-99,-99,-99,-99,-99,-99,-99,-99,11,17,15,4,4,3,-99,-99,-99,-99,-99,-99,-99,-99,-99,-99,-99,-99,-99,-99,-99,-99,-99,-99,4,4,9,8,8
E12000002,North West,E10000006,Cumbria,E07000028,Carlisle,E02003987,Longtown & Border,-99,-99,-99,-99,-99,-99,-99,-99,-99,4,7,4,5,4,6,-99,-99,-99,-99,-99,-99,-99,-99,6,-99,-99,-99,-99,-99,3,-99,-99,-99,-99,-99,-99,-99
E12000002,North West,E10000006,Cumbria,E07000028,Carlisle,E02003988,Brampton & Irthing,-99,-99,-99,-99,-99,-99,3,-99,4,3,4,-99,-99,3,-99,3,5,-99,-99,-99,-99,-99,-99,-99,-99,-99,-99,6,-99,5,-99,-99,-99,-99,3,-99,-99
E12000002,North West,E10000006,Cumbria,E07000028,Carlisle,E02003989,Carlisle Belah,-99,-99,-99,-99,-99,-99,-99,-99,3,3,5,7,-99,7,-99,-99,-99,-99,-99,-99,-99,-99,-99,-99,3,-99,-99,3,-99,-99,-99,-99,-99,-99,3,-99,-99
E12000002,North West,E10000006,Cumbria,E07000028,Carlisle,E02003990,"Kingmoor, Houghton & Whiteclosegate",-99,-99,-99,-99,-99,-99,-99,-99,6,6,9,3,7,5,-99,-99,3,-99,-99,-99,-99,-99,-99,-99,-99,-99,-99,-99,-99,-99,-99,-99,-99,-99,7,7,7
E12000002,North West,E10000006,Cumbria,E07000028,Carlisle,E02003991,Belle Vue & Burgh,-99,-99,-99,-99,-99,-99,-99,-99,8,7,6,5,10,5,13,-99,-99,-99,-99,-99,-99,-99,3,-99,5,-99,-99,-99,-99,-99,-99,-99,-99,3,5,12,12
E12000002,North West,E10000006,Cumbria,E07000028,Carlisle,E02003992,Central Carlisle,-99,-99,-99,-99,-99,-99,-99,-99,3,-99,5,3,4,4,3,-99,-99,-99,-99,-99,-99,-99,3,-99,-99,-99,-99,-99,-99,-99,-99,-99,-99,4,5,7,7
E12000002,North West,E10000006,Cumbria,E07000028,Carlisle,E02003993,"Wetheral, Corby & Geltsdale",-99,-99,-99,-99,-99,-99,-99,-99,7,6,10,-99,5,-99,-99,-99,-99,-99,-99,-99,-99,-99,-99,-99,-99,-99,-99,-99,-99,-99,-99,3,-99,-99,10,4,4
E12000002,North West,E10000006,Cumbria,E07000028,Carlisle,E02003994,Longsowerby & Caldewgate,-99,-99,-99,-99,-99,-99,-99,-99,4,4,13,8,11,-99,4,-99,-99,3,-99,-99,-99,-99,-99,-99,3,-99,-99,3,-99,-99,-99,-99,-99,-99,-99,-99,-99
E12000002,North West,E10000006,Cumbria,E07000028,Carlisle,E02003995,Raffles & Morton,-99,-99,-99,-99,-99,-99,-99,-99,4,5,10,3,5,8,3,-99,-99,-99,-99,-99,-99,-99,3,-99,6,3,3,-99,3,4,-99,-99,-99,-99,3,4,4
E12000002,North West,E10000006,Cumbria,E07000028,Carlisle,E02003996,Denton Holme & Harraby Green,-99,-99,-99,-99,-99,-99,-99,-99,6,11,9,-99,5,6,26,4,3,-99,-99,-99,-99,-99,-99,-99,-99,-99,6,-99,-99,-99,-99,-99,-99,-99,-99,4,4
E12000002,North West,E10000006,Cumbria,E07000028,Carlisle,E02003997,Botcherby & Harraby,-99,-99,-99,-99,-99,-99,-99,-99,3,-99,9,3,14,56,7,4,5,-99,-99,-99,-99,3,-99,3,-99,-99,-99,6,-99,-99,-99,-99,-99,-99,6,4,4
E12000002,North West,E10000006,Cumbria,E07000028,Carlisle,E02003998,Currock & Upperby,-99,-99,-99,-99,-99,-99,-99,-99,-99,3,3,-99,3,12,-99,-99,-99,-99,-99,-99,-99,-99,-99,-99,-99,-99,-99,-99,-99,-99,-99,-99,-99,-99,-99,-99,-99
E12000002,North West,E10000006,Cumbria,E07000028,Carlisle,E02003999,Garlands & Dalston,-99,-99,-99,-99,-99,-99,-99,-99,5,9,11,9,-99,9,-99,-99,-99,-99,-99,-99,-99,-99,-99,-99,7,3,-99,5,-99,-99,-99,4,-99,3,6,4,4
E12000002,North West,E10000006,Cumbria,E07000029,Copeland,E02004000,Parton & Distington,-99,-99,-99,-99,-99,-99,-99,-99,-99,-99,-99,-99,10,-99,-99,-99,-99,-99,-99,-99,-99,-99,-99,-99,-99,-99,-99,-99,-99,-99,-99,-99,-99,4,3,-99,-99
E12000002,North West,E10000006,Cumbria,E07000029,Copeland,E02004001,Whitehaven Harbour & Corkickle,-99,-99,-99,-99,-99,-99,-99,-99,5,4,-99,-99,4,3,-99,4,-99,6,9,-99,-99,-99,-99,-99,-99,-99,-99,-99,-99,-99,-99,-99,-99,-99,-99,5,5
E12000002,North West,E10000006,Cumbria,E07000029,Copeland,E02004002,"Hensingham, Hillcrest & Aikbank",-99,-99,-99,-99,-99,-99,-99,3,6,8,7,4,9,16,-99,-99,3,-99,-99,-99,-99,-99,-99,-99,-99,-99,-99,-99,-99,-99,-99,-99,-99,-99,-99,5,5
E12000002,North West,E10000006,Cumbria,E07000029,Copeland,E02004003,"Cleator Moor, Frizington & Ennerdale",-99,-99,-99,-99,-99,-99,-99,-99,3,9,9,36,7,3,3,-99,-99,-99,-99,-99,-99,-99,-99,-99,-99,4,-99,-99,-99,-99,-99,-99,-99,4,3,-99,-99
E12000002,North West,E10000006,Cumbria,E07000029,Copeland,E02004004,"Mirehouse, Kells & Woodhouse",-99,-99,-99,-99,-99,-99,-99,3,7,3,8,3,5,8,-99,6,12,-99,-99,-99,-99,-99,-99,-99,-99,-99,-99,-99,-99,-99,-99,-99,-99,-99,6,-99,-99
E12000002,North West,E10000006,Cumbria,E07000029,Copeland,E02004005,Egremont & Moor Row,-99,-99,-99,-99,-99,-99,-99,-99,-99,-99,3,-99,6,-99,-99,-99,-99,-99,-99,-99,-99,-99,-99,-99,-99,-99,-99,3,-99,-99,-99,-99,-99,-99,8,6,6
E12000002,North West,E10000006,Cumbria,E07000029,Copeland,E02004006,"Thornhill, Gosforth & Seascale",-99,-99,-99,-99,-99,-99,-99,-99,-99,-99,4,-99,-99,-99,-99,-99,-99,-99,-99,-99,-99,-99,-99,-99,-99,-99,-99,3,-99,-99,-99,-99,-99,-99,-99,5,5
E12000002,North West,E10000006,Cumbria,E07000029,Copeland,E02004007,Millom & Duddon Valley,-99,-99,-99,-99,-99,-99,-99,-99,7,13,9,5,3,3,-99,-99,4,-99,-99,-99,-99,-99,-99,-99,-99,-99,-99,-99,-99,-99,-99,-99,5,-99,-99,8,8
E12000002,North West,E10000006,Cumbria,E07000030,Eden,E02004008,"Langwathby, Kirkoswald & Alston Moor",-99,-99,-99,-99,-99,-99,-99,-99,-99,3,3,-99,-99,-99,-99,-99,-99,-99,-99,-99,-99,-99,-99,-99,-99,-99,-99,-99,3,-99,-99,-99,-99,-99,3,-99,-99
E12000002,North West,E10000006,Cumbria,E07000030,Eden,E02004009,"Hesket, Lazonby & Skelton",-99,-99,-99,-99,-99,-99,-99,-99,-99,-99,-99,3,5,-99,-99,3,-99,-99,-99,-99,-99,-99,-99,-99,-99,-99,-99,5,-99,-99,-99,-99,-99,-99,-99,5,5
E12000002,North West,E10000006,Cumbria,E07000030,Eden,E02004010,Penrith Central & West,-99,-99,-99,-99,-99,-99,-99,-99,-99,3,3,3,-99,-99,3,-99,-99,-99,-99,-99,-99,-99,-99,-99,4,6,6,-99,-99,-99,-99,-99,-99,3,-99,3,3
E12000002,North West,E10000006,Cumbria,E07000030,Eden,E02004011,Penrith Outer,-99,-99,-99,-99,-99,-99,-99,-99,3,4,3,-99,-99,-99,3,-99,6,-99,-99,-99,-99,-99,-99,-99,9,8,-99,-99,-99,-99,-99,-99,-99,-99,-99,4,4
E12000002,North West,E10000006,Cumbria,E07000030,Eden,E02004012,"Askham, Ullswater & Greystoke",-99,-99,-99,-99,-99,-99,-99,-99,3,5,-99,3,-99,-99,-99,-99,-99,-99,-99,-99,-99,-99,-99,-99,-99,-99,-99,-99,-99,-99,-99,-99,-99,-99,-99,-99,-99
E12000002,North West,E10000006,Cumbria,E07000030,Eden,E02004013,"Appleby, Shap & Kirkby Thore",-99,-99,-99,-99,-99,-99,-99,-99,-99,4,-99,-99,-99,3,-99,4,-99,-99,-99,-99,-99,-99,-99,-99,-99,-99,-99,-99,-99,-99,-99,-99,-99,3,3,-99,-99
E12000002,North West,E10000006,Cumbria,E07000030,Eden,E02004014,"Kirkby Stephen, Tebay & Brough",-99,-99,-99,-99,-99,-99,-99,-99,-99,-99,-99,-99,-99,12,-99,-99,3,-99,-99,-99,3,-99,-99,-99,-99,-99,-99,-99,-99,-99,-99,-99,-99,-99,-99,-99,-99
E12000002,North West,E10000006,Cumbria,E07000031,South Lakeland,E02004015,"Windermere North, Ambleside & Langdales",-99,-99,-99,-99,-99,-99,-99,-99,-99,3,3,-99,-99,-99,-99,-99,-99,-99,-99,-99,-99,-99,-99,-99,-99,-99,-99,-99,-99,-99,-99,-99,-99,-99,-99,9,9
E12000002,North West,E10000006,Cumbria,E07000031,South Lakeland,E02004016,Windermere South & Staveley,-99,-99,-99,-99,-99,-99,-99,-99,6,3,-99,4,-99,-99,-99,-99,-99,-99,-99,-99,-99,-99,-99,-99,-99,-99,-99,-99,-99,-99,-99,-99,-99,-99,6,-99,-99
E12000002,North West,E10000006,Cumbria,E07000031,South Lakeland,E02004017,Kendal North & Burneside,-99,-99,-99,-99,-99,-99,-99,3,7,3,5,4,-99,3,-99,-99,3,-99,-99,-99,-99,-99,-99,-99,-99,-99,3,-99,-99,-99,-99,-99,-99,-99,5,10,10
E12000002,North West,E10000006,Cumbria,E07000031,South Lakeland,E02004018,Kendal Town & Greenside,-99,-99,-99,-99,-99,-99,-99,7,9,7,7,-99,3,3,-99,-99,-99,-99,-99,-99,-99,-99,-99,-99,-99,4,-99,-99,-99,-99,-99,-99,3,-99,3,8,8
E12000002,North West,E10000006,Cumbria,E07000031,South Lakeland,E02004019,Kendal East & Whinfell,-99,-99,-99,-99,-99,3,-99,4,5,10,10,6,17,3,7,-99,3,-99,3,-99,-99,-99,-99,-99,-99,-99,-99,-99,3,-99,-99,-99,-99,-99,-99,7,7
E12000002,North West,E10000006,Cumbria,E07000031,South Lakeland,E02004020,Kendal South,-99,-99,-99,-99,-99,-99,-99,9,5,11,9,6,3,12,-99,-99,-99,-99,-99,-99,-99,-99,-99,-99,-99,-99,-99,-99,-99,-99,-99,-99,-99,-99,8,15,15
E12000002,North West,E10000006,Cumbria,E07000031,South Lakeland,E02004021,Hawkshead & Cartmel Fell,-99,-99,-99,-99,-99,-99,4,-99,5,3,3,3,-99,5,-99,-99,-99,-99,-99,-99,-99,-99,-99,-99,-99,-99,-99,-99,-99,-99,-99,-99,-99,-99,-99,6,6
E12000002,North West,E10000006,Cumbria,E07000031,South Lakeland,E02004022,"Coniston, Broughton & Kirkby",-99,-99,-99,-99,-99,-99,-99,-99,6,6,3,-99,-99,-99,-99,-99,-99,-99,-99,-99,-99,-99,-99,-99,-99,-99,-99,-99,-99,-99,-99,-99,-99,-99,-99,7,7
E12000002,North West,E10000006,Cumbria,E07000031,South Lakeland,E02004023,Sedbergh & Kirkby Lonsdale,-99,-99,-99,-99,-99,-99,-99,-99,8,7,-99,5,-99,-99,-99,-99,3,-99,-99,-99,-99,-99,-99,-99,-99,-99,-99,-99,-99,-99,-99,-99,-99,4,-99,10,10
E12000002,North West,E10000006,Cumbria,E07000031,South Lakeland,E02004024,"Burton-in-Kendal, Levens & Natland",-99,-99,-99,-99,-99,-99,-99,3,4,4,5,-99,-99,3,-99,-99,-99,-99,-99,-99,-99,-99,-99,-99,-99,-99,-99,-99,-99,-99,-99,-99,-99,-99,3,9,9
E12000002,North West,E10000006,Cumbria,E07000031,South Lakeland,E02004025,"Arnside, Milnthorpe & Holme",-99,-99,-99,-99,-99,-99,-99,3,6,12,11,5,-99,-99,-99,-99,-99,-99,-99,-99,-99,3,-99,-99,-99,-99,4,-99,-99,-99,-99,6,3,-99,6,10,10
E12000002,North West,E10000006,Cumbria,E07000031,South Lakeland,E02004026,Ulverston,-99,-99,-99,-99,-99,-99,-99,3,7,20,6,5,3,11,3,3,-99,-99,-99,-99,-99,-99,-99,-99,-99,-99,-99,-99,-99,-99,-99,3,-99,-99,-99,7,7
E12000002,North West,E10000006,Cumbria,E07000031,South Lakeland,E02004027,Grange-over-Sands & Cartmel Peninsula,-99,-99,-99,-99,-99,-99,3,12,7,7,10,3,16,21,4,-99,-99,-99,3,-99,-99,-99,-99,-99,-99,-99,-99,-99,-99,-99,-99,-99,-99,-99,9,7,7
E12000002,North West,E10000006,Cumbria,E07000031,South Lakeland,E02004028,Swarthmoor & Low Furness,-99,-99,-99,-99,-99,-99,-99,3,8,8,8,4,-99,5,-99,3,-99,-99,-99,-99,-99,-99,-99,-99,-99,-99,-99,-99,-99,-99,-99,5,-99,-99,3,12,12
E12000004,East Midlands,E10000007,Derbyshire,E07000032,Amber Valley,E02004029,Alfreton,-99,-99,-99,-99,-99,-99,-99,-99,-99,-99,-99,-99,-99,3,-99,-99,-99,-99,-99,-99,-99,-99,-99,-99,-99,-99,-99,-99,-99,-99,-99,-99,3,3,-99,5,5
E12000004,East Midlands,E10000007,Derbyshire,E07000032,Amber Valley,E02004030,"Crich, Holloway & Wingfield",-99,-99,-99,-99,-99,-99,-99,-99,-99,-99,7,-99,-99,-99,6,-99,-99,-99,-99,-99,-99,-99,-99,-99,-99,-99,-99,-99,-99,-99,-99,-99,-99,-99,-99,5,5
E12000004,East Midlands,E10000007,Derbyshire,E07000032,Amber Valley,E02004031,Somercotes & Pye Bridge,-99,-99,-99,-99,-99,-99,-99,-99,-99,3,-99,-99,4,-99,-99,3,3,-99,-99,-99,-99,-99,-99,-99,-99,-99,-99,-99,-99,-99,-99,-99,3,-99,3,-99,-99
E12000004,East Midlands,E10000007,Derbyshire,E07000032,Amber Valley,E02004032,Swanwick & Leabrooks,-99,-99,-99,-99,-99,-99,-99,-99,-99,6,-99,-99,-99,-99,-99,-99,-99,5,14,-99,-99,-99,-99,-99,-99,-99,-99,-99,-99,-99,-99,-99,-99,-99,6,6,6
E12000004,East Midlands,E10000007,Derbyshire,E07000032,Amber Valley,E02004033,"Ripley East, Riddings & Ironville",-99,-99,-99,-99,-99,-99,-99,-99,-99,-99,-99,-99,-99,4,13,-99,6,-99,-99,-99,-99,-99,-99,-99,-99,-99,-99,-99,-99,-99,-99,-99,-99,-99,-99,12,12
E12000004,East Midlands,E10000007,Derbyshire,E07000032,Amber Valley,E02004034,Ripley West,-99,-99,-99,-99,-99,-99,-99,-99,-99,3,-99,-99,-99,3,4,-99,-99,-99,-99,-99,-99,-99,-99,-99,-99,-99,-99,-99,-99,-99,-99,-99,-99,-99,4,-99,-99
E12000004,East Midlands,E10000007,Derbyshire,E07000032,Amber Valley,E02004035,"Ambergate, Heage & Idridgehay",-99,-99,-99,-99,-99,-99,-99,-99,-99,-99,-99,-99,3,-99,-99,4,-99,-99,-99,-99,-99,-99,-99,-99,-99,-99,-99,-99,-99,-99,-99,-99,-99,-99,-99,5,5
E12000004,East Midlands,E10000007,Derbyshire,E07000032,Amber Valley,E02004036,Ripley South & Loscoe,-99,-99,-99,-99,-99,-99,-99,-99,4,3,-99,-99,3,-99,-99,3,3,5,-99,-99,-99,-99,-99,-99,-99,-99,-99,-99,-99,-99,-99,-99,-99,4,5,6,6
E12000004,East Midlands,E10000007,Derbyshire,E07000032,Amber Valley,E02004037,Belper Far Laund,-99,-99,-99,-99,-99,-99,-99,-99,3,-99,-99,-99,3,-99,-99,3,-99,4,-99,-99,-99,-99,-99,-99,-99,-99,-99,-99,-99,-99,-99,-99,4,-99,3,13,13
E12000004,East Midlands,E10000007,Derbyshire,E07000032,Amber Valley,E02004038,Belper Town,-99,-99,-99,-99,-99,-99,-99,-99,-99,-99,-99,5,14,3,10,-99,-99,-99,-99,-99,-99,-99,-99,-99,-99,-99,-99,-99,-99,-99,-99,-99,-99,-99,4,7,7
E12000004,East Midlands,E10000007,Derbyshire,E07000032,Amber Valley,E02004039,Openwoodgate & Holbrook,-99,-99,-99,-99,-99,-99,-99,-99,-99,-99,3,-99,3,4,5,-99,-99,-99,-99,-99,-99,-99,-99,-99,-99,-99,-99,-99,-99,-99,-99,-99,-99,-99,-99,3,3
E12000004,East Midlands,E10000007,Derbyshire,E07000032,Amber Valley,E02004040,Heanor Gate & Aldercar,-99,-99,-99,-99,-99,-99,-99,-99,3,-99,-99,-99,5,5,9,-99,3,-99,-99,-99,-99,-99,-99,-99,-99,-99,-99,-99,-99,-99,-99,-99,-99,8,4,12,12
E12000004,East Midlands,E10000007,Derbyshire,E07000032,Amber Valley,E02004041,Heanor East & Langley Mill,-99,-99,-99,-99,-99,-99,-99,-99,-99,-99,-99,-99,-99,-99,6,3,3,3,-99,-99,-99,-99,-99,-99,-99,-99,-99,-99,-99,-99,-99,4,4,10,19,3,3
E12000004,East Midlands,E10000007,Derbyshire,E07000032,Amber Valley,E02004043,Kilburn & Horsley,-99,-99,-99,-99,-99,-99,-99,-99,-99,-99,-99,-99,6,-99,-99,-99,-99,-99,-99,-99,-99,-99,-99,-99,-99,-99,-99,-99,-99,-99,-99,-99,-99,5,3,4,4
E12000004,East Midlands,E10000007,Derbyshire,E07000032,Amber Valley,E02004044,"Duffield, Quarndon & Kirk Langley",-99,-99,-99,-99,-99,-99,-99,4,-99,-99,-99,-99,-99,-99,-99,-99,3,-99,-99,-99,-99,-99,-99,-99,-99,-99,-99,-99,-99,-99,-99,-99,3,-99,7,7,7
E12000004,East Midlands,E10000007,Derbyshire,E07000033,Bolsover,E02004045,Clowne & Barlborough,-99,-99,-99,-99,-99,-99,-99,-99,3,3,5,4,11,5,4,-99,-99,-99,-99,-99,-99,-99,-99,-99,-99,4,-99,-99,-99,-99,-99,-99,-99,3,8,8,8
E12000004,East Midlands,E10000007,Derbyshire,E07000033,Bolsover,E02004046,Whitwell & Elmton,-99,-99,-99,-99,-99,-99,-99,-99,-99,5,4,-99,6,-99,4,-99,-99,-99,-99,-99,-99,-99,3,-99,-99,-99,-99,-99,-99,-99,-99,-99,-99,5,4,9,9
E12000004,East Midlands,E10000007,Derbyshire,E07000033,Bolsover,E02004047,Creswell & Hodthorpe,-99,-99,-99,-99,-99,-99,-99,-99,-99,4,-99,11,14,6,-99,-99,3,5,-99,-99,-99,-99,-99,-99,-99,-99,-99,-99,-99,-99,-99,-99,-99,-99,3,-99,-99
E12000004,East Midlands,E10000007,Derbyshire,E07000033,Bolsover,E02004048,Bolsover North & Shuttlewood,-99,-99,-99,-99,-99,-99,-99,-99,-99,-99,-99,-99,5,-99,-99,3,-99,-99,-99,-99,-99,-99,-99,-99,-99,-99,-99,-99,-99,-99,-99,-99,-99,3,4,-99,-99
E12000004,East Midlands,E10000007,Derbyshire,E07000033,Bolsover,E02004049,Bolsover South & Glapwell,-99,-99,-99,-99,-99,-99,-99,-99,5,-99,4,4,5,3,6,-99,-99,-99,-99,-99,-99,-99,-99,-99,-99,-99,-99,-99,-99,-99,-99,-99,4,-99,-99,4,4
E12000004,East Midlands,E10000007,Derbyshire,E07000033,Bolsover,E02004050,Shirebrook North,-99,-99,-99,-99,-99,-99,-99,-99,-99,-99,-99,-99,4,3,10,13,8,7,4,-99,-99,-99,-99,-99,-99,-99,-99,-99,-99,-99,-99,-99,6,4,4,12,12
E12000004,East Midlands,E10000007,Derbyshire,E07000033,Bolsover,E02004051,"Langwith, Shirebrook South & Pleasley",-99,-99,-99,-99,-99,-99,-99,-99,-99,3,-99,5,-99,5,3,9,4,-99,-99,-99,4,-99,-99,-99,-99,-99,-99,-99,-99,-99,-99,-99,6,3,-99,5,5
E12000004,East Midlands,E10000007,Derbyshire,E07000033,Bolsover,E02004052,"Tibshelf, Newton & Hardwick Park",-99,-99,-99,-99,-99,-99,-99,-99,-99,4,-99,-99,-99,-99,-99,3,-99,-99,-99,-99,-99,-99,-99,-99,-99,-99,-99,-99,-99,-99,-99,3,4,8,13,6,6
E12000004,East Midlands,E10000007,Derbyshire,E07000033,Bolsover,E02004053,South Normanton West,-99,-99,-99,-99,-99,-99,-99,-99,-99,3,-99,-99,-99,-99,-99,-99,-99,-99,3,-99,-99,-99,-99,-99,-99,-99,-99,-99,-99,-99,3,-99,3,-99,4,7,7
E12000004,East Midlands,E10000007,Derbyshire,E07000033,Bolsover,E02004054,South Normanton Broadmeadows & Pinxton,-99,-99,-99,-99,-99,-99,-99,-99,-99,-99,-99,-99,3,4,-99,-99,4,-99,-99,-99,-99,-99,-99,-99,-99,-99,-99,-99,-99,-99,4,4,-99,-99,-99,-99,-99
E12000004,East Midlands,E10000007,Derbyshire,E07000034,Chesterfield,E02004055,Old Whittington,-99,-99,-99,-99,-99,-99,-99,-99,-99,-99,3,-99,4,-99,6,18,7,-99,-99,-99,-99,-99,-99,-99,-99,-99,-99,-99,-99,-99,-99,3,-99,-99,-99,6,6
E12000004,East Midlands,E10000007,Derbyshire,E07000034,Chesterfield,E02004056,Staveley & Norbriggs,-99,-99,-99,-99,-99,-99,-99,-99,-99,5,-99,-99,6,7,-99,5,5,-99,-99,-99,-99,-99,-99,-99,-99,-99,-99,-99,-99,-99,-99,-99,-99,3,5,11,11
E12000004,East Midlands,E10000007,Derbyshire,E07000034,Chesterfield,E02004057,"New Whittington, Hollingwood & Barrow Hill",-99,-99,-99,-99,-99,-99,-99,-99,-99,-99,-99,-99,-99,5,6,3,-99,-99,-99,-99,-99,-99,-99,-99,-99,-99,-99,-99,-99,-99,-99,-99,-99,-99,3,4,4
E12000004,East Midlands,E10000007,Derbyshire,E07000034,Chesterfield,E02004058,Dunston,-99,-99,-99,-99,-99,-99,-99,3,-99,4,4,-99,4,6,5,-99,4,5,-99,-99,-99,-99,-99,-99,-99,-99,-99,-99,-99,-99,-99,-99,3,-99,-99,3,3
E12000004,East Midlands,E10000007,Derbyshire,E07000034,Chesterfield,E02004059,Brimington South & Tapton,-99,-99,-99,-99,-99,-99,-99,-99,-99,5,9,4,3,-99,3,9,4,8,-99,-99,-99,-99,-99,-99,-99,-99,-99,-99,-99,-99,-99,-99,3,-99,-99,-99,-99
E12000004,East Midlands,E10000007,Derbyshire,E07000034,Chesterfield,E02004060,Inkersall Green & Duckmanton,-99,-99,-99,-99,-99,-99,-99,-99,-99,-99,3,4,8,-99,3,3,-99,3,-99,-99,-99,-99,-99,-99,-99,-99,-99,-99,-99,-99,-99,-99,-99,4,6,4,4
E12000004,East Midlands,E10000007,Derbyshire,E07000034,Chesterfield,E02004061,Newbold,-99,-99,-99,-99,-99,-99,-99,4,-99,-99,-99,-99,5,4,-99,9,3,-99,6,-99,-99,-99,-99,-99,-99,-99,-99,-99,-99,-99,-99,-99,-99,-99,-99,3,3
E12000004,East Midlands,E10000007,Derbyshire,E07000034,Chesterfield,E02004062,Loundsley Green & Holme Hall,-99,-99,-99,-99,-99,-99,-99,-99,-99,-99,6,-99,3,3,3,4,-99,-99,-99,3,-99,-99,-99,-99,-99,-99,-99,-99,-99,-99,-99,-99,-99,-99,3,8,8
E12000004,East Midlands,E10000007,Derbyshire,E07000034,Chesterfield,E02004063,Ashgate & Brockwell,-99,-99,-99,-99,-99,-99,-99,-99,-99,3,-99,-99,6,-99,-99,-99,-99,-99,-99,-99,-99,-99,-99,-99,-99,-99,-99,-99,-99,-99,-99,-99,-99,-99,-99,8,8
E12000004,East Midlands,E10000007,Derbyshire,E07000034,Chesterfield,E02004064,Central Chesterfield & Stonegravels,-99,-99,-99,-99,-99,-99,-99,-99,-99,-99,-99,-99,-99,4,3,3,16,-99,-99,-99,-99,-99,-99,-99,-99,-99,-99,-99,-99,-99,-99,-99,4,3,-99,4,4
E12000004,East Midlands,E10000007,Derbyshire,E07000034,Chesterfield,E02004065,Brookside & Walton,-99,-99,-99,-99,-99,-99,-99,-99,-99,6,-99,-99,-99,3,3,-99,-99,-99,-99,-99,-99,-99,-99,-99,-99,-99,-99,-99,-99,-99,-99,3,-99,-99,4,12,12
E12000004,East Midlands,E10000007,Derbyshire,E07000034,Chesterfield,E02004066,Spital & Hasland,-99,-99,-99,-99,-99,-99,-99,4,-99,3,7,-99,12,12,11,11,5,4,4,-99,-99,-99,-99,-99,-99,-99,-99,-99,-99,-99,-99,4,5,-99,4,15,15
E12000004,East Midlands,E10000007,Derbyshire,E07000034,Chesterfield,E02004067,Boythorpe & Birdholme,-99,-99,-99,-99,-99,-99,-99,-99,-99,-99,-99,-99,4,3,4,4,-99,3,-99,-99,-99,-99,-99,-99,-99,-99,3,-99,-99,-99,-99,-99,-99,-99,-99,-99,-99
E12000004,East Midlands,E10000007,Derbyshire,E07000035,Derbyshire Dales,E02004068,"Hathersage, Bradwell & Tideswell",-99,-99,-99,-99,-99,-99,-99,-99,3,3,-99,5,-99,5,-99,-99,-99,-99,-99,-99,-99,-99,-99,-99,-99,-99,-99,-99,-99,-99,6,-99,-99,-99,-99,3,3
E12000004,East Midlands,E10000007,Derbyshire,E07000035,Derbyshire Dales,E02004069,"Bakewell North, Baslow & Calver",-99,-99,-99,-99,-99,-99,-99,-99,-99,-99,-99,-99,-99,-99,-99,-99,-99,-99,-99,-99,-99,-99,-99,-99,-99,-99,-99,-99,-99,-99,-99,-99,-99,-99,-99,5,5
E12000004,East Midlands,E10000007,Derbyshire,E07000035,Derbyshire Dales,E02004070,"Bakewell South, Youlgreave and Taddington",-99,-99,-99,-99,-99,-99,-99,-99,-99,3,3,3,6,7,7,-99,-99,-99,-99,-99,-99,-99,-99,-99,-99,-99,-99,-99,-99,-99,-99,-99,3,-99,-99,4,4
E12000004,East Midlands,E10000007,Derbyshire,E07000035,Derbyshire Dales,E02004071,Darley Dale & Stanton,-99,-99,-99,-99,-99,-99,-99,-99,-99,-99,-99,-99,-99,3,-99,-99,3,-99,-99,-99,-99,-99,-99,-99,-99,-99,-99,-99,-99,-99,-99,-99,-99,-99,-99,4,4
E12000004,East Midlands,E10000007,Derbyshire,E07000035,Derbyshire Dales,E02004072,Matlock North,-99,-99,-99,-99,-99,-99,-99,-99,6,-99,-99,3,10,5,6,-99,3,-99,-99,-99,-99,-99,-99,-99,-99,-99,-99,-99,-99,-99,-99,-99,-99,4,-99,5,5
E12000004,East Midlands,E10000007,Derbyshire,E07000035,Derbyshire Dales,E02004073,"Matlock South, Cromford & Winster",-99,-99,-99,-99,-99,-99,-99,-99,-99,-99,-99,-99,4,-99,-99,-99,5,11,-99,-99,-99,-99,-99,-99,-99,-99,-99,-99,-99,-99,-99,-99,-99,-99,-99,6,6
E12000004,East Midlands,E10000007,Derbyshire,E07000035,Derbyshire Dales,E02004074,Wirksworth,-99,-99,-99,-99,-99,-99,-99,-99,-99,-99,-99,-99,3,-99,-99,-99,-99,-99,-99,-99,-99,-99,-99,-99,-99,-99,-99,-99,-99,-99,-99,-99,-99,-99,-99,-99,-99
E12000004,East Midlands,E10000007,Derbyshire,E07000035,Derbyshire Dales,E02004075,"Ashbourne North, Dovedale & Carsington",-99,-99,-99,-99,-99,-99,-99,-99,-99,3,3,-99,4,-99,-99,-99,-99,-99,-99,-99,-99,-99,-99,-99,-99,-99,-99,-99,-99,-99,-99,-99,-99,4,3,4,4
E12000004,East Midlands,E10000007,Derbyshire,E07000035,Derbyshire Dales,E02004076,Ashbourne South,-99,-99,-99,-99,-99,-99,-99,-99,4,-99,-99,8,15,4,-99,-99,-99,-99,-99,-99,-99,-99,-99,-99,-99,-99,-99,-99,-99,-99,-99,-99,-99,3,4,3,3
E12000004,East Midlands,E10000007,Derbyshire,E07000035,Derbyshire Dales,E02004077,"Doveridge, Brailsford & Bradley",-99,-99,-99,-99,-99,-99,-99,-99,4,3,-99,-99,-99,3,-99,-99,-99,-99,-99,-99,-99,3,-99,-99,-99,-99,-99,-99,-99,-99,-99,-99,-99,-99,-99,5,5
E12000004,East Midlands,E10000007,Derbyshire,E07000036,Erewash,E02004078,Cotmanhay,-99,-99,-99,-99,-99,-99,-99,-99,-99,3,-99,-99,3,13,3,3,-99,-99,-99,-99,-99,3,-99,-99,-99,-99,-99,-99,-99,-99,-99,4,-99,-99,3,5,5
E12000004,East Midlands,E10000007,Derbyshire,E07000036,Erewash,E02004080,Ilkeston Town,-99,-99,-99,-99,-99,-99,-99,-99,-99,-99,-99,-99,15,5,-99,3,7,5,3,-99,6,5,-99,-99,-99,-99,-99,-99,-99,-99,-99,-99,6,-99,7,11,11
E12000004,East Midlands,E10000007,Derbyshire,E07000036,Erewash,E02004081,"Breadsall, Little Eaton & Stanley Common",-99,-99,-99,-99,-99,-99,-99,-99,3,-99,-99,3,-99,-99,-99,-99,-99,-99,-99,-99,-99,-99,-99,-99,-99,-99,-99,-99,-99,-99,-99,-99,-99,-99,-99,6,6
E12000004,East Midlands,E10000007,Derbyshire,E07000036,Erewash,E02004082,West Hallam,-99,-99,-99,-99,-99,-99,-99,-99,-99,-99,-99,7,6,-99,4,-99,-99,-99,-99,-99,-99,-99,-99,-99,-99,-99,-99,-99,-99,-99,-99,-99,-99,4,-99,5,5
E12000004,East Midlands,E10000007,Derbyshire,E07000036,Erewash,E02004083,Hallam Fields & Greenwood Ave,-99,-99,-99,-99,-99,-99,-99,-99,-99,-99,-99,-99,-99,5,-99,4,-99,-99,-99,-99,-99,-99,-99,-99,-99,-99,-99,-99,-99,-99,-99,-99,-99,5,6,10,10
E12000004,East Midlands,E10000007,Derbyshire,E07000036,Erewash,E02004084,Kirk Hallam,-99,-99,-99,-99,-99,-99,-99,-99,-99,-99,-99,-99,4,3,-99,-99,4,-99,-99,-99,-99,-99,-99,-99,-99,-99,-99,-99,-99,-99,-99,-99,-99,9,7,5,5
E12000004,East Midlands,E10000007,Derbyshire,E07000036,Erewash,E02004085,Sandiacre & Stanton,-99,-99,-99,-99,-99,-99,-99,3,4,-99,4,-99,-99,-99,-99,-99,-99,3,-99,-99,-99,-99,-99,-99,-99,-99,-99,-99,-99,-99,-99,-99,-99,-99,-99,9,9
E12000004,East Midlands,E10000007,Derbyshire,E07000036,Erewash,E02004086,Borrowash & Ockbrook,-99,-99,-99,-99,-99,-99,-99,-99,3,-99,-99,-99,4,-99,-99,-99,-99,-99,-99,3,-99,-99,-99,-99,-99,-99,-99,-99,-99,-99,-99,-99,-99,-99,-99,5,5
E12000004,East Midlands,E10000007,Derbyshire,E07000036,Erewash,E02004087,Long Eaton North,-99,-99,-99,-99,-99,-99,-99,-99,-99,3,-99,-99,-99,-99,4,-99,-99,-99,3,-99,-99,-99,-99,-99,-99,-99,-99,-99,-99,-99,-99,-99,-99,-99,-99,6,6
E12000004,East Midlands,E10000007,Derbyshire,E07000036,Erewash,E02004088,Long Eaton West,-99,-99,-99,-99,-99,-99,-99,3,9,3,-99,-99,-99,-99,4,8,6,-99,-99,-99,-99,-99,-99,-99,-99,-99,-99,-99,-99,-99,-99,-99,-99,-99,-99,4,4
E12000004,East Midlands,E10000007,Derbyshire,E07000036,Erewash,E02004089,Long Eaton Town,-99,-99,-99,-99,-99,-99,-99,-99,-99,4,-99,3,-99,-99,-99,-99,-99,-99,-99,-99,-99,-99,-99,-99,-99,-99,-99,-99,-99,-99,-99,-99,-99,-99,5,6,6
E12000004,East Midlands,E10000007,Derbyshire,E07000036,Erewash,E02004090,Breaston & Draycott,-99,-99,-99,-99,-99,-99,-99,-99,4,-99,-99,-99,-99,-99,-99,-99,-99,-99,-99,-99,-99,-99,-99,-99,-99,-99,-99,-99,-99,-99,-99,-99,-99,-99,5,14,14
E12000004,East Midlands,E10000007,Derbyshire,E07000036,Erewash,E02004091,Long Eaton South,-99,-99,-99,-99,-99,-99,-99,-99,-99,3,-99,-99,-99,-99,-99,-99,3,-99,-99,-99,-99,-99,-99,-99,-99,-99,-99,-99,-99,3,-99,-99,-99,5,3,3,3
E12000004,East Midlands,E10000007,Derbyshire,E07000036,Erewash,E02004092,Sawley,-99,-99,-99,-99,-99,-99,-99,-99,-99,-99,-99,-99,-99,4,-99,-99,-99,-99,-99,-99,-99,-99,-99,-99,-99,-99,-99,-99,-99,-99,-99,3,-99,3,-99,11,11
E12000004,East Midlands,E10000007,Derbyshire,E07000037,High Peak,E02004093,Hadfield East & Tintwistle,-99,-99,-99,-99,-99,-99,-99,-99,-99,-99,6,5,5,7,3,4,6,3,3,-99,-99,-99,-99,-99,-99,-99,-99,-99,-99,-99,3,4,7,5,8,16,16
E12000004,East Midlands,E10000007,Derbyshire,E07000037,High Peak,E02004094,Hadfield West & Gamesley,-99,-99,-99,-99,-99,-99,-99,-99,-99,-99,3,5,6,-99,4,5,5,-99,4,-99,-99,-99,-99,-99,-99,-99,5,-99,-99,-99,-99,3,-99,6,16,21,21
E12000004,East Midlands,E10000007,Derbyshire,E07000037,High Peak,E02004095,Glossop,-99,-99,-99,-99,-99,-99,-99,-99,-99,-99,5,5,4,4,3,14,4,-99,9,4,-99,-99,-99,-99,-99,3,5,3,-99,-99,3,3,5,3,4,20,20
E12000004,East Midlands,E10000007,Derbyshire,E07000037,High Peak,E02004096,"Dinting, Simmondley & Charlesworth",-99,-99,-99,-99,-99,-99,-99,-99,-99,3,-99,4,3,5,-99,-99,-99,3,-99,4,-99,-99,-99,-99,-99,-99,-99,-99,3,4,5,5,12,10,13,20,20
E12000004,East Midlands,E10000007,Derbyshire,E07000037,High Peak,E02004097,New Mills West & Furness Vale,-99,-99,-99,-99,-99,-99,-99,-99,-99,-99,-99,3,-99,3,4,-99,-99,-99,-99,-99,-99,-99,-99,-99,-99,-99,-99,-99,-99,-99,-99,-99,-99,-99,4,4,4
E12000004,East Midlands,E10000007,Derbyshire,E07000037,High Peak,E02004098,New Mills East & Hayfield,-99,-99,-99,-99,-99,-99,-99,-99,-99,-99,4,4,7,5,-99,3,-99,-99,-99,-99,-99,-99,-99,-99,-99,-99,-99,-99,-99,-99,-99,-99,-99,-99,3,7,7
E12000004,East Midlands,E10000007,Derbyshire,E07000037,High Peak,E02004100,Whaley Bridge & Chinley,-99,-99,-99,-99,-99,-99,-99,-99,-99,3,-99,6,4,-99,-99,-99,3,-99,-99,-99,-99,-99,-99,-99,-99,-99,-99,-99,-99,-99,-99,-99,-99,3,5,7,7
E12000004,East Midlands,E10000007,Derbyshire,E07000037,High Peak,E02004102,Buxton North,-99,-99,-99,-99,-99,-99,-99,-99,9,9,7,7,5,-99,-99,-99,7,3,-99,-99,-99,-99,-99,-99,-99,5,-99,-99,-99,-99,-99,3,10,-99,-99,8,8
E12000004,East Midlands,E10000007,Derbyshire,E07000037,High Peak,E02004103,Buxton South & East,-99,-99,-99,-99,-99,-99,-99,-99,-99,-99,-99,-99,3,5,5,-99,-99,-99,5,-99,-99,-99,-99,-99,-99,3,-99,-99,-99,-99,-99,3,-99,-99,-99,-99,-99
E12000004,East Midlands,E10000007,Derbyshire,E07000037,High Peak,E02004104,Buxton Burbage & Harpur Hill,-99,-99,-99,-99,-99,-99,-99,-99,-99,-99,-99,-99,4,-99,3,-99,-99,-99,-99,-99,-99,-99,-99,-99,-99,-99,-99,-99,-99,-99,-99,-99,-99,-99,3,8,8
E12000004,East Midlands,E10000007,Derbyshire,E07000038,North East Derbyshire,E02004105,Killamarsh,-99,-99,-99,-99,-99,-99,-99,-99,5,7,-99,13,7,5,11,-99,6,-99,-99,7,-99,4,-99,-99,-99,-99,-99,4,-99,-99,-99,-99,-99,-99,7,17,17
E12000004,East Midlands,E10000007,Derbyshire,E07000038,North East Derbyshire,E02004106,Eckington West & Coal Aston,-99,-99,-99,-99,-99,-99,-99,-99,-99,-99,3,3,6,4,-99,-99,-99,-99,-99,-99,-99,-99,-99,-99,-99,-99,-99,-99,-99,-99,-99,3,11,-99,5,7,7
E12000004,East Midlands,E10000007,Derbyshire,E07000038,North East Derbyshire,E02004108,Dronfield Town & Unstone,-99,-99,-99,-99,-99,-99,3,-99,5,7,7,-99,3,3,12,5,19,6,-99,-99,-99,-99,-99,-99,-99,-99,-99,-99,-99,-99,-99,-99,-99,-99,-99,19,19
E12000004,East Midlands,E10000007,Derbyshire,E07000038,North East Derbyshire,E02004109,Dronfield Woodhouse & Holmesfield,-99,-99,-99,-99,-99,-99,-99,-99,-99,-99,-99,5,15,12,8,-99,3,-99,-99,-99,-99,-99,-99,-99,-99,-99,3,-99,-99,-99,-99,-99,-99,3,4,13,13
E12000004,East Midlands,E10000007,Derbyshire,E07000038,North East Derbyshire,E02004110,Dronfield South & Gosforth Lane,-99,-99,-99,-99,-99,-99,-99,-99,-99,3,-99,3,3,-99,-99,3,-99,-99,-99,-99,-99,-99,-99,-99,-99,-99,-99,-99,-99,-99,-99,-99,-99,-99,10,7,7
E12000004,East Midlands,E10000007,Derbyshire,E07000038,North East Derbyshire,E02004111,Arkwright Town & Temple Normanton,-99,-99,-99,-99,-99,-99,-99,-99,-99,3,-99,-99,3,5,-99,3,-99,4,-99,-99,-99,-99,-99,-99,-99,-99,-99,-99,-99,-99,-99,-99,-99,3,-99,3,3
E12000004,East Midlands,E10000007,Derbyshire,E07000038,North East Derbyshire,E02004112,Wingerworth & Holymoorside,-99,-99,-99,-99,-99,-99,-99,-99,3,-99,-99,-99,13,-99,4,4,-99,3,-99,-99,-99,-99,-99,-99,-99,-99,-99,-99,-99,-99,-99,-99,-99,4,-99,6,6
E12000004,East Midlands,E10000007,Derbyshire,E07000038,North East Derbyshire,E02004113,Grassmoor & Holmewood,-99,-99,-99,-99,-99,-99,-99,-99,-99,-99,3,-99,5,15,3,11,-99,-99,-99,-99,-99,-99,-99,-99,-99,-99,-99,3,-99,-99,-99,3,-99,-99,-99,-99,-99
E12000004,East Midlands,E10000007,Derbyshire,E07000038,North East Derbyshire,E02004114,Ashover & New Tupton,-99,-99,-99,-99,-99,-99,-99,-99,3,-99,-99,7,7,4,-99,4,4,-99,-99,-99,-99,-99,-99,-99,-99,-99,-99,-99,-99,-99,-99,-99,-99,3,6,12,12
E12000004,East Midlands,E10000007,Derbyshire,E07000038,North East Derbyshire,E02004115,North Wingfield & Pilsley,-99,-99,-99,-99,-99,-99,-99,-99,-99,-99,3,5,-99,5,5,5,-99,-99,-99,-99,-99,-99,-99,-99,-99,-99,-99,-99,-99,-99,-99,-99,3,-99,3,20,20
E12000004,East Midlands,E10000007,Derbyshire,E07000038,North East Derbyshire,E02004116,Clay Cross,-99,-99,-99,-99,-99,-99,-99,-99,4,-99,4,4,5,3,3,6,6,-99,-99,-99,-99,-99,-99,-99,-99,-99,-99,-99,-99,-99,-99,-99,3,-99,-99,5,5
E12000004,East Midlands,E10000007,Derbyshire,E07000038,North East Derbyshire,E02004117,"Stonebroom, Shirland & Wessington",-99,-99,-99,-99,-99,-99,-99,-99,-99,4,3,5,7,-99,9,3,4,4,-99,-99,-99,-99,-99,-99,-99,-99,-99,-99,-99,-99,-99,-99,4,-99,7,4,4
E12000004,East Midlands,E10000007,Derbyshire,E07000039,South Derbyshire,E02004118,Hatton & Burnaston,-99,-99,-99,-99,-99,-99,-99,-99,-99,5,3,3,5,3,-99,-99,-99,-99,-99,-99,-99,-99,-99,-99,-99,-99,-99,-99,-99,-99,-99,-99,-99,-99,8,4,4
E12000004,East Midlands,E10000007,Derbyshire,E07000039,South Derbyshire,E02004119,Hilton & Etwall,-99,-99,-99,-99,-99,-99,-99,3,3,3,5,-99,3,3,5,-99,3,-99,-99,-99,-99,-99,-99,-99,-99,-99,-99,-99,-99,-99,3,3,-99,8,4,12,12
E12000004,East Midlands,E10000007,Derbyshire,E07000039,South Derbyshire,E02004120,"Willington North, Findern & Stenson Fields",-99,-99,-99,-99,-99,-99,-99,4,-99,5,5,3,-99,3,5,-99,5,6,-99,-99,-99,-99,-99,-99,-99,-99,5,3,-99,-99,-99,-99,-99,3,-99,3,3
E12000004,East Midlands,E10000007,Derbyshire,E07000039,South Derbyshire,E02004121,Aston-on-Trent & Barrow-upon-Trent,-99,-99,-99,-99,-99,-99,-99,-99,-99,-99,4,-99,-99,-99,5,3,-99,-99,-99,-99,-99,-99,-99,-99,-99,-99,-99,-99,-99,-99,-99,-99,-99,3,-99,8,8
E12000004,East Midlands,E10000007,Derbyshire,E07000039,South Derbyshire,E02004122,Willington South & Repton,-99,-99,-99,-99,-99,-99,-99,-99,-99,3,3,-99,3,-99,-99,6,-99,-99,-99,-99,-99,-99,-99,-99,-99,-99,-99,-99,-99,-99,-99,-99,-99,3,5,7,7
E12000004,East Midlands,E10000007,Derbyshire,E07000039,South Derbyshire,E02004123,"Melbourne, Ticknall & Hartshorne",-99,-99,-99,-99,-99,-99,-99,-99,3,-99,3,-99,-99,-99,-99,-99,-99,-99,-99,-99,-99,-99,-99,-99,-99,-99,-99,-99,-99,-99,-99,-99,-99,3,-99,11,11
E12000004,East Midlands,E10000007,Derbyshire,E07000039,South Derbyshire,E02004124,Swadlincote North,-99,-99,-99,-99,-99,-99,-99,-99,4,-99,4,5,-99,-99,5,3,3,-99,-99,-99,-99,-99,-99,-99,-99,-99,-99,-99,-99,-99,3,4,3,-99,4,-99,-99
E12000004,East Midlands,E10000007,Derbyshire,E07000039,South Derbyshire,E02004125,Swadlincote West,-99,-99,-99,-99,-99,-99,-99,-99,-99,3,3,3,6,-99,6,4,4,9,4,-99,-99,-99,-99,-99,-99,-99,-99,-99,-99,-99,-99,-99,5,3,-99,4,4
E12000004,East Midlands,E10000007,Derbyshire,E07000039,South Derbyshire,E02004126,Swadlincote Central,-99,-99,-99,-99,-99,-99,-99,-99,-99,4,-99,4,8,3,-99,-99,3,-99,-99,-99,3,-99,-99,-99,-99,-99,-99,-99,-99,-99,-99,4,-99,-99,5,4,4
E12000004,East Midlands,E10000007,Derbyshire,E07000039,South Derbyshire,E02004128,"Castle Gresley, Overseal & Coton",-99,-99,-99,-99,-99,-99,-99,-99,6,7,12,3,14,-99,6,7,5,-99,-99,-99,-99,-99,-99,-99,-99,-99,-99,-99,-99,-99,-99,3,5,-99,-99,12,12
E12000009,South West,E10000008,Devon,E07000040,East Devon,E02004129,"Dunkesewell, Upottery & Stockland",-99,-99,-99,-99,-99,-99,-99,-99,-99,-99,-99,-99,-99,3,-99,-99,-99,-99,-99,-99,-99,-99,-99,-99,-99,-99,-99,-99,-99,-99,-99,-99,-99,-99,-99,-99,-99
E12000009,South West,E10000008,Devon,E07000040,East Devon,E02004130,Honiton North & East,-99,-99,-99,-99,-99,-99,-99,-99,-99,-99,-99,-99,-99,-99,-99,-99,-99,-99,-99,-99,-99,-99,-99,-99,-99,-99,-99,-99,-99,-99,-99,-99,-99,-99,-99,3,3
E12000009,South West,E10000008,Devon,E07000040,East Devon,E02004131,Honiton South & West,-99,-99,-99,-99,-99,-99,-99,-99,-99,-99,-99,-99,-99,-99,-99,-99,-99,-99,-99,-99,-99,-99,-99,-99,-99,-99,-99,-99,-99,-99,-99,-99,-99,-99,-99,-99,-99
E12000009,South West,E10000008,Devon,E07000040,East Devon,E02004132,Feniton & Whimple,-99,-99,-99,-99,-99,-99,-99,-99,-99,-99,3,-99,-99,-99,-99,-99,-99,-99,-99,-99,-99,-99,-99,-99,-99,-99,-99,-99,-99,-99,-99,-99,-99,-99,-99,4,4
E12000009,South West,E10000008,Devon,E07000040,East Devon,E02004133,Axminster,-99,-99,-99,-99,-99,-99,-99,-99,3,-99,6,4,-99,5,-99,-99,-99,6,-99,-99,-99,-99,-99,-99,-99,-99,-99,-99,-99,-99,-99,-99,-99,-99,-99,-99,-99
E12000009,South West,E10000008,Devon,E07000040,East Devon,E02004134,"Cranbrook, Broadclyst & Stoke Canon",-99,-99,-99,-99,-99,-99,-99,-99,-99,-99,3,-99,-99,-99,4,-99,-99,-99,-99,-99,-99,-99,-99,-99,-99,-99,-99,-99,-99,-99,-99,4,-99,-99,-99,8,8
E12000009,South West,E10000008,Devon,E07000040,East Devon,E02004135,"Kilmington, Colyton & Uplyme",-99,-99,-99,-99,-99,3,-99,-99,-99,-99,-99,-99,3,-99,-99,-99,-99,-99,-99,-99,-99,-99,-99,-99,-99,-99,-99,-99,-99,-99,-99,-99,-99,-99,3,-99,-99
E12000009,South West,E10000008,Devon,E07000040,East Devon,E02004136,Ottery St Mary & West Hill,-99,-99,-99,-99,-99,-99,-99,-99,-99,-99,3,-99,-99,-99,-99,-99,-99,-99,-99,-99,-99,-99,-99,-99,-99,-99,-99,-99,-99,-99,-99,-99,-99,-99,-99,-99,-99
E12000009,South West,E10000008,Devon,E07000040,East Devon,E02004137,"Sidbury, Offwell & Beer",-99,-99,-99,-99,-99,-99,-99,-99,-99,-99,-99,-99,-99,-99,-99,-99,-99,-99,-99,-99,-99,-99,-99,-99,-99,-99,-99,-99,-99,-99,-99,-99,-99,-99,-99,-99,-99
E12000009,South West,E10000008,Devon,E07000040,East Devon,E02004138,Seaton,-99,-99,-99,-99,-99,-99,-99,-99,-99,4,4,3,6,14,-99,-99,-99,-99,-99,-99,-99,-99,-99,-99,-99,-99,-99,-99,4,-99,-99,-99,-99,-99,3,-99,-99
E12000009,South West,E10000008,Devon,E07000040,East Devon,E02004139,Sidmouth Sidford,-99,-99,-99,-99,-99,-99,-99,-99,-99,-99,-99,-99,-99,-99,-99,-99,-99,-99,-99,-99,-99,-99,-99,-99,-99,-99,-99,-99,-99,-99,-99,-99,-99,-99,-99,-99,-99
E12000009,South West,E10000008,Devon,E07000040,East Devon,E02004140,Sidmouth Town,-99,-99,-99,-99,-99,-99,-99,-99,3,7,-99,-99,-99,-99,3,-99,-99,-99,-99,-99,-99,-99,-99,-99,-99,-99,-99,-99,-99,-99,-99,-99,-99,-99,-99,-99,-99
E12000009,South West,E10000008,Devon,E07000040,East Devon,E02004141,"Poppleford, Otterton & Woodbury",-99,-99,-99,-99,-99,-99,-99,-99,-99,-99,-99,-99,-99,-99,-99,-99,-99,-99,-99,-99,-99,-99,-99,-99,-99,-99,-99,-99,-99,-99,-99,-99,-99,-99,-99,4,4
E12000009,South West,E10000008,Devon,E07000040,East Devon,E02004142,"Clyst, Exton & Lympstone",-99,-99,-99,-99,-99,-99,-99,-99,-99,-99,-99,-99,-99,-99,-99,-99,-99,-99,-99,-99,-99,-99,-99,-99,-99,-99,-99,-99,-99,-99,4,4,3,-99,-99,9,9
E12000009,South West,E10000008,Devon,E07000040,East Devon,E02004143,Exmouth Brixington,-99,-99,-99,-99,-99,-99,-99,-99,-99,-99,-99,-99,-99,-99,-99,-99,-99,-99,-99,-99,-99,-99,-99,-99,-99,-99,-99,-99,-99,-99,-99,-99,-99,-99,-99,4,4
E12000009,South West,E10000008,Devon,E07000040,East Devon,E02004144,Exmouth Halsdon,-99,-99,-99,-99,-99,-99,-99,-99,-99,-99,6,-99,-99,-99,-99,-99,-99,-99,-99,-99,-99,-99,-99,-99,-99,-99,-99,-99,-99,-99,-99,-99,-99,-99,-99,-99,-99
E12000009,South West,E10000008,Devon,E07000040,East Devon,E02004145,Budleigh Salterton,-99,-99,-99,-99,-99,-99,-99,-99,-99,-99,-99,-99,-99,-99,-99,-99,-99,-99,-99,-99,-99,-99,-99,-99,-99,-99,-99,-99,-99,-99,-99,-99,-99,-99,-99,-99,-99
E12000009,South West,E10000008,Devon,E07000040,East Devon,E02004146,Exmouth Withycombe Raleigh,-99,-99,-99,-99,-99,-99,-99,-99,-99,-99,-99,-99,-99,-99,-99,-99,-99,-99,-99,-99,-99,-99,-99,-99,-99,-99,-99,-99,-99,-99,-99,-99,-99,-99,-99,-99,-99
E12000009,South West,E10000008,Devon,E07000040,East Devon,E02004147,Exmouth Town,-99,-99,-99,-99,-99,-99,-99,-99,-99,-99,-99,-99,-99,-99,-99,-99,-99,-99,-99,-99,-99,-99,-99,-99,-99,-99,-99,-99,-99,-99,-99,-99,-99,-99,-99,3,3
E12000009,South West,E10000008,Devon,E07000040,East Devon,E02004148,Exmouth Littleham,-99,-99,-99,-99,-99,-99,-99,-99,-99,-99,7,4,-99,3,-99,-99,-99,-99,-99,-99,-99,-99,-99,-99,-99,-99,-99,-99,-99,-99,-99,-99,-99,-99,-99,-99,-99
E12000009,South West,E10000008,Devon,E07000041,Exeter,E02004149,Pennsylvania & University,-99,-99,-99,-99,-99,-99,-99,-99,-99,5,4,-99,-99,3,-99,-99,-99,-99,-99,-99,-99,-99,-99,-99,-99,-99,-99,-99,-99,-99,-99,3,6,20,39,274,274
E12000009,South West,E10000008,Devon,E07000041,Exeter,E02004150,Mincinglake & Beacon Heath,-99,-99,-99,-99,-99,-99,-99,-99,-99,-99,3,-99,-99,-99,-99,-99,-99,-99,-99,-99,-99,-99,-99,-99,-99,-99,-99,-99,-99,-99,-99,-99,-99,-99,-99,8,8
E12000009,South West,E10000008,Devon,E07000041,Exeter,E02004151,Pinhoe & Whipton North,-99,-99,-99,-99,-99,-99,-99,-99,-99,4,3,3,-99,-99,-99,-99,-99,-99,-99,-99,-99,-99,-99,-99,-99,-99,-99,-99,-99,-99,-99,-99,-99,-99,-99,4,4
E12000009,South West,E10000008,Devon,E07000041,Exeter,E02004152,St James's Park & Hoopern,-99,-99,-99,-99,-99,-99,-99,-99,-99,-99,-99,-99,-99,-99,-99,-99,-99,-99,-99,-99,-99,-99,-99,-99,-99,-99,-99,-99,-99,-99,-99,-99,-99,-99,7,38,38
E12000009,South West,E10000008,Devon,E07000041,Exeter,E02004153,Exwick & Foxhayes,-99,-99,-99,-99,-99,-99,-99,-99,-99,-99,-99,-99,-99,4,-99,4,-99,-99,-99,-99,-99,-99,-99,-99,-99,-99,-99,-99,-99,-99,-99,-99,-99,-99,-99,3,3
E12000009,South West,E10000008,Devon,E07000041,Exeter,E02004154,Heavitree West & Polsloe,-99,-99,-99,-99,-99,-99,-99,-99,-99,3,3,-99,-99,3,-99,-99,-99,-99,-99,-99,-99,-99,-99,-99,-99,-99,-99,-99,-99,-99,-99,-99,-99,-99,-99,9,9
E12000009,South West,E10000008,Devon,E07000041,Exeter,E02004155,Heavitree East & Whipton South,-99,-99,-99,-99,-99,-99,-99,-99,-99,3,5,3,-99,-99,-99,-99,-99,-99,-99,-99,-99,-99,-99,-99,-99,-99,-99,-99,-99,-99,-99,-99,-99,-99,-99,-99,-99
E12000009,South West,E10000008,Devon,E07000041,Exeter,E02004156,Central Exeter,-99,-99,-99,-99,-99,-99,-99,-99,-99,-99,3,-99,-99,-99,-99,-99,-99,-99,-99,-99,-99,-99,-99,-99,-99,-99,-99,-99,-99,-99,-99,-99,-99,-99,-99,77,77
E12000009,South West,E10000008,Devon,E07000041,Exeter,E02004157,St Leonard's,-99,-99,-99,-99,-99,-99,-99,-99,-99,-99,-99,-99,-99,-99,-99,-99,-99,-99,-99,-99,-99,-99,-99,-99,-99,-99,-99,-99,-99,-99,-99,-99,-99,-99,5,7,7
E12000009,South West,E10000008,Devon,E07000041,Exeter,E02004158,St Thomas East,-99,-99,-99,-99,-99,-99,-99,-99,-99,-99,3,3,6,-99,-99,3,-99,-99,-99,-99,-99,-99,-99,-99,-99,-99,-99,-99,-99,-99,-99,-99,-99,-99,-99,5,5
E12000009,South West,E10000008,Devon,E07000041,Exeter,E02004159,Middlemoor & Sowton,-99,-99,-99,-99,-99,-99,-99,-99,-99,4,4,3,-99,4,-99,-99,-99,-99,-99,-99,-99,-99,-99,-99,-99,-99,-99,-99,-99,-99,3,-99,-99,-99,6,6,6
E12000009,South West,E10000008,Devon,E07000041,Exeter,E02004160,St Thomas West,-99,-99,-99,-99,-99,-99,-99,-99,3,6,4,3,-99,-99,-99,-99,-99,-99,-99,-99,-99,-99,-99,-99,-99,3,-99,-99,-99,-99,-99,-99,-99,-99,-99,3,3
E12000009,South West,E10000008,Devon,E07000041,Exeter,E02004161,Wonford & St Loye's,-99,-99,-99,-99,-99,-99,-99,-99,-99,-99,3,6,-99,-99,-99,-99,-99,-99,-99,-99,-99,-99,-99,-99,-99,-99,-99,-99,-99,-99,-99,3,-99,-99,3,3,3
E12000009,South West,E10000008,Devon,E07000041,Exeter,E02004162,Alphington & Marsh Barton,-99,-99,-99,-99,-99,-99,-99,-99,-99,-99,-99,-99,5,-99,-99,-99,-99,-99,-99,-99,-99,-99,-99,-99,-99,-99,-99,-99,-99,-99,-99,-99,-99,-99,-99,5,5
E12000009,South West,E10000008,Devon,E07000041,Exeter,E02004163,Countess Wear & Topsham,-99,-99,-99,-99,-99,-99,-99,-99,-99,-99,4,-99,-99,-99,-99,-99,-99,-99,-99,-99,-99,-99,-99,-99,-99,-99,-99,-99,-99,-99,-99,-99,-99,-99,-99,-99,-99
E12000009,South West,E10000008,Devon,E07000042,Mid Devon,E02004164,"Bampton, Holcombe & Westleigh",-99,-99,-99,-99,-99,-99,-99,-99,-99,3,-99,-99,-99,-99,-99,-99,-99,-99,-99,-99,-99,-99,-99,-99,-99,-99,-99,-99,-99,-99,-99,-99,-99,-99,-99,-99,-99
E12000009,South West,E10000008,Devon,E07000042,Mid Devon,E02004165,Tiverton North & Outer,-99,-99,-99,-99,-99,-99,-99,-99,-99,10,3,-99,-99,-99,7,-99,-99,-99,-99,-99,-99,-99,-99,-99,-99,-99,-99,-99,-99,-99,-99,-99,-99,-99,-99,-99,-99
E12000009,South West,E10000008,Devon,E07000042,Mid Devon,E02004166,Uffculme & Hemyock,-99,-99,-99,-99,-99,-99,-99,-99,-99,-99,-99,3,-99,-99,5,-99,-99,3,-99,-99,-99,-99,-99,-99,-99,-99,-99,-99,-99,-99,-99,-99,-99,-99,-99,-99,-99
E12000009,South West,E10000008,Devon,E07000042,Mid Devon,E02004167,Tiverton East,-99,-99,-99,-99,-99,-99,-99,-99,-99,6,3,-99,-99,-99,10,7,-99,-99,-99,-99,-99,-99,-99,-99,-99,-99,-99,-99,-99,-99,-99,-99,-99,-99,-99,-99,-99
E12000009,South West,E10000008,Devon,E07000042,Mid Devon,E02004168,Tiverton West,-99,-99,-99,-99,-99,-99,-99,-99,-99,3,-99,-99,-99,4,3,6,4,-99,-99,-99,-99,-99,-99,-99,-99,-99,-99,-99,-99,-99,-99,-99,-99,-99,-99,-99,-99
E12000009,South West,E10000008,Devon,E07000042,Mid Devon,E02004169,"Willand, Sampford Peverell & Halberton",-99,-99,-99,-99,-99,-99,-99,-99,-99,3,-99,-99,-99,-99,7,5,-99,-99,-99,-99,-99,-99,-99,-99,-99,-99,-99,-99,-99,-99,-99,-99,-99,-99,-99,-99,-99
E12000009,South West,E10000008,Devon,E07000042,Mid Devon,E02004170,Cullompton,-99,-99,-99,-99,-99,-99,-99,-99,-99,-99,-99,3,-99,4,7,10,5,-99,-99,-99,-99,-99,-99,-99,-99,-99,-99,-99,-99,3,-99,-99,-99,-99,-99,-99,-99
E12000009,South West,E10000008,Devon,E07000042,Mid Devon,E02004171,"Bradninch, Silverton & Thorverton",-99,-99,-99,-99,-99,-99,-99,-99,-99,-99,-99,-99,-99,-99,-99,-99,-99,-99,-99,-99,-99,-99,-99,-99,-99,-99,-99,-99,-99,4,-99,-99,-99,-99,-99,5,5
E12000009,South West,E10000008,Devon,E07000042,Mid Devon,E02004172,"Bow, Lapford & Yeoford",-99,-99,-99,-99,-99,-99,-99,-99,-99,-99,-99,-99,-99,-99,-99,-99,-99,-99,-99,-99,-99,-99,-99,-99,-99,-99,-99,-99,-99,-99,-99,-99,-99,-99,-99,-99,-99
E12000009,South West,E10000008,Devon,E07000042,Mid Devon,E02004173,"Morchard Bishop, Copplestone & Newton St Cyres",-99,-99,-99,-99,-99,-99,-99,-99,-99,-99,-99,-99,-99,-99,-99,-99,-99,-99,-99,-99,-99,-99,-99,-99,-99,-99,-99,-99,-99,-99,-99,-99,-99,-99,-99,-99,-99
E12000009,South West,E10000008,Devon,E07000042,Mid Devon,E02004174,Crediton,-99,-99,-99,-99,-99,-99,-99,-99,-99,-99,-99,-99,-99,-99,-99,-99,-99,-99,-99,-99,-99,-99,-99,-99,-99,-99,-99,-99,-99,-99,-99,-99,-99,-99,-99,-99,-99
E12000009,South West,E10000008,Devon,E07000043,North Devon,E02004175,Ilfracombe East,-99,-99,-99,-99,-99,-99,-99,-99,-99,-99,-99,-99,-99,-99,-99,-99,-99,-99,-99,-99,-99,-99,-99,-99,-99,-99,-99,-99,-99,-99,-99,-99,-99,-99,-99,-99,-99
E12000009,South West,E10000008,Devon,E07000043,North Devon,E02004176,Lynton & Combe Martin,-99,-99,-99,-99,-99,-99,-99,-99,-99,-99,-99,-99,-99,-99,-99,-99,-99,-99,-99,-99,-99,-99,-99,-99,-99,-99,-99,-99,-99,-99,-99,-99,-99,-99,-99,-99,-99
E12000009,South West,E10000008,Devon,E07000043,North Devon,E02004177,Ilfracombe West,-99,-99,-99,-99,-99,-99,-99,-99,-99,-99,-99,-99,4,-99,6,-99,-99,-99,-99,-99,-99,-99,-99,-99,-99,-99,-99,-99,-99,-99,-99,-99,-99,-99,-99,-99,-99
E12000009,South West,E10000008,Devon,E07000043,North Devon,E02004178,"Woolacombe, Georgeham & Croyde",-99,-99,-99,-99,-99,-99,-99,-99,-99,-99,-99,-99,-99,-99,-99,-99,-99,-99,-99,-99,-99,-99,-99,-99,-99,-99,-99,-99,-99,-99,-99,-99,-99,-99,-99,5,5
E12000009,South West,E10000008,Devon,E07000043,North Devon,E02004179,Braunton,-99,-99,-99,-99,-99,-99,-99,-99,-99,-99,-99,-99,-99,-99,-99,-99,-99,-99,-99,-99,-99,-99,-99,-99,-99,-99,-99,-99,-99,-99,-99,-99,-99,-99,-99,6,6
E12000009,South West,E10000008,Devon,E07000043,North Devon,E02004180,"Bratton Fleming, Goodleigh & Kings Heanton",-99,-99,-99,-99,-99,-99,-99,-99,-99,5,3,9,-99,-99,-99,-99,-99,-99,-99,-99,-99,-99,-99,-99,-99,-99,-99,-99,-99,-99,-99,-99,-99,-99,-99,-99,-99
E12000009,South West,E10000008,Devon,E07000043,North Devon,E02004181,Barnstaple Pilton,-99,-99,-99,-99,-99,-99,-99,-99,-99,-99,-99,-99,-99,-99,-99,-99,-99,-99,-99,-99,-99,-99,-99,-99,-99,-99,-99,-99,-99,-99,-99,-99,-99,-99,-99,3,3
E12000009,South West,E10000008,Devon,E07000043,North Devon,E02004182,Barnstaple Central,-99,-99,-99,-99,-99,-99,-99,-99,-99,-99,-99,-99,-99,-99,-99,-99,-99,-99,-99,-99,-99,-99,-99,-99,-99,-99,-99,-99,-99,-99,-99,-99,-99,-99,-99,-99,-99
E12000009,South West,E10000008,Devon,E07000043,North Devon,E02004183,Barnstaple Sticklepath,-99,-99,-99,-99,-99,-99,-99,-99,-99,-99,-99,-99,-99,-99,-99,-99,-99,-99,-99,-99,-99,-99,-99,-99,-99,-99,-99,-99,-99,-99,-99,-99,-99,-99,-99,-99,-99
E12000009,South West,E10000008,Devon,E07000043,North Devon,E02004184,Barnstaple South,-99,-99,-99,-99,-99,-99,-99,-99,-99,-99,-99,-99,4,-99,-99,-99,-99,-99,-99,-99,-99,-99,-99,-99,-99,-99,-99,-99,-99,-99,-99,-99,-99,-99,-99,-99,-99
E12000009,South West,E10000008,Devon,E07000043,North Devon,E02004185,Fremington & Instow,-99,-99,-99,-99,-99,-99,-99,-99,-99,-99,-99,-99,-99,-99,-99,-99,-99,-99,-99,-99,-99,-99,-99,-99,-99,-99,-99,-99,-99,-99,-99,-99,-99,-99,-99,-99,-99
E12000009,South West,E10000008,Devon,E07000043,North Devon,E02004186,Roundswell & Landkey,-99,-99,-99,-99,-99,-99,-99,-99,-99,-99,-99,-99,-99,-99,-99,-99,-99,-99,-99,-99,-99,-99,-99,-99,-99,-99,-99,-99,-99,-99,-99,-99,-99,-99,4,-99,-99
E12000009,South West,E10000008,Devon,E07000043,North Devon,E02004187,South Molton,-99,-99,-99,-99,-99,-99,-99,-99,-99,6,-99,3,-99,19,-99,-99,-99,-99,-99,-99,-99,-99,-99,-99,-99,-99,-99,-99,-99,-99,-99,-99,-99,-99,-99,-99,-99
E12000009,South West,E10000008,Devon,E07000043,North Devon,E02004188,"Bishop's Nympton, Witheridge & Chulmleigh",-99,-99,-99,-99,-99,-99,-99,-99,-99,-99,-99,-99,-99,-99,-99,-99,-99,-99,-99,-99,-99,-99,-99,-99,-99,-99,-99,-99,-99,-99,-99,3,-99,-99,-99,-99,-99
E12000009,South West,E10000008,Devon,E07000044,South Hams,E02004189,Woolwell & Lee Mill,-99,-99,-99,-99,-99,-99,-99,-99,-99,3,-99,5,3,-99,-99,-99,-99,-99,-99,-99,-99,-99,-99,-99,-99,-99,-99,-99,-99,-99,-99,-99,-99,-99,-99,-99,-99
E12000009,South West,E10000008,Devon,E07000044,South Hams,E02004190,South Brent & Cornwood,-99,-99,-99,-99,-99,-99,-99,-99,-99,3,-99,-99,-99,-99,-99,-99,-99,-99,-99,-99,-99,-99,-99,-99,-99,-99,-99,-99,-99,-99,-99,-99,-99,-99,-99,-99,-99
E12000009,South West,E10000008,Devon,E07000044,South Hams,E02004191,Totnes Town,-99,-99,-99,-99,-99,-99,-99,-99,-99,-99,-99,-99,4,5,-99,-99,-99,-99,-99,-99,-99,-99,-99,-99,-99,-99,-99,-99,-99,-99,-99,-99,-99,3,4,-99,-99
E12000009,South West,E10000008,Devon,E07000044,South Hams,E02004192,"Marldon, Stoke Gabriel & Kingswear",-99,-99,-99,-99,-99,-99,-99,-99,-99,3,-99,-99,-99,-99,-99,-99,-99,-99,-99,-99,-99,-99,-99,-99,-99,-99,-99,-99,-99,-99,-99,-99,-99,-99,-99,-99,-99
E12000009,South West,E10000008,Devon,E07000044,South Hams,E02004193,Ivybridge,-99,-99,-99,-99,-99,-99,-99,3,4,4,3,-99,-99,-99,-99,-99,-99,-99,-99,-99,-99,-99,-99,-99,-99,-99,-99,-99,-99,-99,3,-99,-99,-99,3,-99,-99
E12000009,South West,E10000008,Devon,E07000044,South Hams,E02004194,Loddiswell & Dartington,-99,-99,-99,-99,-99,-99,-99,-99,-99,-99,-99,-99,-99,-99,-99,-99,-99,-99,-99,-99,-99,-99,-99,-99,-99,-99,-99,-99,-99,-99,3,-99,-99,-99,-99,-99,-99
E12000009,South West,E10000008,Devon,E07000044,South Hams,E02004195,Dartmouth,-99,-99,-99,-99,-99,-99,-99,-99,-99,-99,-99,-99,-99,-99,-99,-99,-99,-99,-99,-99,-99,-99,-99,-99,-99,-99,-99,-99,-99,-99,-99,-99,-99,-99,-99,3,3
E12000009,South West,E10000008,Devon,E07000044,South Hams,E02004196,"Yealmpton, Modbury & Aveton Gifford",-99,-99,-99,-99,-99,-99,-99,-99,-99,4,-99,-99,-99,-99,-99,-99,-99,-99,-99,-99,-99,-99,-99,-99,-99,-99,-99,-99,-99,-99,-99,-99,-99,-99,-99,-99,-99
E12000009,South West,E10000008,Devon,E07000044,South Hams,E02004197,"Wembury, Brixton & Newton Ferrers",-99,-99,-99,-99,-99,-99,-99,-99,-99,-99,-99,3,-99,-99,-99,-99,-99,-99,-99,-99,-99,-99,-99,-99,-99,-99,-99,-99,-99,-99,-99,-99,-99,-99,-99,3,3
E12000009,South West,E10000008,Devon,E07000044,South Hams,E02004198,Kingsbridge,-99,-99,-99,-99,-99,-99,-99,-99,-99,-99,-99,-99,-99,-99,-99,-99,-99,-99,-99,-99,-99,-99,-99,-99,-99,-99,-99,-99,-99,-99,-99,-99,-99,-99,-99,-99,-99
E12000009,South West,E10000008,Devon,E07000044,South Hams,E02004199,"Chillington, Torcross & Stoke Fleming",-99,-99,-99,-99,-99,-99,-99,-99,-99,-99,-99,-99,-99,-99,-99,-99,-99,-99,-99,-99,-99,-99,-99,-99,-99,-99,-99,-99,-99,-99,-99,-99,-99,-99,-99,-99,-99
E12000009,South West,E10000008,Devon,E07000044,South Hams,E02004200,"Salcombe, Malborough & Thurlestone",-99,-99,-99,-99,-99,-99,-99,-99,-99,-99,-99,-99,-99,-99,-99,-99,-99,-99,-99,-99,-99,-99,-99,-99,-99,-99,-99,-99,-99,-99,-99,-99,-99,-99,-99,-99,-99
E12000009,South West,E10000008,Devon,E07000045,Teignbridge,E02004201,"Tedburn, Shillingford & Higher Ashton",-99,-99,-99,-99,-99,-99,-99,-99,-99,-99,-99,3,-99,-99,-99,-99,-99,-99,-99,-99,-99,-99,-99,-99,-99,-99,-99,-99,-99,-99,-99,-99,-99,-99,-99,5,5
E12000009,South West,E10000008,Devon,E07000045,Teignbridge,E02004202,Starcross & Exminster,-99,-99,-99,-99,-99,-99,-99,-99,3,-99,-99,-99,-99,-99,-99,-99,-99,-99,-99,-99,-99,-99,-99,-99,-99,-99,-99,-99,-99,-99,-99,-99,-99,-99,-99,7,7
E12000009,South West,E10000008,Devon,E07000045,Teignbridge,E02004203,"Moretonhampstead, Lustleigh & East Dartmoor",-99,-99,-99,-99,-99,-99,-99,-99,-99,-99,-99,-99,-99,8,7,-99,-99,-99,-99,-99,-99,-99,-99,-99,-99,-99,-99,-99,-99,-99,-99,-99,-99,-99,-99,3,3
E12000009,South West,E10000008,Devon,E07000045,Teignbridge,E02004204,Chudleigh & Bovey Tracey,-99,-99,-99,-99,-99,-99,-99,-99,-99,-99,-99,-99,-99,-99,-99,-99,-99,-99,-99,-99,-99,-99,-99,-99,-99,-99,-99,-99,-99,-99,-99,-99,-99,-99,-99,3,3
E12000009,South West,E10000008,Devon,E07000045,Teignbridge,E02004205,Dawlish North,-99,-99,-99,-99,-99,-99,-99,-99,-99,-99,-99,-99,3,-99,-99,-99,-99,-99,-99,-99,-99,-99,-99,-99,-99,-99,-99,-99,-99,-99,-99,-99,-99,-99,3,-99,-99
E12000009,South West,E10000008,Devon,E07000045,Teignbridge,E02004206,Dawlish South,-99,-99,-99,-99,-99,-99,-99,-99,-99,-99,-99,4,12,-99,-99,-99,-99,-99,-99,-99,-99,-99,-99,-99,-99,-99,-99,-99,-99,-99,-99,-99,-99,-99,-99,-99,-99
E12000009,South West,E10000008,Devon,E07000045,Teignbridge,E02004207,Heathfield & Liverton,-99,-99,-99,-99,-99,-99,-99,-99,-99,-99,-99,-99,-99,-99,-99,-99,-99,-99,-99,-99,-99,-99,-99,-99,-99,-99,-99,-99,-99,-99,-99,-99,-99,-99,-99,-99,-99
E12000009,South West,E10000008,Devon,E07000045,Teignbridge,E02004208,Teignmouth North,-99,-99,-99,-99,-99,-99,-99,-99,-99,-99,-99,-99,-99,-99,-99,-99,-99,-99,-99,-99,-99,-99,-99,-99,-99,-99,-99,-99,-99,4,-99,-99,-99,-99,-99,-99,-99
E12000009,South West,E10000008,Devon,E07000045,Teignbridge,E02004209,Kingsteignton,-99,-99,-99,-99,-99,-99,-99,-99,-99,-99,-99,6,3,-99,-99,-99,-99,-99,-99,-99,-99,-99,-99,-99,-99,-99,-99,-99,-99,-99,-99,-99,-99,-99,-99,4,4
E12000009,South West,E10000008,Devon,E07000045,Teignbridge,E02004210,Teignmouth South,-99,-99,-99,-99,-99,-99,-99,-99,3,-99,-99,-99,-99,-99,-99,-99,-99,-99,-99,-99,-99,-99,-99,-99,-99,-99,-99,-99,-99,-99,-99,-99,-99,-99,-99,6,6
E12000009,South West,E10000008,Devon,E07000045,Teignbridge,E02004211,Bishopsteignton & Shaldon,-99,-99,-99,-99,-99,-99,-99,-99,-99,-99,-99,3,-99,20,-99,-99,-99,-99,-99,-99,-99,-99,-99,-99,-99,-99,-99,-99,-99,-99,-99,-99,-99,-99,-99,4,4
E12000009,South West,E10000008,Devon,E07000045,Teignbridge,E02004212,"Newton Abbot, Highweek",-99,-99,-99,-99,-99,-99,-99,-99,-99,-99,-99,-99,-99,-99,-99,-99,-99,-99,-99,-99,-99,-99,-99,-99,-99,-99,-99,-99,-99,-99,-99,-99,-99,-99,-99,3,3
E12000009,South West,E10000008,Devon,E07000045,Teignbridge,E02004213,"Ogwell, Mile End & Teigngrace",-99,-99,-99,-99,-99,-99,-99,-99,-99,-99,-99,6,7,-99,3,-99,-99,-99,-99,-99,-99,-99,-99,-99,-99,-99,-99,-99,-99,-99,-99,-99,-99,-99,-99,-99,-99
E12000009,South West,E10000008,Devon,E07000045,Teignbridge,E02004214,"Newton Abbot, Town Centre",-99,-99,-99,-99,-99,-99,-99,-99,-99,-99,-99,-99,4,-99,-99,-99,-99,-99,-99,-99,-99,-99,-99,-99,-99,-99,-99,-99,-99,-99,-99,-99,-99,-99,-99,-99,-99
E12000009,South West,E10000008,Devon,E07000045,Teignbridge,E02004215,"Newton Abbot, Broadlands & Wolborough",-99,-99,-99,-99,-99,-99,-99,-99,-99,-99,-99,-99,3,-99,-99,-99,-99,-99,-99,-99,-99,-99,-99,-99,-99,-99,-99,-99,-99,-99,-99,-99,-99,-99,-99,-99,-99
E12000009,South West,E10000008,Devon,E07000045,Teignbridge,E02004216,"Newton Abbot, Milber & Buckland",-99,-99,-99,-99,-99,-99,-99,-99,-99,-99,-99,-99,-99,-99,-99,-99,-99,-99,-99,-99,-99,-99,-99,-99,-99,-99,-99,-99,-99,-99,-99,-99,-99,-99,-99,-99,-99
E12000009,South West,E10000008,Devon,E07000045,Teignbridge,E02004217,Ashburton & Buckfastleigh,-99,-99,-99,-99,-99,-99,-99,-99,-99,-99,-99,-99,-99,-99,-99,-99,-99,-99,-99,-99,-99,-99,-99,-99,-99,-99,-99,-99,-99,-99,-99,-99,-99,-99,-99,4,4
E12000009,South West,E10000008,Devon,E07000045,Teignbridge,E02004218,Kingskerswell,-99,-99,-99,-99,-99,-99,-99,-99,3,-99,5,-99,-99,-99,-99,-99,-99,-99,-99,-99,-99,-99,-99,-99,-99,-99,-99,-99,-99,-99,-99,-99,-99,-99,-99,6,6
E12000009,South West,E10000008,Devon,E07000045,Teignbridge,E02004219,Ipplepen & Broadhempston,-99,-99,-99,-99,-99,-99,-99,-99,3,-99,-99,-99,-99,-99,-99,-99,-99,-99,-99,-99,-99,-99,-99,-99,-99,-99,-99,-99,-99,-99,-99,-99,-99,-99,-99,-99,-99
E12000009,South West,E10000008,Devon,E07000046,Torridge,E02004220,Appledore & Northam North,-99,-99,-99,-99,-99,-99,-99,-99,-99,-99,-99,-99,-99,-99,-99,-99,-99,-99,-99,-99,-99,-99,-99,-99,-99,-99,-99,-99,-99,-99,-99,3,-99,-99,-99,-99,-99
E12000009,South West,E10000008,Devon,E07000046,Torridge,E02004221,Westward Ho! & Northam South,-99,-99,-99,-99,-99,-99,-99,-99,-99,-99,-99,-99,-99,-99,-99,-99,-99,-99,-99,-99,-99,-99,-99,-99,-99,-99,-99,-99,-99,-99,-99,-99,-99,-99,-99,-99,-99
E12000009,South West,E10000008,Devon,E07000046,Torridge,E02004222,Bideford North,-99,-99,-99,-99,-99,-99,-99,-99,-99,-99,-99,-99,-99,-99,-99,-99,-99,-99,-99,-99,-99,-99,-99,-99,-99,-99,-99,-99,-99,-99,-99,-99,-99,-99,-99,-99,-99
E12000009,South West,E10000008,Devon,E07000046,Torridge,E02004223,Bideford South & East,-99,-99,-99,-99,-99,-99,-99,-99,-99,-99,-99,-99,-99,-99,-99,-99,-99,-99,-99,-99,-99,-99,-99,-99,-99,-99,-99,-99,-99,-99,-99,-99,-99,-99,-99,4,4
E12000009,South West,E10000008,Devon,E07000046,Torridge,E02004224,Hartland Coast,-99,-99,-99,-99,-99,-99,-99,-99,-99,-99,-99,-99,-99,-99,-99,-99,-99,-99,-99,-99,-99,-99,-99,-99,-99,-99,-99,-99,-99,-99,-99,-99,-99,-99,-99,-99,-99
E12000009,South West,E10000008,Devon,E07000046,Torridge,E02004225,Great Torrington,-99,-99,-99,-99,-99,-99,-99,-99,-99,-99,-99,-99,-99,-99,-99,-99,-99,-99,-99,-99,-99,-99,-99,-99,-99,-99,-99,-99,-99,-99,-99,-99,-99,-99,-99,-99,-99
E12000009,South West,E10000008,Devon,E07000046,Torridge,E02004226,Winkleigh & High Bickington,-99,-99,-99,-99,-99,-99,-99,-99,-99,-99,-99,-99,-99,3,-99,-99,-99,-99,-99,-99,-99,-99,-99,-99,-99,-99,-99,-99,-99,-99,-99,-99,-99,-99,-99,-99,-99
E12000009,South West,E10000008,Devon,E07000046,Torridge,E02004227,"Holsworthy, Bradworthy & Welcombe",-99,-99,-99,-99,-99,-99,-99,-99,-99,-99,-99,17,4,-99,3,-99,-99,-99,-99,-99,-99,-99,-99,3,-99,-99,-99,-99,-99,-99,-99,-99,-99,-99,-99,3,3
E12000009,South West,E10000008,Devon,E07000046,Torridge,E02004228,"Shebbear, Cookworthy & Broadheath",-99,-99,-99,-99,-99,-99,-99,-99,-99,-99,-99,-99,-99,-99,-99,-99,-99,-99,-99,-99,-99,-99,-99,-99,-99,-99,-99,-99,-99,-99,-99,-99,-99,-99,-99,-99,-99
E12000009,South West,E10000008,Devon,E07000047,West Devon,E02004229,"Hatherleigh, Exbourne & North Tawton",-99,-99,-99,-99,-99,-99,-99,-99,-99,-99,-99,-99,-99,-99,-99,-99,-99,-99,-99,-99,-99,-99,-99,-99,-99,-99,-99,-99,-99,-99,-99,-99,-99,-99,-99,-99,-99
E12000009,South West,E10000008,Devon,E07000047,West Devon,E02004230,Okehampton,-99,-99,-99,-99,-99,-99,-99,-99,-99,-99,-99,-99,4,-99,-99,-99,-99,-99,-99,-99,-99,-99,-99,-99,-99,-99,-99,-99,-99,-99,-99,-99,-99,-99,-99,3,3
E12000009,South West,E10000008,Devon,E07000047,West Devon,E02004231,"Chagford, Princetown & Dartmoor",-99,-99,-99,-99,-99,-99,-99,-99,-99,-99,-99,-99,-99,-99,-99,-99,-99,-99,-99,-99,-99,-99,-99,-99,-99,-99,-99,-99,-99,-99,-99,-99,-99,-99,-99,-99,-99
E12000009,South West,E10000008,Devon,E07000047,West Devon,E02004232,"Lifton, Lamerton & Bridestowe",-99,-99,-99,-99,-99,-99,-99,-99,3,-99,-99,-99,-99,-99,-99,-99,-99,-99,-99,-99,-99,-99,-99,-99,-99,-99,-99,-99,-99,-99,-99,-99,-99,-99,-99,-99,-99
E12000009,South West,E10000008,Devon,E07000047,West Devon,E02004233,Tavistock,-99,-99,-99,-99,-99,-99,-99,-99,-99,5,-99,4,4,3,-99,-99,-99,-99,-99,-99,-99,-99,-99,-99,-99,-99,-99,-99,-99,-99,-99,-99,-99,-99,-99,5,5
E12000009,South West,E10000008,Devon,E07000047,West Devon,E02004234,Horrabridge & Mary Tavy,-99,-99,-99,-99,-99,-99,-99,-99,-99,3,-99,8,4,-99,-99,-99,-99,-99,-99,-99,-99,-99,-99,-99,-99,-99,-99,-99,-99,-99,-99,-99,-99,-99,-99,-99,-99
E12000009,South West,E10000008,Devon,E07000047,West Devon,E02004235,"Bere Alston, Buckland Monachorum & Yelverton",-99,-99,-99,-99,-99,-99,-99,-99,-99,-99,-99,-99,-99,-99,-99,-99,-99,-99,-99,-99,-99,-99,-99,-99,-99,-99,-99,-99,-99,-99,-99,-99,-99,-99,-99,6,6
E12000009,South West,E06000058,"Bournemouth, Christchurch and Poole",E06000058,"Bournemouth, Christchurch and Poole",E02004236,Burton & Airport,-99,-99,-99,-99,-99,-99,-99,-99,-99,-99,3,-99,-99,-99,-99,-99,-99,-99,-99,-99,-99,-99,-99,-99,-99,-99,-99,-99,-99,-99,-99,-99,-99,-99,-99,-99,-99
E12000009,South West,E06000058,"Bournemouth, Christchurch and Poole",E06000058,"Bournemouth, Christchurch and Poole",E02004237,Jumpers Common & Fairmile,-99,-99,-99,-99,-99,-99,-99,-99,-99,-99,4,4,3,4,-99,7,-99,-99,-99,-99,-99,-99,-99,-99,-99,-99,-99,-99,-99,-99,-99,-99,-99,3,-99,5,5
E12000009,South West,E06000058,"Bournemouth, Christchurch and Poole",E06000058,"Bournemouth, Christchurch and Poole",E02004238,Highcliffe & Walkford,-99,-99,-99,-99,-99,-99,-99,-99,-99,-99,3,3,-99,-99,-99,-99,-99,-99,-99,-99,-99,-99,-99,-99,-99,-99,-99,-99,-99,-99,-99,-99,-99,-99,4,-99,-99
E12000009,South West,E06000058,"Bournemouth, Christchurch and Poole",E06000058,"Bournemouth, Christchurch and Poole",E02004239,West Highcliffe,-99,-99,-99,-99,-99,-99,-99,-99,-99,-99,3,-99,-99,-99,-99,-99,-99,-99,-99,-99,-99,-99,-99,-99,-99,-99,-99,-99,-99,-99,-99,-99,-99,-99,-99,6,6
E12000009,South West,E06000058,"Bournemouth, Christchurch and Poole",E06000058,"Bournemouth, Christchurch and Poole",E02004240,Somerford,-99,-99,-99,-99,-99,-99,-99,-99,-99,-99,-99,-99,-99,7,-99,3,-99,-99,-99,-99,-99,-99,-99,-99,-99,-99,-99,-99,-99,-99,-99,-99,-99,4,-99,5,5
E12000009,South West,E06000058,"Bournemouth, Christchurch and Poole",E06000058,"Bournemouth, Christchurch and Poole",E02004241,Christchurch Town,-99,-99,-99,-99,-99,-99,-99,-99,-99,-99,5,-99,-99,5,-99,-99,-99,-99,-99,-99,-99,-99,-99,-99,-99,-99,-99,-99,-99,-99,-99,-99,-99,5,-99,11,11
E12000009,South West,E06000058,"Bournemouth, Christchurch and Poole",E06000058,"Bournemouth, Christchurch and Poole",E02004242,Mudeford,-99,-99,-99,-99,-99,-99,-99,-99,-99,-99,-99,3,-99,-99,-99,-99,-99,-99,-99,-99,-99,-99,-99,-99,-99,-99,-99,-99,-99,-99,-99,4,-99,7,7,7,7
E12000009,South West,E06000059,Dorset,E06000059,Dorset,E02004243,Alderholt & Sixpenny Handley,-99,-99,-99,-99,-99,-99,-99,-99,-99,-99,-99,-99,-99,-99,-99,-99,-99,-99,-99,-99,-99,-99,-99,-99,-99,-99,-99,-99,-99,-99,-99,-99,-99,-99,-99,-99,-99
E12000009,South West,E06000059,Dorset,E06000059,Dorset,E02004244,East Verwood,-99,-99,-99,-99,-99,-99,-99,-99,-99,-99,-99,-99,-99,3,-99,-99,-99,-99,-99,-99,-99,-99,-99,-99,-99,-99,-99,-99,-99,-99,-99,-99,4,-99,-99,-99,-99
E12000009,South West,E06000059,Dorset,E06000059,Dorset,E02004245,West Verwood,-99,-99,-99,-99,-99,-99,-99,-99,-99,-99,-99,-99,-99,-99,-99,-99,-99,-99,-99,-99,-99,-99,-99,-99,-99,-99,-99,-99,-99,-99,-99,-99,-99,-99,-99,-99,-99
E12000009,South West,E06000059,Dorset,E06000059,Dorset,E02004246,St Leonards,-99,-99,-99,-99,-99,-99,-99,-99,-99,-99,-99,-99,6,-99,-99,-99,-99,-99,-99,-99,-99,-99,-99,-99,-99,-99,-99,-99,-99,-99,-99,-99,-99,-99,-99,3,3
E12000009,South West,E06000059,Dorset,E06000059,Dorset,E02004247,Sturminster Marshall & Crichel,-99,-99,-99,-99,-99,-99,-99,-99,-99,-99,4,-99,-99,3,-99,-99,-99,-99,-99,-99,-99,-99,-99,-99,-99,-99,-99,-99,-99,-99,-99,-99,-99,-99,-99,3,3
E12000009,South West,E06000059,Dorset,E06000059,Dorset,E02004248,West Moors,-99,-99,-99,-99,-99,-99,-99,-99,-99,-99,-99,-99,9,-99,-99,-99,-99,-99,-99,-99,-99,-99,-99,-99,-99,-99,-99,-99,-99,-99,-99,-99,-99,-99,-99,-99,-99
E12000009,South West,E06000059,Dorset,E06000059,Dorset,E02004249,Colehill,-99,-99,-99,-99,-99,-99,-99,-99,-99,-99,3,-99,-99,-99,-99,-99,-99,-99,-99,-99,-99,-99,-99,-99,-99,-99,-99,-99,-99,-99,-99,-99,-99,-99,-99,3,3
E12000009,South West,E06000059,Dorset,E06000059,Dorset,E02004250,Ferndown Town,-99,-99,-99,-99,-99,-99,-99,-99,-99,-99,3,-99,-99,5,-99,-99,-99,-99,-99,-99,-99,-99,-99,-99,-99,-99,-99,-99,-99,-99,-99,-99,-99,-99,-99,3,3
E12000009,South West,E06000059,Dorset,E06000059,Dorset,E02004251,Ferndown West & Canford Bottom,-99,-99,-99,-99,-99,-99,-99,-99,-99,-99,-99,-99,3,-99,-99,-99,-99,-99,-99,-99,-99,-99,-99,-99,-99,-99,-99,-99,-99,-99,-99,-99,-99,-99,-99,-99,-99
E12000009,South West,E06000059,Dorset,E06000059,Dorset,E02004252,Wimborne Minster,-99,-99,-99,-99,-99,-99,-99,-99,-99,-99,-99,-99,8,16,-99,-99,-99,-99,-99,-99,-99,-99,-99,-99,-99,-99,-99,-99,-99,-99,-99,-99,3,-99,3,-99,-99
E12000009,South West,E06000059,Dorset,E06000059,Dorset,E02004253,Parley & Hampreston,-99,-99,-99,-99,-99,-99,-99,-99,-99,5,-99,3,-99,4,-99,-99,-99,-99,-99,-99,-99,-99,-99,-99,-99,-99,-99,-99,-99,-99,-99,3,-99,-99,-99,3,3
E12000009,South West,E06000059,Dorset,E06000059,Dorset,E02004254,Corfe Mullen,-99,-99,-99,-99,-99,-99,-99,-99,-99,-99,-99,-99,7,-99,3,-99,-99,-99,-99,-99,-99,-99,-99,-99,-99,-99,-99,-99,-99,-99,-99,-99,-99,-99,3,-99,-99
E12000009,South West,E06000059,Dorset,E06000059,Dorset,E02004255,Gillingham,-99,-99,-99,-99,-99,-99,-99,-99,-99,-99,-99,-99,-99,3,-99,-99,-99,-99,-99,-99,-99,-99,-99,-99,-99,-99,-99,-99,-99,-99,-99,5,-99,3,-99,-99,-99
E12000009,South West,E06000059,Dorset,E06000059,Dorset,E02004256,"Gillingham Outer, Bourton & Motcombe",-99,-99,-99,-99,-99,-99,-99,-99,-99,-99,3,-99,-99,-99,-99,-99,-99,-99,-99,-99,-99,-99,-99,-99,-99,-99,-99,-99,-99,-99,-99,-99,-99,-99,-99,-99,-99
E12000009,South West,E06000059,Dorset,E06000059,Dorset,E02004257,Shaftesbury,-99,-99,-99,-99,-99,-99,-99,-99,-99,-99,3,4,-99,-99,-99,-99,-99,-99,-99,-99,-99,-99,-99,-99,-99,-99,-99,-99,-99,-99,-99,-99,-99,-99,-99,-99,-99
E12000009,South West,E06000059,Dorset,E06000059,Dorset,E02004258,Sturminster Newton & Stalbridge,-99,-99,-99,-99,-99,-99,-99,-99,-99,-99,3,-99,-99,-99,-99,-99,-99,-99,-99,-99,-99,-99,-99,-99,-99,-99,-99,-99,-99,-99,-99,-99,-99,-99,-99,-99,-99
E12000009,South West,E06000059,Dorset,E06000059,Dorset,E02004259,Child Okeford & Iwerne Minster,-99,-99,-99,-99,-99,-99,-99,-99,-99,3,-99,-99,-99,-99,-99,-99,-99,-99,-99,-99,-99,-99,-99,-99,-99,-99,-99,-99,-99,-99,-99,-99,-99,-99,-99,-99,-99
E12000009,South West,E06000059,Dorset,E06000059,Dorset,E02004260,Blandford Outer & Tarrants,-99,-99,-99,-99,-99,-99,-99,-99,-99,-99,-99,-99,-99,-99,-99,-99,-99,-99,-99,-99,-99,-99,-99,-99,-99,-99,-99,-99,-99,-99,-99,-99,-99,-99,-99,5,5
E12000009,South West,E06000059,Dorset,E06000059,Dorset,E02004261,Blandford Forum Town,-99,-99,-99,-99,-99,-99,-99,-99,3,-99,3,-99,3,7,-99,3,-99,-99,-99,-99,-99,-99,-99,-99,-99,-99,-99,-99,-99,-99,-99,-99,-99,-99,5,-99,-99
E12000009,South West,E06000059,Dorset,E06000059,Dorset,E02004262,"Milborne, Winterborne & Okeford Fitzpaine",-99,-99,-99,-99,-99,-99,-99,-99,-99,-99,-99,-99,-99,-99,-99,-99,-99,-99,-99,-99,-99,-99,-99,-99,-99,-99,-99,-99,-99,-99,-99,-99,-99,-99,4,6,6
E12000009,South West,E06000059,Dorset,E06000059,Dorset,E02004263,Bere Regis & Lytchett Matravers,-99,-99,-99,-99,-99,-99,-99,-99,-99,-99,-99,-99,-99,-99,-99,-99,-99,-99,-99,-99,-99,-99,-99,-99,-99,-99,-99,-99,-99,-99,-99,-99,-99,-99,-99,-99,-99
E12000009,South West,E06000059,Dorset,E06000059,Dorset,E02004264,Upton & Lytchett Minster,-99,-99,-99,-99,-99,-99,-99,-99,-99,-99,-99,-99,-99,3,-99,-99,-99,-99,-99,-99,-99,-99,-99,-99,-99,-99,-99,-99,3,-99,-99,3,-99,-99,-99,4,4
E12000009,South West,E06000059,Dorset,E06000059,Dorset,E02004265,"Wareham, Sandford & Holton Heath",-99,-99,-99,-99,-99,-99,-99,-99,-99,-99,3,-99,3,6,3,-99,-99,-99,-99,-99,-99,-99,-99,-99,-99,-99,-99,-99,-99,3,-99,-99,-99,-99,-99,-99,-99
E12000009,South West,E06000059,Dorset,E06000059,Dorset,E02004266,"Bovington, Wool & Lulworth",-99,-99,-99,-99,-99,-99,-99,-99,-99,-99,-99,-99,-99,5,-99,-99,-99,-99,-99,-99,-99,-99,-99,-99,-99,-99,-99,-99,-99,5,4,-99,-99,-99,3,-99,-99
E12000009,South West,E06000059,Dorset,E06000059,Dorset,E02004267,Corfe Castle & Langton Matravers,-99,-99,-99,-99,-99,-99,-99,-99,-99,-99,-99,-99,-99,-99,4,-99,-99,-99,-99,-99,-99,-99,-99,-99,-99,-99,-99,-99,-99,-99,-99,-99,-99,-99,-99,-99,-99
E12000009,South West,E06000059,Dorset,E06000059,Dorset,E02004268,Swanage,-99,-99,-99,-99,-99,-99,-99,-99,-99,-99,4,6,-99,3,6,-99,5,10,-99,-99,-99,-99,-99,-99,-99,-99,-99,-99,-99,-99,-99,5,7,-99,-99,6,6
E12000009,South West,E06000059,Dorset,E06000059,Dorset,E02004269,Sherborne,-99,-99,-99,-99,-99,-99,-99,-99,-99,-99,-99,-99,-99,-99,-99,-99,-99,-99,-99,-99,-99,-99,-99,-99,-99,-99,-99,-99,-99,-99,-99,-99,-99,-99,-99,3,3
E12000009,South West,E06000059,Dorset,E06000059,Dorset,E02004270,"Yetminster, Bradford Abbas & Longburton",-99,-99,-99,-99,-99,-99,-99,-99,-99,-99,-99,-99,-99,-99,-99,-99,-99,-99,-99,-99,-99,-99,-99,-99,-99,-99,-99,-99,-99,-99,-99,-99,-99,-99,-99,-99,-99
E12000009,South West,E06000059,Dorset,E06000059,Dorset,E02004271,"Beaminster, Maiden Newton & Halstock",-99,-99,-99,-99,-99,-99,-99,-99,-99,5,-99,-99,-99,-99,-99,-99,-99,-99,-99,-99,-99,-99,-99,-99,-99,-99,-99,-99,-99,-99,-99,-99,-99,-99,-99,-99,-99
E12000009,South West,E06000059,Dorset,E06000059,Dorset,E02004272,"Charlton Down, Cerne Abbas & Puddletown",-99,-99,-99,-99,-99,-99,-99,-99,-99,8,-99,8,-99,3,3,-99,-99,-99,-99,-99,-99,-99,-99,-99,-99,-99,-99,-99,-99,-99,-99,-99,-99,-99,-99,-99,-99
E12000009,South West,E06000059,Dorset,E06000059,Dorset,E02004273,"Lyme Regis, Charmouth & Marshwood Vale",-99,-99,-99,-99,-99,-99,-99,-99,-99,-99,-99,-99,-99,-99,-99,-99,-99,-99,-99,-99,-99,-99,-99,-99,-99,-99,-99,-99,-99,-99,-99,-99,-99,-99,-99,-99,-99
E12000009,South West,E06000059,Dorset,E06000059,Dorset,E02004274,Bridport North,-99,-99,-99,-99,-99,-99,-99,-99,6,3,-99,-99,-99,-99,-99,-99,-99,-99,-99,-99,-99,-99,-99,-99,-99,-99,-99,-99,-99,-99,-99,-99,-99,-99,-99,-99,-99
E12000009,South West,E06000059,Dorset,E06000059,Dorset,E02004275,Burton Bradstock & Chideock,-99,-99,-99,-99,-99,-99,-99,-99,-99,-99,-99,-99,-99,-99,-99,-99,-99,-99,-99,-99,-99,-99,-99,-99,-99,-99,-99,-99,-99,-99,-99,-99,-99,-99,-99,-99,-99
E12000009,South West,E06000059,Dorset,E06000059,Dorset,E02004276,Bridport South & West Bay,-99,-99,-99,-99,-99,-99,-99,-99,-99,-99,-99,-99,-99,-99,-99,-99,-99,-99,-99,-99,-99,-99,-99,-99,-99,-99,-99,-99,-99,-99,-99,-99,-99,-99,-99,3,3
E12000009,South West,E06000059,Dorset,E06000059,Dorset,E02004277,Dorchester West & Poundbury,-99,-99,-99,-99,-99,-99,-99,-99,-99,11,6,-99,-99,15,-99,-99,-99,-99,-99,-99,-99,-99,-99,-99,-99,-99,-99,3,-99,-99,-99,-99,-99,-99,-99,5,5
E12000009,South West,E06000059,Dorset,E06000059,Dorset,E02004278,Dorchester East,-99,-99,-99,-99,-99,-99,-99,-99,-99,-99,-99,-99,-99,-99,-99,-99,-99,-99,-99,-99,-99,3,-99,-99,-99,-99,-99,-99,-99,-99,-99,-99,-99,-99,-99,9,9
E12000009,South West,E06000059,Dorset,E06000059,Dorset,E02004279,"Overmoigne, Broadmayne & Winterbourne",-99,-99,-99,-99,-99,-99,-99,-99,-99,-99,-99,-99,-99,-99,-99,-99,-99,-99,-99,-99,-99,-99,-99,-99,-99,-99,-99,-99,-99,-99,-99,3,-99,-99,-99,-99,-99
E12000009,South West,E06000059,Dorset,E06000059,Dorset,E02004280,Chickerell & Chesil Bank,-99,-99,-99,-99,-99,-99,-99,-99,-99,-99,-99,-99,-99,-99,-99,-99,-99,-99,-99,-99,-99,-99,-99,-99,-99,-99,-99,-99,-99,-99,-99,-99,-99,-99,-99,-99,-99
E12000009,South West,E06000059,Dorset,E06000059,Dorset,E02004281,Broadwey & Littlemoor,-99,-99,-99,-99,-99,-99,-99,-99,-99,-99,-99,-99,-99,-99,-99,-99,-99,-99,-99,-99,-99,-99,-99,-99,-99,-99,-99,-99,-99,-99,-99,-99,-99,-99,-99,-99,-99
E12000009,South West,E06000059,Dorset,E06000059,Dorset,E02004282,Preston & Lodmoor,-99,-99,-99,-99,-99,-99,-99,-99,-99,-99,-99,3,6,3,-99,-99,-99,-99,-99,-99,-99,-99,-99,-99,-99,-99,-99,-99,-99,-99,-99,-99,-99,-99,-99,-99,-99
E12000009,South West,E06000059,Dorset,E06000059,Dorset,E02004283,Westham North & Radipole,-99,-99,-99,-99,-99,-99,-99,-99,-99,9,-99,-99,-99,5,-99,-99,-99,-99,-99,-99,-99,-99,-99,-99,-99,-99,-99,-99,-99,-99,-99,-99,-99,-99,-99,-99,-99
E12000009,South West,E06000059,Dorset,E06000059,Dorset,E02004284,"Weymouth Town, Melcombe Regis & Rodwell",-99,-99,-99,-99,-99,-99,-99,-99,-99,-99,-99,6,3,10,-99,-99,-99,-99,-99,-99,-99,-99,-99,-99,-99,-99,-99,-99,-99,-99,-99,-99,-99,-99,-99,-99,-99
E12000009,South West,E06000059,Dorset,E06000059,Dorset,E02004285,Westham South,-99,-99,-99,-99,-99,-99,-99,-99,-99,-99,5,-99,-99,-99,-99,-99,-99,-99,-99,-99,-99,-99,-99,-99,-99,-99,-99,-99,-99,-99,-99,-99,-99,-99,-99,-99,-99
E12000009,South West,E06000059,Dorset,E06000059,Dorset,E02004286,Weymouth West,-99,-99,-99,-99,-99,-99,-99,-99,-99,-99,5,-99,-99,-99,-99,-99,-99,-99,-99,-99,-99,-99,-99,-99,-99,-99,-99,-99,-99,-99,-99,-99,-99,-99,-99,-99,-99
E12000009,South West,E06000059,Dorset,E06000059,Dorset,E02004287,Wyke Regis,-99,-99,-99,-99,-99,-99,-99,-99,-99,-99,-99,-99,3,-99,-99,-99,-99,-99,-99,-99,-99,-99,-99,-99,-99,-99,-99,-99,-99,-99,-99,-99,-99,-99,-99,-99,-99
E12000009,South West,E06000059,Dorset,E06000059,Dorset,E02004288,Underhill & The Grove,-99,-99,-99,-99,-99,-99,-99,-99,-99,-99,-99,-99,-99,-99,-99,-99,-99,-99,-99,-99,-99,-99,-99,-99,-99,-99,-99,-99,-99,-99,-99,-99,-99,-99,-99,-99,-99
E12000009,South West,E06000059,Dorset,E06000059,Dorset,E02004289,Southwell & Weston,-99,-99,-99,-99,-99,-99,-99,-99,-99,-99,-99,-99,-99,5,-99,-99,-99,-99,-99,-99,-99,-99,-99,-99,-99,-99,-99,-99,-99,-99,-99,-99,-99,-99,-99,-99,-99
E12000001,North East,E06000047,County Durham,E06000047,County Durham,E02004290,Ouston & Beamish,-99,-99,-99,-99,-99,-99,-99,-99,-99,10,10,6,10,5,-99,6,-99,-99,-99,-99,-99,-99,-99,-99,-99,-99,-99,-99,-99,-99,-99,3,4,7,10,14,14
E12000001,North East,E06000047,County Durham,E06000047,County Durham,E02004291,Pelton & Perkinsville,-99,-99,-99,-99,-99,-99,-99,-99,-99,4,4,3,4,7,8,16,14,-99,4,-99,-99,-99,-99,-99,-99,-99,-99,-99,-99,-99,-99,3,7,7,8,7,7
E12000001,North East,E06000047,County Durham,E06000047,County Durham,E02004292,Chester-le-Street North,-99,-99,-99,-99,-99,-99,-99,-99,-99,7,4,-99,5,4,-99,-99,-99,-99,4,-99,-99,-99,-99,-99,-99,-99,-99,-99,-99,-99,-99,-99,10,12,23,26,26
E12000001,North East,E06000047,County Durham,E06000047,County Durham,E02004293,Chester-le-Street Town & Pelton Fell,-99,-99,-99,-99,-99,-99,-99,-99,4,-99,3,5,5,9,5,6,3,-99,-99,3,-99,-99,-99,-99,-99,-99,-99,-99,-99,-99,-99,4,-99,13,24,19,19
E12000001,North East,E06000047,County Durham,E06000047,County Durham,E02004294,Chester-le-Street South & East,-99,-99,-99,-99,-99,-99,-99,-99,-99,3,7,7,7,4,-99,-99,-99,-99,-99,-99,-99,-99,-99,-99,-99,-99,-99,-99,-99,-99,-99,-99,3,3,8,20,20
E12000001,North East,E06000047,County Durham,E06000047,County Durham,E02004295,Great Lumley & Bournmoor,-99,-99,-99,-99,-99,-99,-99,-99,-99,3,-99,4,5,3,-99,-99,-99,-99,-99,-99,-99,-99,-99,-99,-99,-99,-99,-99,-99,-99,-99,14,17,8,16,13,13
E12000001,North East,E06000047,County Durham,E06000047,County Durham,E02004296,Sacriston,-99,-99,-99,-99,-99,-99,-99,-99,-99,-99,9,6,5,4,9,-99,-99,-99,3,-99,-99,-99,-99,-99,-99,-99,-99,-99,-99,-99,-99,-99,-99,5,3,14,14
E12000001,North East,E06000047,County Durham,E06000047,County Durham,E02004297,Burnopfield,-99,-99,-99,-99,-99,-99,-99,-99,-99,-99,6,4,7,14,16,3,-99,-99,-99,-99,-99,-99,-99,-99,-99,-99,-99,-99,3,-99,-99,-99,-99,8,9,9,9
E12000001,North East,E06000047,County Durham,E06000047,County Durham,E02004298,"Benfieldside, Hamsterley & Medomsley",-99,-99,-99,-99,-99,-99,-99,-99,-99,-99,6,13,6,6,17,7,-99,-99,-99,-99,-99,-99,-99,-99,-99,-99,-99,-99,-99,3,-99,-99,3,8,6,21,21
E12000001,North East,E06000047,County Durham,E06000047,County Durham,E02004299,Stanley North & East,-99,-99,-99,-99,-99,-99,-99,3,3,7,15,13,9,8,6,-99,3,-99,-99,-99,-99,-99,-99,-99,-99,-99,3,-99,12,9,-99,-99,-99,12,7,7,7
E12000001,North East,E06000047,County Durham,E06000047,County Durham,E02004300,Catchgate & Dipton,-99,-99,-99,-99,-99,-99,-99,-99,-99,3,7,6,11,4,6,-99,3,-99,-99,-99,-99,-99,-99,-99,-99,3,-99,-99,4,-99,3,-99,3,-99,5,4,4
E12000001,North East,E06000047,County Durham,E06000047,County Durham,E02004301,Stanley South,-99,-99,-99,-99,-99,-99,-99,-99,-99,7,14,9,12,9,4,5,3,-99,-99,-99,-99,3,-99,-99,-99,-99,-99,-99,12,10,4,-99,-99,4,6,6,6
E12000001,North East,E06000047,County Durham,E06000047,County Durham,E02004302,Stanley West & Annfield Plain,-99,-99,-99,-99,-99,-99,-99,-99,3,3,10,4,10,20,9,6,-99,-99,-99,-99,-99,-99,-99,-99,-99,-99,-99,-99,-99,3,-99,3,-99,3,7,6,6
E12000001,North East,E06000047,County Durham,E06000047,County Durham,E02004303,Consett,-99,-99,-99,-99,-99,-99,-99,-99,3,7,18,17,21,14,8,5,7,4,-99,-99,-99,-99,-99,-99,-99,-99,-99,-99,-99,-99,4,10,5,13,7,24,24
E12000001,North East,E06000047,County Durham,E06000047,County Durham,E02004304,Delves Lane & Leadgate,-99,-99,-99,-99,-99,-99,-99,-99,-99,3,14,7,13,11,16,38,16,9,-99,-99,-99,4,-99,-99,-99,-99,-99,-99,-99,-99,-99,5,7,12,10,31,31
E12000001,North East,E06000047,County Durham,E06000047,County Durham,E02004305,"Bridgehill, Castleside & Harehope Hill",-99,-99,-99,-99,-99,-99,-99,-99,3,5,8,8,4,7,11,6,7,3,-99,-99,-99,-99,-99,-99,-99,-99,-99,-99,-99,-99,3,4,6,15,7,24,24
E12000001,North East,E06000047,County Durham,E06000047,County Durham,E02004306,Lanchester,-99,-99,-99,-99,-99,-99,-99,-99,-99,4,4,3,-99,-99,-99,-99,-99,-99,-99,-99,-99,-99,-99,-99,-99,-99,-99,-99,-99,-99,-99,-99,-99,3,6,7,7
E12000001,North East,E06000047,County Durham,E06000047,County Durham,E02004307,Langley Park & Satley,-99,-99,-99,-99,-99,-99,-99,-99,-99,-99,4,12,7,14,4,-99,-99,-99,-99,-99,-99,-99,-99,-99,-99,-99,-99,-99,-99,-99,-99,-99,-99,4,3,4,4
E12000001,North East,E06000047,County Durham,E06000047,County Durham,E02004308,Newton Hall & Brasside,-99,-99,-99,-99,-99,-99,-99,-99,-99,6,9,4,5,4,-99,-99,-99,-99,-99,-99,-99,-99,-99,-99,-99,-99,-99,-99,-99,3,-99,-99,-99,3,6,10,10
E12000001,North East,E06000047,County Durham,E06000047,County Durham,E02004309,Pity Me & Framwellgate Moor,-99,-99,-99,-99,-99,-99,-99,-99,5,-99,-99,6,20,7,3,-99,-99,3,-99,-99,-99,-99,-99,-99,-99,-99,-99,-99,-99,-99,-99,-99,-99,3,11,9,9
E12000001,North East,E06000047,County Durham,E06000047,County Durham,E02004310,Bearpark & Witton Gilbert,-99,-99,-99,-99,-99,-99,-99,-99,-99,-99,5,6,8,11,5,-99,-99,-99,-99,-99,-99,-99,-99,-99,-99,-99,-99,-99,-99,-99,-99,-99,-99,-99,3,10,10
E12000001,North East,E06000047,County Durham,E06000047,County Durham,E02004311,Sherburn & West Rainton,-99,-99,-99,-99,-99,-99,-99,-99,-99,4,10,-99,6,9,3,3,-99,4,-99,-99,-99,-99,-99,-99,-99,-99,-99,-99,-99,-99,-99,-99,-99,15,13,11,11
E12000001,North East,E06000047,County Durham,E06000047,County Durham,E02004312,Belmont & Carrville,-99,-99,-99,-99,-99,-99,-99,-99,-99,3,6,6,6,7,-99,3,-99,-99,-99,-99,-99,-99,-99,-99,-99,-99,-99,-99,-99,-99,-99,5,-99,6,11,7,7
E12000001,North East,E06000047,County Durham,E06000047,County Durham,E02004313,Gilesgate & Old Durham,-99,-99,-99,-99,-99,-99,-99,-99,-99,-99,-99,-99,-99,-99,3,-99,-99,-99,-99,-99,-99,-99,-99,-99,-99,-99,-99,-99,-99,-99,-99,4,-99,6,5,7,7
E12000001,North East,E06000047,County Durham,E06000047,County Durham,E02004314,Durham City,-99,-99,-99,-99,-99,-99,-99,-99,-99,-99,3,3,12,25,3,4,-99,-99,-99,-99,4,-99,6,3,-99,3,-99,3,-99,3,3,4,-99,5,7,142,142
E12000001,North East,E06000047,County Durham,E06000047,County Durham,E02004315,"Aykley Heads, Neville's Cross & Langley Moor",-99,-99,-99,-99,-99,-99,-99,-99,-99,-99,5,8,15,17,31,3,-99,-99,-99,-99,-99,-99,-99,-99,-99,-99,-99,-99,-99,-99,-99,-99,-99,4,8,32,32
E12000001,North East,E06000047,County Durham,E06000047,County Durham,E02004316,Esh Winning & Ushaw Moor,-99,-99,-99,-99,-99,-99,-99,-99,-99,-99,3,3,5,4,3,3,3,-99,3,-99,-99,-99,-99,-99,-99,-99,-99,-99,-99,-99,-99,-99,-99,5,13,10,10
E12000001,North East,E06000047,County Durham,E06000047,County Durham,E02004317,Brandon & Brancepeth,-99,-99,-99,-99,-99,-99,-99,-99,-99,3,5,7,9,19,11,5,5,-99,-99,-99,-99,-99,-99,-99,-99,-99,-99,-99,-99,-99,-99,-99,-99,-99,12,5,5
E12000001,North East,E06000047,County Durham,E06000047,County Durham,E02004318,High Shincliffe & Bowburn,-99,-99,-99,-99,-99,-99,-99,-99,-99,8,4,3,10,7,7,-99,-99,-99,-99,-99,-99,-99,-99,-99,-99,-99,-99,-99,-99,-99,-99,3,-99,6,6,11,11
E12000001,North East,E06000047,County Durham,E06000047,County Durham,E02004319,Coxhoe & Quarrington Hill,-99,-99,-99,-99,-99,-99,-99,-99,-99,6,9,6,3,4,-99,-99,-99,-99,-99,-99,-99,-99,-99,-99,-99,-99,-99,-99,-99,-99,-99,5,5,6,12,17,17
E12000001,North East,E06000047,County Durham,E06000047,County Durham,E02004320,Seaham Northlea & Westlea,-99,-99,-99,-99,-99,-99,-99,-99,-99,6,8,8,13,8,-99,6,3,4,4,-99,-99,-99,-99,-99,-99,-99,-99,-99,-99,-99,-99,7,6,8,7,19,19
E12000001,North East,E06000047,County Durham,E06000047,County Durham,E02004321,Seaham Central & South,-99,-99,-99,-99,-99,-99,-99,-99,-99,10,9,24,14,11,-99,3,3,-99,-99,-99,-99,-99,-99,-99,-99,-99,-99,-99,-99,-99,-99,8,15,4,-99,20,20
E12000001,North East,E06000047,County Durham,E06000047,County Durham,E02004322,Murton North & Parkside,-99,-99,-99,-99,-99,-99,-99,-99,-99,11,11,11,18,18,4,4,-99,-99,-99,-99,-99,-99,-99,-99,-99,-99,-99,-99,-99,-99,-99,5,6,4,8,14,14
E12000001,North East,E06000047,County Durham,E06000047,County Durham,E02004323,South Murton & South Hetton,-99,-99,-99,-99,-99,-99,-99,-99,-99,5,-99,9,6,-99,4,6,-99,-99,-99,-99,-99,-99,-99,-99,-99,-99,-99,-99,-99,-99,-99,3,7,-99,12,22,22
E12000001,North East,E06000047,County Durham,E06000047,County Durham,E02004324,Easington & Hawthorn,-99,-99,-99,-99,-99,-99,-99,-99,-99,3,6,-99,3,5,3,3,-99,3,-99,-99,-99,-99,-99,-99,-99,-99,-99,-99,-99,-99,14,5,6,-99,4,7,7
E12000001,North East,E06000047,County Durham,E06000047,County Durham,E02004325,Peterlee East,-99,-99,-99,-99,-99,-99,-99,-99,-99,9,7,9,7,7,4,7,-99,-99,-99,-99,-99,-99,-99,-99,3,-99,-99,-99,-99,-99,-99,7,9,13,9,17,17
E12000001,North East,E06000047,County Durham,E06000047,County Durham,E02004326,Shotton & Haswell,-99,-99,-99,-99,-99,-99,-99,-99,-99,-99,4,3,7,5,3,3,-99,-99,-99,-99,-99,-99,-99,-99,-99,-99,-99,-99,-99,-99,-99,4,6,-99,3,11,11
E12000001,North East,E06000047,County Durham,E06000047,County Durham,E02004327,Horden,-99,-99,-99,-99,-99,-99,-99,-99,-99,5,5,4,4,-99,-99,3,-99,-99,-99,-99,-99,-99,-99,-99,-99,-99,-99,-99,-99,-99,-99,-99,3,-99,12,13,13
E12000001,North East,E06000047,County Durham,E06000047,County Durham,E02004328,Peterlee West,-99,-99,-99,-99,-99,-99,-99,-99,-99,4,-99,-99,-99,5,-99,-99,5,-99,-99,-99,-99,-99,-99,-99,-99,-99,-99,-99,-99,-99,-99,4,10,8,8,8,8
E12000001,North East,E06000047,County Durham,E06000047,County Durham,E02004329,Peterlee South,-99,-99,-99,-99,-99,-99,-99,-99,-99,3,4,5,3,3,-99,4,3,-99,-99,-99,-99,-99,-99,-99,-99,-99,-99,-99,-99,-99,-99,5,-99,9,11,12,12
E12000001,North East,E06000047,County Durham,E06000047,County Durham,E02004330,Blackhall,-99,-99,-99,-99,-99,-99,-99,-99,-99,-99,11,3,13,12,11,5,3,-99,-99,-99,-99,-99,-99,-99,-99,-99,-99,-99,-99,-99,-99,3,-99,-99,9,5,5
E12000001,North East,E06000047,County Durham,E06000047,County Durham,E02004331,Thornley & Wheatley Hill,-99,-99,-99,-99,-99,-99,-99,-99,5,3,9,4,3,-99,4,3,4,-99,-99,3,-99,-99,-99,-99,-99,-99,-99,-99,-99,-99,-99,-99,3,6,8,15,15
E12000001,North East,E06000047,County Durham,E06000047,County Durham,E02004332,Wingate & Castle Eden,-99,-99,-99,-99,-99,-99,-99,-99,-99,4,5,4,5,8,-99,-99,-99,-99,-99,-99,-99,-99,-99,-99,-99,-99,-99,-99,-99,-99,-99,4,5,5,4,17,17
E12000001,North East,E06000047,County Durham,E06000047,County Durham,E02004333,Tudhoe Grange,-99,-99,-99,-99,-99,-99,-99,-99,-99,3,-99,-99,-99,-99,-99,5,-99,-99,-99,-99,-99,-99,-99,-99,-99,-99,-99,-99,-99,-99,-99,-99,-99,3,5,14,14
E12000001,North East,E06000047,County Durham,E06000047,County Durham,E02004334,Trimdon & Fishburn,-99,-99,-99,-99,-99,-99,-99,-99,-99,-99,5,-99,3,4,4,-99,-99,-99,-99,-99,-99,-99,-99,-99,-99,-99,-99,-99,-99,-99,-99,4,7,3,6,11,11
E12000001,North East,E06000047,County Durham,E06000047,County Durham,E02004335,Spennymoor East & Ferryhill West,-99,-99,-99,-99,-99,-99,-99,-99,4,-99,7,-99,6,5,3,6,-99,-99,-99,-99,-99,-99,-99,-99,-99,-99,-99,-99,-99,-99,-99,-99,-99,-99,10,9,9
E12000001,North East,E06000047,County Durham,E06000047,County Durham,E02004336,Ferryhill East & Cornforth,-99,-99,-99,-99,-99,-99,-99,-99,-99,-99,3,3,3,4,6,5,-99,-99,-99,-99,-99,-99,-99,-99,-99,-99,-99,-99,-99,-99,-99,3,3,7,3,9,9
E12000001,North East,E06000047,County Durham,E06000047,County Durham,E02004337,Spennymoor West,-99,-99,-99,-99,-99,-99,-99,-99,3,-99,4,5,7,6,3,5,3,-99,-99,4,-99,-99,-99,-99,-99,-99,-99,-99,-99,-99,-99,-99,-99,3,6,15,15
E12000001,North East,E06000047,County Durham,E06000047,County Durham,E02004338,Chilton,-99,-99,-99,-99,-99,-99,-99,-99,-99,-99,6,-99,3,13,8,15,-99,-99,6,-99,-99,-99,-99,-99,-99,-99,-99,-99,-99,-99,-99,-99,6,4,4,13,13
E12000001,North East,E06000047,County Durham,E06000047,County Durham,E02004339,Sedgefield & Bishop Middleham,-99,-99,-99,-99,-99,-99,-99,-99,-99,3,3,3,5,-99,4,-99,-99,-99,-99,-99,-99,-99,-99,-99,-99,-99,-99,-99,-99,-99,3,5,6,-99,3,4,4
E12000001,North East,E06000047,County Durham,E06000047,County Durham,E02004340,Shildon,-99,-99,-99,-99,-99,-99,-99,-99,-99,3,9,10,6,22,24,29,9,7,-99,-99,-99,-99,-99,-99,-99,-99,-99,-99,-99,-99,-99,3,-99,10,50,35,35
E12000001,North East,E06000047,County Durham,E06000047,County Durham,E02004341,Newton Aycliffe North,-99,-99,-99,-99,-99,-99,-99,-99,-99,7,3,4,11,4,7,16,7,-99,-99,-99,-99,-99,-99,-99,-99,-99,-99,-99,-99,-99,-99,-99,-99,7,19,24,24
E12000001,North East,E06000047,County Durham,E06000047,County Durham,E02004342,Newton Aycliffe West,-99,-99,-99,-99,-99,-99,-99,-99,5,-99,3,-99,4,7,-99,9,3,7,3,-99,-99,-99,-99,-99,-99,-99,-99,-99,-99,-99,-99,-99,-99,-99,7,-99,-99
E12000001,North East,E06000047,County Durham,E06000047,County Durham,E02004343,Newton Aycliffe East,-99,-99,-99,-99,-99,-99,-99,-99,-99,-99,-99,7,7,7,4,-99,4,-99,-99,-99,-99,-99,-99,-99,-99,-99,-99,-99,-99,-99,-99,-99,-99,-99,7,3,3
E12000001,North East,E06000047,County Durham,E06000047,County Durham,E02004344,Newton Aycliffe South,-99,-99,-99,-99,-99,-99,-99,-99,-99,-99,6,4,5,5,4,8,3,-99,-99,-99,-99,-99,-99,-99,-99,-99,-99,-99,-99,-99,-99,-99,-99,-99,8,7,7
E12000001,North East,E06000047,County Durham,E06000047,County Durham,E02004345,"Evenwood, Cockfield & Staindrop",-99,-99,-99,-99,-99,-99,-99,-99,3,-99,11,10,3,3,-99,-99,7,4,-99,-99,-99,-99,-99,-99,-99,-99,-99,-99,-99,-99,-99,6,-99,-99,13,21,21
E12000001,North East,E06000047,County Durham,E06000047,County Durham,E02004346,Upper Teesdale,-99,-99,-99,-99,-99,-99,-99,-99,-99,-99,-99,-99,3,-99,-99,-99,-99,-99,-99,-99,-99,-99,-99,-99,-99,-99,-99,-99,-99,-99,-99,-99,-99,-99,-99,-99,-99
E12000001,North East,E06000047,County Durham,E06000047,County Durham,E02004347,Barnard Castle,-99,-99,-99,-99,-99,-99,-99,-99,4,-99,-99,6,10,7,5,8,12,5,-99,6,9,-99,-99,5,-99,-99,-99,-99,-99,-99,-99,-99,-99,-99,-99,8,8
E12000001,North East,E06000047,County Durham,E06000047,County Durham,E02004348,Stanhope & Weardale,-99,-99,-99,-99,-99,-99,-99,-99,-99,-99,4,6,6,-99,-99,3,4,-99,-99,-99,-99,-99,-99,-99,-99,-99,-99,-99,-99,-99,-99,-99,-99,-99,4,9,9
E12000001,North East,E06000047,County Durham,E06000047,County Durham,E02004349,Crook North & Tow Low,-99,-99,-99,-99,-99,-99,-99,-99,-99,-99,3,6,5,6,-99,4,4,-99,-99,-99,-99,-99,-99,-99,-99,-99,-99,-99,-99,-99,-99,-99,-99,7,3,14,14
E12000001,North East,E06000047,County Durham,E06000047,County Durham,E02004350,Crook South,-99,-99,-99,-99,-99,-99,-99,-99,-99,7,8,10,6,9,8,8,5,-99,-99,-99,-99,-99,-99,-99,-99,-99,-99,-99,-99,-99,-99,3,3,-99,5,10,10
E12000001,North East,E06000047,County Durham,E06000047,County Durham,E02004351,Coundon North,-99,-99,-99,-99,-99,-99,-99,-99,-99,5,-99,5,7,3,-99,4,9,5,-99,-99,-99,-99,-99,-99,-99,-99,-99,-99,-99,-99,-99,-99,-99,8,6,22,22
E12000001,North East,E06000047,County Durham,E06000047,County Durham,E02004352,Bishop Auckland North & Coundon Grange,-99,-99,-99,-99,-99,-99,-99,-99,-99,-99,7,6,4,4,6,11,9,11,-99,-99,-99,-99,-99,-99,-99,-99,-99,-99,-99,-99,-99,-99,3,5,15,31,31
E12000001,North East,E06000047,County Durham,E06000047,County Durham,E02004353,Bishop Auckland Central & West,-99,-99,-99,-99,-99,-99,-99,-99,-99,-99,7,6,7,9,5,21,34,5,9,3,-99,-99,-99,-99,-99,-99,-99,-99,-99,-99,-99,-99,5,-99,3,10,10
E12000001,North East,E06000047,County Durham,E06000047,County Durham,E02004354,Saint Helen Auckland & West Auckland,-99,-99,-99,-99,-99,-99,-99,-99,-99,3,5,7,9,4,3,7,6,-99,-99,-99,-99,-99,-99,-99,-99,-99,-99,-99,-99,-99,-99,-99,-99,4,29,36,36
E12000001,North East,E06000047,County Durham,E06000047,County Durham,E02004355,Bishop Auckland South,-99,-99,-99,-99,-99,-99,-99,-99,-99,-99,5,4,6,3,3,9,4,3,-99,-99,-99,3,-99,-99,-99,-99,-99,-99,-99,-99,-99,-99,4,-99,9,12,12
E12000008,South East,E10000011,East Sussex,E07000061,Eastbourne,E02004356,Langney West,-99,-99,-99,-99,-99,-99,-99,-99,-99,-99,-99,-99,-99,6,-99,-99,-99,-99,-99,-99,-99,-99,-99,5,-99,-99,-99,-99,-99,-99,-99,-99,-99,-99,-99,-99,-99
E12000008,South East,E10000011,East Sussex,E07000061,Eastbourne,E02004357,Hampden Park North,-99,-99,-99,-99,-99,-99,-99,-99,-99,-99,-99,-99,7,7,5,-99,-99,-99,-99,5,-99,-99,-99,-99,-99,-99,3,-99,-99,-99,-99,-99,-99,-99,4,-99,-99
E12000008,South East,E10000011,East Sussex,E07000061,Eastbourne,E02004358,Langney East,-99,-99,-99,-99,-99,-99,-99,-99,-99,-99,-99,-99,-99,4,3,-99,-99,-99,-99,-99,-99,-99,-99,-99,5,-99,-99,-99,-99,-99,-99,-99,-99,-99,-99,-99,-99
E12000008,South East,E10000011,East Sussex,E07000061,Eastbourne,E02004359,Hampden Park South,-99,-99,-99,-99,-99,-99,-99,-99,-99,-99,-99,5,5,9,-99,-99,3,-99,-99,-99,5,-99,-99,-99,-99,-99,-99,-99,-99,-99,-99,-99,-99,-99,-99,5,5
E12000008,South East,E10000011,East Sussex,E07000061,Eastbourne,E02004361,Ratton,-99,-99,-99,-99,-99,-99,-99,-99,-99,-99,3,7,5,-99,6,-99,3,-99,-99,-99,6,-99,-99,-99,-99,-99,-99,-99,-99,-99,-99,-99,-99,-99,-99,-99,-99
E12000008,South East,E10000011,East Sussex,E07000061,Eastbourne,E02004362,Roselands,-99,-99,-99,-99,-99,-99,-99,-99,-99,3,-99,-99,3,5,5,-99,-99,-99,-99,-99,-99,-99,-99,-99,3,-99,-99,-99,-99,-99,-99,3,-99,-99,3,7,7
E12000008,South East,E10000011,East Sussex,E07000061,Eastbourne,E02004363,Upperton,-99,-99,-99,-99,-99,-99,-99,-99,-99,-99,3,3,10,30,5,-99,-99,-99,-99,-99,-99,-99,3,-99,3,-99,-99,-99,-99,-99,-99,8,-99,-99,-99,-99,-99
E12000008,South East,E10000011,East Sussex,E07000061,Eastbourne,E02004364,Old Town & Motcombe,-99,-99,-99,-99,-99,-99,-99,-99,3,-99,-99,3,4,7,-99,-99,-99,-99,-99,-99,4,-99,-99,-99,-99,-99,-99,-99,-99,-99,-99,3,-99,-99,-99,4,4
E12000008,South East,E10000011,East Sussex,E07000061,Eastbourne,E02004365,Pier,-99,-99,-99,-99,-99,-99,-99,-99,-99,-99,-99,-99,3,7,-99,7,-99,-99,-99,-99,-99,-99,-99,-99,-99,-99,-99,-99,-99,-99,-99,-99,-99,-99,-99,-99,-99
E12000008,South East,E10000011,East Sussex,E07000061,Eastbourne,E02004366,King Edward's Parade,-99,-99,-99,-99,-99,-99,-99,-99,-99,-99,-99,-99,5,12,4,-99,8,-99,-99,-99,-99,-99,-99,6,-99,-99,-99,-99,-99,-99,-99,4,-99,-99,-99,7,7
E12000008,South East,E10000011,East Sussex,E07000061,Eastbourne,E02004367,Meads,-99,-99,-99,-99,-99,-99,-99,-99,3,-99,6,-99,-99,-99,5,-99,-99,-99,-99,-99,-99,4,-99,-99,-99,-99,-99,-99,-99,-99,3,-99,-99,-99,-99,3,3
E12000008,South East,E10000011,East Sussex,E07000062,Hastings,E02004368,Ashdown,-99,-99,-99,-99,-99,-99,-99,-99,-99,-99,-99,-99,-99,-99,-99,-99,-99,-99,-99,-99,-99,-99,-99,-99,-99,-99,-99,-99,-99,-99,-99,-99,-99,-99,-99,-99,-99
E12000008,South East,E10000011,East Sussex,E07000062,Hastings,E02004369,Conquest & St Helens,-99,-99,-99,-99,-99,-99,-99,-99,-99,-99,-99,-99,-99,-99,-99,-99,-99,-99,-99,-99,-99,-99,-99,-99,-99,-99,-99,-99,-99,-99,-99,-99,-99,-99,-99,4,4
E12000008,South East,E10000011,East Sussex,E07000062,Hastings,E02004370,Hollington,-99,-99,-99,-99,-99,-99,-99,-99,-99,-99,-99,-99,-99,3,-99,-99,-99,-99,-99,-99,-99,-99,-99,-99,-99,-99,-99,-99,-99,3,4,-99,-99,-99,-99,-99,-99
E12000008,South East,E10000011,East Sussex,E07000062,Hastings,E02004371,Ore,-99,-99,-99,-99,-99,-99,-99,-99,-99,-99,-99,3,-99,-99,-99,-99,-99,-99,-99,-99,-99,-99,-99,-99,-99,-99,-99,-99,-99,-99,-99,-99,-99,-99,6,7,7
E12000008,South East,E10000011,East Sussex,E07000062,Hastings,E02004372,Broomgrove,-99,-99,-99,-99,-99,-99,-99,-99,-99,-99,-99,-99,-99,-99,-99,-99,-99,-99,-99,-99,-99,-99,-99,-99,-99,-99,-99,-99,-99,-99,-99,-99,-99,-99,-99,-99,-99
E12000008,South East,E10000011,East Sussex,E07000062,Hastings,E02004373,Silverhill,-99,-99,-99,-99,-99,-99,-99,-99,-99,-99,-99,-99,-99,-99,-99,7,-99,-99,-99,-99,-99,-99,-99,-99,-99,-99,-99,-99,-99,-99,-99,-99,-99,-99,-99,-99,-99
E12000008,South East,E10000011,East Sussex,E07000062,Hastings,E02004374,Old Hastings,-99,-99,-99,-99,-99,-99,-99,-99,-99,-99,-99,-99,-99,-99,-99,-99,-99,-99,-99,-99,-99,-99,-99,-99,-99,-99,-99,-99,-99,-99,3,3,-99,-99,4,8,8
E12000008,South East,E10000011,East Sussex,E07000062,Hastings,E02004375,Braybrooke & Bohemia,-99,-99,-99,-99,-99,-99,-99,-99,-99,-99,-99,-99,3,3,-99,-99,-99,-99,-99,-99,-99,-99,-99,-99,-99,-99,-99,-99,-99,-99,-99,-99,-99,-99,-99,7,7
E12000008,South East,E10000011,East Sussex,E07000062,Hastings,E02004376,Central Hastings,-99,-99,-99,-99,-99,-99,-99,-99,-99,-99,-99,-99,-99,-99,-99,-99,-99,-99,-99,-99,-99,-99,-99,-99,-99,-99,-99,-99,-99,-99,4,-99,-99,-99,-99,-99,-99
E12000008,South East,E10000011,East Sussex,E07000062,Hastings,E02004377,West St Leonards,-99,-99,-99,-99,-99,-99,-99,-99,-99,-99,-99,-99,-99,-99,4,-99,-99,-99,-99,-99,-99,-99,-99,-99,-99,-99,-99,-99,-99,-99,-99,3,-99,-99,-99,4,4
E12000008,South East,E10000011,East Sussex,E07000062,Hastings,E02004378,Central St Leonards,-99,-99,-99,-99,-99,-99,-99,-99,-99,-99,4,-99,-99,-99,4,-99,4,-99,-99,-99,-99,-99,-99,-99,-99,-99,-99,-99,-99,-99,-99,-99,-99,-99,-99,-99,-99
E12000008,South East,E10000011,East Sussex,E07000063,Lewes,E02004379,"Chailey, Newick & Barcombe",-99,-99,-99,-99,-99,-99,-99,-99,-99,-99,-99,-99,-99,-99,-99,-99,-99,-99,-99,-99,-99,-99,-99,-99,-99,-99,-99,-99,-99,-99,-99,-99,-99,-99,-99,3,3
E12000008,South East,E10000011,East Sussex,E07000063,Lewes,E02004380,"Wivelsfield Green, Ditchling & Rodmell",-99,-99,-99,-99,-99,-99,-99,-99,-99,3,-99,8,7,4,11,4,5,-99,3,-99,-99,-99,-99,-99,-99,-99,-99,-99,-99,-99,-99,-99,-99,-99,3,-99,-99
E12000008,South East,E10000011,East Sussex,E07000063,Lewes,E02004381,Lewes Central & East,-99,-99,-99,-99,-99,-99,-99,-99,-99,-99,-99,-99,4,3,-99,-99,-99,3,-99,-99,-99,-99,-99,-99,-99,-99,-99,-99,-99,-99,-99,6,-99,-99,3,5,5
E12000008,South East,E10000011,East Sussex,E07000063,Lewes,E02004382,"Ringmer, Glynde & South Heighton",-99,-99,-99,-99,-99,-99,-99,-99,5,3,4,3,-99,3,12,-99,-99,-99,-99,-99,-99,-99,-99,-99,-99,-99,-99,-99,-99,-99,-99,-99,-99,-99,-99,5,5
E12000008,South East,E10000011,East Sussex,E07000063,Lewes,E02004383,Lewes West,-99,-99,-99,-99,-99,-99,-99,-99,-99,-99,-99,-99,-99,-99,-99,-99,-99,-99,-99,-99,-99,-99,-99,-99,-99,-99,-99,-99,-99,-99,-99,3,-99,-99,-99,5,5
E12000008,South East,E10000011,East Sussex,E07000063,Lewes,E02004384,East Saltdean & Telscombe Cliffs,-99,-99,-99,-99,-99,-99,-99,-99,-99,8,-99,4,3,-99,-99,-99,-99,7,-99,-99,-99,-99,-99,-99,-99,-99,-99,-99,5,-99,-99,-99,-99,-99,-99,4,4
E12000008,South East,E10000011,East Sussex,E07000063,Lewes,E02004385,Peacehaven West,-99,-99,-99,-99,-99,-99,-99,-99,-99,3,5,3,3,-99,3,-99,-99,3,-99,-99,-99,-99,-99,-99,-99,-99,-99,-99,-99,-99,-99,-99,-99,-99,-99,-99,-99
E12000008,South East,E10000011,East Sussex,E07000063,Lewes,E02004386,Newhaven Town,-99,-99,-99,-99,-99,-99,-99,-99,4,4,-99,-99,3,-99,-99,-99,-99,3,-99,-99,-99,-99,-99,-99,-99,-99,-99,-99,-99,-99,-99,-99,-99,-99,-99,-99,-99
E12000008,South East,E10000011,East Sussex,E07000063,Lewes,E02004387,Newhaven West,-99,-99,-99,-99,-99,-99,-99,-99,-99,-99,3,-99,4,3,-99,-99,-99,-99,-99,-99,-99,-99,-99,-99,-99,-99,-99,-99,-99,-99,-99,-99,-99,-99,-99,-99,-99
E12000008,South East,E10000011,East Sussex,E07000063,Lewes,E02004388,Peacehaven East,-99,-99,-99,-99,-99,-99,-99,-99,-99,3,4,-99,3,3,3,3,-99,-99,-99,-99,-99,-99,-99,-99,-99,-99,-99,-99,-99,-99,-99,-99,-99,-99,-99,-99,-99
E12000008,South East,E10000011,East Sussex,E07000063,Lewes,E02004389,East Blatchington,-99,-99,-99,-99,-99,-99,-99,-99,-99,7,7,5,7,10,4,3,-99,-99,-99,-99,3,-99,-99,-99,-99,-99,-99,-99,-99,-99,-99,-99,-99,-99,-99,4,4
E12000008,South East,E10000011,East Sussex,E07000063,Lewes,E02004390,Seaford Eastbourne Road,-99,-99,-99,-99,-99,-99,-99,-99,-99,-99,-99,5,3,-99,-99,-99,-99,-99,-99,-99,-99,-99,-99,-99,-99,-99,-99,-99,-99,-99,-99,-99,-99,-99,-99,-99,-99
E12000008,South East,E10000011,East Sussex,E07000063,Lewes,E02004391,Seaford Town,-99,-99,-99,-99,-99,-99,-99,-99,-99,4,-99,3,4,-99,-99,-99,-99,-99,-99,-99,-99,-99,-99,-99,-99,-99,-99,-99,-99,-99,-99,-99,-99,-99,-99,-99,-99
E12000008,South East,E10000011,East Sussex,E07000064,Rother,E02004392,"Robertsbridge, Hurst Green & Ticehurst",-99,-99,-99,-99,-99,-99,-99,-99,-99,3,-99,-99,-99,-99,-99,-99,-99,-99,-99,-99,-99,-99,-99,-99,-99,-99,-99,-99,-99,-99,-99,-99,-99,-99,-99,-99,-99
E12000008,South East,E10000011,East Sussex,E07000064,Rother,E02004393,"Northiam, Peasmarsh & Camber",-99,-99,-99,-99,-99,-99,-99,-99,-99,-99,-99,-99,-99,-99,-99,-99,-99,-99,-99,-99,-99,-99,-99,-99,-99,-99,-99,-99,-99,-99,-99,-99,-99,-99,-99,-99,-99
E12000008,South East,E10000011,East Sussex,E07000064,Rother,E02004394,"Burwash, Sedlescombe & Staplecross",-99,-99,-99,-99,-99,-99,-99,-99,-99,-99,-99,-99,-99,3,-99,-99,11,-99,-99,-99,-99,-99,-99,-99,-99,-99,-99,-99,-99,4,-99,-99,-99,-99,-99,-99,-99
E12000008,South East,E10000011,East Sussex,E07000064,Rother,E02004395,Rye & Winchelsea,-99,-99,-99,-99,-99,-99,-99,-99,-99,3,-99,-99,-99,-99,-99,-99,-99,-99,-99,-99,-99,-99,-99,-99,-99,-99,-99,-99,-99,-99,-99,-99,-99,-99,5,-99,-99
E12000008,South East,E10000011,East Sussex,E07000064,Rother,E02004396,"Westfield, Fairlight & Broad Oak",-99,-99,-99,-99,-99,-99,-99,-99,-99,-99,5,6,-99,-99,-99,-99,-99,-99,-99,-99,-99,-99,-99,-99,-99,-99,-99,-99,-99,-99,-99,-99,-99,-99,3,4,4
E12000008,South East,E10000011,East Sussex,E07000064,Rother,E02004397,Battle & Catsfield,-99,-99,-99,-99,-99,-99,-99,-99,-99,-99,3,-99,-99,-99,-99,-99,-99,-99,-99,-99,-99,-99,-99,-99,-99,-99,-99,-99,-99,-99,-99,-99,-99,-99,-99,-99,-99
E12000008,South East,E10000011,East Sussex,E07000064,Rother,E02004398,Bexhill North & Sidley,-99,-99,-99,-99,-99,-99,-99,-99,-99,-99,-99,-99,-99,-99,-99,-99,-99,-99,-99,-99,-99,-99,-99,-99,-99,-99,-99,-99,-99,-99,-99,-99,-99,-99,-99,-99,-99
E12000008,South East,E10000011,East Sussex,E07000064,Rother,E02004399,Bexhill East & Pebsham,-99,-99,-99,-99,-99,-99,-99,-99,-99,-99,-99,3,3,5,3,11,-99,-99,-99,-99,-99,-99,-99,-99,-99,-99,-99,-99,-99,-99,-99,-99,-99,-99,-99,-99,-99
E12000008,South East,E10000011,East Sussex,E07000064,Rother,E02004400,"Collington, Cooden & Little Common",-99,-99,-99,-99,-99,-99,-99,-99,-99,5,-99,-99,6,5,-99,3,-99,-99,-99,4,3,-99,-99,-99,-99,-99,-99,-99,-99,-99,-99,4,-99,-99,-99,-99,-99
E12000008,South East,E10000011,East Sussex,E07000064,Rother,E02004401,Kewhurst,-99,-99,-99,-99,-99,-99,-99,-99,-99,-99,-99,-99,-99,-99,-99,-99,-99,-99,-99,-99,-99,-99,-99,-99,-99,-99,-99,-99,-99,-99,-99,-99,-99,-99,-99,-99,-99
E12000008,South East,E10000011,East Sussex,E07000064,Rother,E02004402,Bexhill Central,-99,-99,-99,-99,-99,-99,-99,-99,-99,-99,-99,-99,5,5,8,-99,-99,-99,-99,-99,-99,-99,-99,-99,-99,-99,-99,3,-99,-99,-99,-99,-99,-99,-99,-99,-99
E12000008,South East,E10000011,East Sussex,E07000065,Wealden,E02004403,Forest Row & Coleman's Hatch,-99,-99,-99,-99,-99,-99,-99,-99,-99,4,-99,-99,-99,-99,-99,-99,-99,3,-99,-99,-99,-99,-99,-99,-99,-99,-99,-99,-99,-99,-99,3,6,-99,-99,-99,-99
E12000008,South East,E10000011,East Sussex,E07000065,Wealden,E02004404,Frant & Groombridge,-99,-99,-99,-99,-99,-99,-99,-99,-99,-99,3,-99,3,-99,-99,-99,-99,-99,-99,-99,-99,-99,-99,-99,-99,-99,-99,-99,-99,-99,-99,-99,-99,-99,-99,6,6
E12000008,South East,E10000011,East Sussex,E07000065,Wealden,E02004405,Crowborough North East,-99,-99,-99,-99,-99,-99,-99,-99,-99,-99,-99,-99,-99,-99,-99,-99,-99,-99,4,-99,-99,-99,-99,-99,-99,-99,-99,-99,-99,-99,-99,-99,-99,-99,-99,-99,-99
E12000008,South East,E10000011,East Sussex,E07000065,Wealden,E02004406,Crowborough Whitehill & Warren,-99,-99,-99,-99,-99,-99,-99,-99,3,5,5,4,-99,11,-99,10,-99,-99,3,-99,-99,-99,-99,-99,-99,-99,-99,-99,-99,-99,-99,-99,-99,-99,-99,3,3
E12000008,South East,E10000011,East Sussex,E07000065,Wealden,E02004407,Mayfield & Wadhurst,-99,-99,-99,-99,-99,-99,-99,-99,4,-99,-99,-99,-99,7,20,5,-99,-99,-99,3,-99,-99,-99,-99,-99,-99,-99,-99,-99,-99,-99,-99,-99,-99,-99,4,4
E12000008,South East,E10000011,East Sussex,E07000065,Wealden,E02004408,Crowborough South East,-99,-99,-99,-99,-99,-99,-99,-99,-99,-99,-99,-99,-99,-99,-99,-99,-99,-99,-99,-99,-99,-99,-99,-99,-99,-99,-99,-99,-99,-99,-99,-99,-99,-99,-99,-99,-99
E12000008,South East,E10000011,East Sussex,E07000065,Wealden,E02004409,Chelwood & Nutley,-99,-99,-99,-99,-99,-99,-99,-99,-99,-99,-99,5,4,-99,-99,-99,-99,-99,-99,-99,-99,-99,-99,-99,-99,-99,-99,-99,-99,-99,-99,5,-99,-99,-99,7,7
E12000008,South East,E10000011,East Sussex,E07000065,Wealden,E02004410,"Buxted, Framfield & Rotherfield",-99,-99,-99,-99,-99,-99,-99,-99,-99,-99,-99,-99,-99,-99,-99,-99,3,-99,-99,-99,-99,-99,-99,-99,-99,-99,-99,-99,-99,-99,-99,-99,-99,-99,-99,-99,-99
E12000008,South East,E10000011,East Sussex,E07000065,Wealden,E02004411,Uckfield Town & North,-99,-99,-99,-99,-99,-99,-99,-99,3,4,4,-99,5,-99,-99,-99,-99,3,-99,-99,-99,-99,-99,-99,-99,-99,-99,-99,-99,-99,-99,-99,-99,-99,-99,-99,-99
E12000008,South East,E10000011,East Sussex,E07000065,Wealden,E02004412,Heathfield,-99,-99,-99,-99,-99,-99,-99,-99,-99,-99,-99,-99,-99,-99,-99,-99,-99,-99,-99,-99,-99,-99,-99,-99,-99,-99,-99,-99,-99,-99,-99,-99,-99,-99,-99,7,7
E12000008,South East,E10000011,East Sussex,E07000065,Wealden,E02004413,Broad Oak & Horam,-99,-99,-99,-99,-99,-99,-99,-99,-99,-99,4,6,-99,3,-99,-99,-99,-99,-99,-99,-99,-99,-99,-99,-99,-99,-99,-99,-99,-99,-99,-99,-99,-99,-99,-99,-99
E12000008,South East,E10000011,East Sussex,E07000065,Wealden,E02004414,Uckfield South,-99,-99,-99,-99,-99,-99,-99,-99,-99,-99,-99,8,3,-99,-99,-99,3,-99,-99,-99,-99,-99,-99,-99,-99,-99,-99,-99,-99,-99,-99,-99,-99,-99,-99,-99,-99
E12000008,South East,E10000011,East Sussex,E07000065,Wealden,E02004415,"Five Ash Down, Horsted & Chiddingly",-99,-99,-99,-99,-99,-99,-99,-99,-99,-99,-99,-99,4,4,-99,-99,-99,-99,-99,-99,-99,-99,-99,-99,-99,-99,-99,-99,-99,-99,-99,6,-99,-99,-99,-99,-99
E12000008,South East,E10000011,East Sussex,E07000065,Wealden,E02004416,Herstmonceux & Ninfield,-99,-99,-99,-99,-99,-99,-99,-99,-99,-99,-99,-99,-99,-99,-99,-99,-99,-99,-99,-99,-99,-99,-99,-99,-99,-99,-99,-99,-99,-99,-99,-99,-99,-99,-99,-99,-99
E12000008,South East,E10000011,East Sussex,E07000065,Wealden,E02004417,Hailsham Central & East,-99,-99,-99,-99,-99,-99,-99,-99,-99,-99,3,4,4,3,-99,-99,-99,-99,-99,-99,-99,-99,-99,-99,-99,-99,-99,-99,-99,-99,-99,-99,-99,-99,3,-99,-99
E12000008,South East,E10000011,East Sussex,E07000065,Wealden,E02004418,Hailsham South & West,-99,-99,-99,-99,-99,-99,-99,-99,-99,-99,3,-99,-99,-99,-99,-99,3,-99,-99,-99,-99,-99,-99,-99,-99,-99,-99,-99,-99,-99,-99,-99,-99,-99,-99,-99,-99
E12000008,South East,E10000011,East Sussex,E07000065,Wealden,E02004419,Hailsham East,-99,-99,-99,-99,-99,-99,-99,-99,-99,-99,-99,3,9,7,-99,-99,-99,-99,-99,4,-99,-99,-99,-99,-99,-99,-99,-99,-99,-99,-99,-99,-99,-99,-99,3,3
E12000008,South East,E10000011,East Sussex,E07000065,Wealden,E02004420,"Hailsham North, Alfriston & East Dean",-99,-99,-99,-99,-99,-99,-99,-99,-99,5,10,-99,6,3,3,-99,-99,-99,-99,-99,-99,-99,-99,-99,-99,-99,-99,-99,-99,-99,3,-99,-99,-99,-99,-99,-99
E12000008,South East,E10000011,East Sussex,E07000065,Wealden,E02004421,Polegate,-99,-99,-99,-99,-99,-99,-99,-99,-99,-99,-99,-99,3,-99,-99,3,-99,-99,-99,-99,-99,-99,3,-99,-99,3,-99,-99,-99,-99,-99,-99,-99,-99,-99,-99,-99
E12000008,South East,E10000011,East Sussex,E07000065,Wealden,E02004422,"Stone Cross, Westham & Pevensey Bay",-99,-99,-99,-99,-99,-99,-99,-99,-99,-99,-99,-99,-99,-99,-99,-99,-99,-99,-99,-99,-99,-99,-99,-99,-99,-99,-99,-99,-99,-99,-99,-99,-99,-99,-99,-99,-99
E12000008,South East,E10000011,East Sussex,E07000065,Wealden,E02004423,Willingdon,-99,-99,-99,-99,-99,-99,-99,-99,-99,-99,3,-99,5,3,-99,-99,-99,-99,-99,-99,-99,-99,-99,-99,-99,-99,-99,-99,-99,-99,-99,-99,-99,-99,-99,-99,-99
E12000006,East of England,E10000012,Essex,E07000066,Basildon,E02004424,Billericay North East,-99,-99,-99,-99,-99,-99,-99,-99,3,-99,3,-99,4,-99,-99,-99,-99,-99,-99,-99,-99,-99,-99,-99,-99,-99,-99,-99,-99,-99,4,-99,3,-99,3,5,5
E12000006,East of England,E10000012,Essex,E07000066,Basildon,E02004425,Billericay Queen's Park,-99,-99,-99,-99,-99,-99,-99,-99,-99,-99,-99,-99,5,-99,-99,-99,-99,-99,-99,-99,-99,-99,-99,-99,-99,-99,-99,-99,-99,-99,-99,-99,-99,-99,-99,3,3
E12000006,East of England,E10000012,Essex,E07000066,Basildon,E02004426,Billericay Central & Sunnymede,-99,-99,-99,-99,-99,-99,-99,-99,7,-99,4,-99,3,-99,-99,-99,-99,-99,-99,-99,-99,-99,-99,-99,-99,-99,-99,-99,-99,-99,-99,-99,-99,3,3,5,5
E12000006,East of England,E10000012,Essex,E07000066,Basildon,E02004427,Billericay Tye Common,-99,-99,-99,-99,-99,-99,-99,-99,-99,-99,-99,-99,-99,-99,-99,-99,-99,-99,-99,-99,3,-99,-99,-99,-99,-99,-99,-99,-99,-99,-99,-99,-99,-99,3,5,5
E12000006,East of England,E10000012,Essex,E07000066,Basildon,E02004428,Wickford North East,-99,-99,-99,-99,-99,-99,-99,-99,-99,4,3,5,9,5,3,-99,-99,-99,-99,-99,-99,-99,-99,-99,-99,-99,-99,-99,-99,-99,-99,-99,-99,-99,-99,3,3
E12000006,East of England,E10000012,Essex,E07000066,Basildon,E02004429,Wickford West,-99,-99,-99,-99,-99,-99,-99,-99,-99,-99,4,-99,-99,3,4,-99,-99,-99,-99,-99,-99,-99,-99,-99,-99,-99,-99,-99,-99,-99,-99,-99,-99,-99,-99,6,6
E12000006,East of England,E10000012,Essex,E07000066,Basildon,E02004430,Wickford Shotgate,-99,-99,-99,-99,-99,-99,-99,-99,-99,-99,5,4,11,3,-99,-99,-99,-99,-99,-99,-99,-99,-99,-99,-99,-99,-99,-99,-99,-99,-99,-99,-99,-99,-99,-99,-99
E12000006,East of England,E10000012,Essex,E07000066,Basildon,E02004431,Wickford South,-99,-99,-99,-99,-99,-99,-99,-99,-99,4,4,10,5,3,-99,-99,-99,-99,-99,-99,-99,-99,-99,-99,-99,-99,-99,-99,-99,-99,-99,-99,-99,-99,3,7,7
E12000006,East of England,E10000012,Essex,E07000066,Basildon,E02004432,Bursteads,-99,-99,-99,-99,-99,-99,-99,-99,-99,-99,-99,-99,-99,5,3,3,-99,-99,-99,-99,-99,-99,-99,-99,-99,-99,-99,-99,-99,-99,6,6,-99,-99,-99,11,11
E12000006,East of England,E10000012,Essex,E07000066,Basildon,E02004433,Steeple View & Noak Bridge,-99,-99,-99,-99,-99,-99,-99,-99,-99,6,-99,5,3,3,-99,-99,3,-99,-99,-99,-99,-99,-99,-99,-99,-99,-99,-99,-99,-99,-99,-99,-99,-99,-99,8,8
E12000006,East of England,E10000012,Essex,E07000066,Basildon,E02004434,Felmore & Bowers Gifford,-99,-99,-99,-99,-99,-99,-99,-99,5,-99,3,-99,10,4,22,-99,-99,-99,3,-99,-99,-99,-99,-99,-99,-99,-99,-99,-99,-99,-99,-99,-99,-99,3,9,9
E12000006,East of England,E10000012,Essex,E07000066,Basildon,E02004435,Whitmore Way & Fremnells,-99,-99,-99,-99,-99,-99,-99,-99,-99,8,-99,-99,-99,6,-99,-99,-99,-99,-99,4,-99,-99,-99,-99,-99,4,-99,-99,-99,-99,-99,3,-99,-99,5,5,5
E12000006,East of England,E10000012,Essex,E07000066,Basildon,E02004436,Chalvedon,-99,-99,-99,-99,-99,-99,-99,-99,4,4,7,-99,7,9,3,4,5,-99,-99,-99,-99,-99,-99,-99,-99,-99,-99,-99,-99,-99,-99,-99,-99,-99,-99,3,3
E12000006,East of England,E10000012,Essex,E07000066,Basildon,E02004437,Laindon West & Southfields,-99,-99,-99,-99,-99,-99,-99,-99,-99,4,3,-99,7,4,-99,3,-99,-99,-99,-99,-99,-99,-99,-99,-99,-99,-99,-99,-99,-99,-99,-99,5,3,-99,5,5
E12000006,East of England,E10000012,Essex,E07000066,Basildon,E02004438,Basildon Central & Pipps Hill,-99,-99,-99,-99,-99,-99,-99,-99,5,9,6,8,12,5,7,-99,7,9,4,3,-99,-99,-99,-99,-99,-99,-99,-99,-99,-99,-99,4,-99,-99,-99,4,4
E12000006,East of England,E10000012,Essex,E07000066,Basildon,E02004439,Laindon Central,-99,-99,-99,-99,-99,-99,-99,-99,-99,4,5,-99,5,4,-99,-99,3,-99,3,-99,-99,-99,-99,-99,-99,-99,-99,-99,-99,-99,-99,-99,-99,3,3,-99,-99
E12000006,East of England,E10000012,Essex,E07000066,Basildon,E02004440,Laindon East & Lee Chapel North,-99,-99,-99,-99,-99,-99,-99,-99,-99,-99,6,-99,9,13,4,4,-99,-99,9,-99,-99,-99,-99,-99,-99,-99,-99,-99,-99,-99,-99,-99,-99,-99,7,3,3
E12000006,East of England,E10000012,Essex,E07000066,Basildon,E02004441,Eversley,-99,-99,-99,-99,-99,-99,-99,-99,5,-99,-99,-99,5,6,4,-99,-99,-99,-99,4,-99,-99,-99,-99,5,-99,-99,-99,-99,-99,-99,-99,-99,-99,-99,5,5
E12000006,East of England,E10000012,Essex,E07000066,Basildon,E02004442,Barstable,-99,-99,-99,-99,-99,-99,-99,-99,5,5,4,-99,6,-99,4,-99,-99,-99,-99,-99,-99,-99,-99,-99,-99,-99,-99,-99,-99,-99,-99,-99,-99,-99,-99,5,5
E12000006,East of England,E10000012,Essex,E07000066,Basildon,E02004443,Lee Chapel South & Kingswood,-99,-99,-99,-99,-99,-99,-99,-99,3,9,12,-99,15,9,-99,-99,-99,-99,4,-99,-99,-99,4,-99,-99,-99,-99,-99,-99,-99,-99,6,4,-99,8,7,7
E12000006,East of England,E10000012,Essex,E07000066,Basildon,E02004444,Langdon Hills,-99,-99,-99,-99,-99,-99,-99,-99,-99,10,3,4,4,8,-99,-99,3,4,-99,-99,-99,-99,3,-99,-99,-99,-99,-99,-99,-99,-99,-99,-99,3,5,6,6
E12000006,East of England,E10000012,Essex,E07000066,Basildon,E02004445,Vange & Pitsea,-99,-99,-99,-99,-99,-99,-99,-99,-99,7,4,3,8,-99,-99,-99,-99,-99,-99,-99,-99,-99,-99,-99,-99,-99,-99,-99,-99,-99,-99,-99,-99,-99,-99,7,7
E12000006,East of England,E10000012,Essex,E07000067,Braintree,E02004446,Steeple Bumpstead & Great Yeldham,-99,-99,-99,-99,-99,-99,-99,-99,-99,3,-99,-99,4,-99,-99,-99,-99,-99,-99,-99,-99,-99,-99,-99,-99,-99,-99,-99,-99,-99,-99,-99,-99,-99,-99,6,6
E12000006,East of England,E10000012,Essex,E07000067,Braintree,E02004447,"Bures Hamlet, Maplestead & Belchamp",-99,-99,-99,-99,-99,-99,-99,-99,-99,-99,-99,-99,-99,-99,-99,-99,-99,-99,-99,-99,-99,-99,-99,-99,-99,-99,-99,-99,-99,-99,-99,-99,-99,-99,-99,-99,-99
E12000006,East of England,E10000012,Essex,E07000067,Braintree,E02004448,"Hedingham, Gosfield & Greenstead Green",-99,-99,-99,-99,-99,-99,-99,-99,-99,3,-99,-99,-99,-99,-99,-99,-99,-99,-99,-99,-99,-99,-99,-99,-99,-99,-99,-99,-99,-99,-99,-99,-99,-99,-99,-99,-99
E12000006,East of England,E10000012,Essex,E07000067,Braintree,E02004449,Halstead Central & West,-99,-99,-99,-99,-99,-99,-99,-99,-99,-99,-99,-99,11,6,-99,-99,3,-99,-99,-99,-99,-99,-99,-99,-99,-99,-99,-99,-99,-99,-99,-99,-99,-99,-99,-99,-99
E12000006,East of England,E10000012,Essex,E07000067,Braintree,E02004450,"Panfield, Finchingfield & Bardfield",-99,-99,-99,-99,-99,-99,-99,-99,-99,-99,-99,-99,-99,-99,-99,-99,-99,-99,-99,-99,-99,-99,-99,-99,-99,-99,-99,-99,-99,-99,-99,-99,-99,-99,-99,4,4
E12000006,East of England,E10000012,Essex,E07000067,Braintree,E02004451,Halstead East & Colnes,-99,-99,-99,-99,-99,-99,-99,-99,-99,4,4,4,11,5,-99,-99,-99,-99,-99,-99,-99,-99,-99,-99,-99,-99,-99,-99,-99,-99,-99,-99,-99,-99,-99,-99,-99
E12000006,East of England,E10000012,Essex,E07000067,Braintree,E02004452,Bocking Churchstreet & Blackwater,-99,-99,-99,-99,-99,-99,-99,3,-99,-99,5,-99,4,-99,6,11,4,-99,-99,-99,-99,-99,-99,-99,-99,-99,-99,-99,-99,-99,-99,-99,-99,-99,-99,-99,-99
E12000006,East of England,E10000012,Essex,E07000067,Braintree,E02004453,Bocking,-99,-99,-99,-99,-99,-99,-99,-99,-99,-99,-99,-99,-99,-99,3,-99,-99,-99,-99,-99,-99,-99,-99,3,3,3,3,-99,-99,-99,-99,4,-99,-99,-99,-99,-99
E12000006,East of England,E10000012,Essex,E07000067,Braintree,E02004454,Central Braintree,-99,-99,-99,-99,-99,-99,-99,-99,-99,-99,3,-99,4,10,6,-99,-99,-99,-99,-99,-99,-99,-99,21,13,3,-99,-99,-99,-99,-99,-99,-99,-99,-99,-99,-99
E12000006,East of England,E10000012,Essex,E07000067,Braintree,E02004455,Braintree West & Rayne,-99,-99,-99,-99,-99,-99,-99,-99,-99,-99,-99,-99,-99,-99,-99,-99,-99,-99,-99,-99,-99,-99,-99,-99,-99,-99,-99,-99,-99,-99,-99,-99,-99,-99,-99,-99,-99
E12000006,East of England,E10000012,Essex,E07000067,Braintree,E02004456,Braintree South,-99,-99,-99,-99,-99,-99,-99,-99,-99,5,3,7,7,3,-99,-99,6,-99,-99,-99,-99,-99,3,4,3,3,-99,-99,-99,-99,-99,-99,-99,-99,-99,-99,-99
E12000006,East of England,E10000012,Essex,E07000067,Braintree,E02004457,Silver End & Stisted,-99,-99,-99,-99,-99,-99,-99,-99,-99,-99,-99,3,10,3,-99,-99,-99,-99,-99,-99,-99,-99,-99,-99,-99,-99,-99,-99,-99,-99,-99,-99,-99,-99,5,-99,-99
E12000006,East of England,E10000012,Essex,E07000067,Braintree,E02004458,Great Notley & Black Notley,-99,-99,-99,-99,-99,-99,-99,-99,-99,-99,-99,-99,5,4,-99,-99,-99,-99,-99,-99,-99,-99,-99,-99,-99,-99,-99,-99,-99,-99,-99,-99,-99,-99,7,7,7
E12000006,East of England,E10000012,Essex,E07000067,Braintree,E02004459,Coggeshall & Kelvedon,-99,-99,-99,-99,-99,-99,-99,-99,-99,5,5,3,3,4,-99,-99,6,-99,-99,-99,-99,-99,-99,-99,-99,-99,-99,-99,-99,-99,-99,-99,-99,-99,6,6,6
E12000006,East of England,E10000012,Essex,E07000067,Braintree,E02004460,North Witham,-99,-99,-99,-99,-99,-99,-99,-99,-99,-99,-99,-99,3,6,-99,-99,-99,-99,-99,-99,-99,-99,-99,-99,-99,-99,-99,-99,-99,-99,-99,-99,-99,-99,-99,-99,-99
E12000006,East of England,E10000012,Essex,E07000067,Braintree,E02004461,West Witham,-99,-99,-99,-99,-99,-99,-99,-99,-99,-99,-99,-99,-99,-99,-99,5,-99,-99,-99,-99,-99,-99,-99,-99,-99,-99,-99,-99,-99,-99,-99,-99,-99,-99,-99,-99,-99
E12000006,East of England,E10000012,Essex,E07000067,Braintree,E02004462,Witham Town,-99,-99,-99,-99,-99,-99,-99,-99,-99,4,-99,-99,5,3,-99,4,-99,-99,-99,-99,-99,-99,-99,-99,-99,-99,-99,-99,-99,-99,-99,-99,-99,-99,3,5,5
E12000006,East of England,E10000012,Essex,E07000067,Braintree,E02004463,"Witham South, Hatfield Peverel & White Notley",-99,-99,-99,-99,-99,-99,-99,-99,6,5,-99,4,4,6,3,11,-99,4,-99,-99,-99,-99,-99,-99,-99,-99,-99,-99,-99,-99,-99,-99,-99,-99,-99,-99,-99
E12000006,East of England,E10000012,Essex,E07000068,Brentwood,E02004464,Kelvedon Hatch & Doddinghurst,-99,-99,-99,-99,-99,-99,-99,-99,-99,4,-99,-99,9,9,3,-99,-99,4,-99,-99,-99,-99,-99,-99,-99,-99,-99,-99,-99,-99,-99,3,-99,-99,7,3,3
E12000006,East of England,E10000012,Essex,E07000068,Brentwood,E02004465,Ingatestone & Mountnessing,-99,-99,-99,-99,-99,-99,-99,-99,-99,6,3,-99,-99,-99,-99,-99,-99,-99,-99,-99,-99,-99,-99,-99,-99,-99,-99,-99,-99,-99,-99,-99,-99,3,-99,3,3
E12000006,East of England,E10000012,Essex,E07000068,Brentwood,E02004466,Hutton,-99,-99,-99,-99,-99,-99,-99,-99,3,7,5,3,8,-99,-99,-99,-99,-99,-99,-99,-99,-99,-99,-99,-99,-99,-99,-99,-99,-99,-99,-99,-99,-99,-99,5,5
E12000006,East of England,E10000012,Essex,E07000068,Brentwood,E02004467,Brentwood North,-99,-99,-99,-99,-99,-99,-99,-99,-99,6,8,-99,5,5,4,-99,3,-99,-99,-99,-99,-99,-99,-99,-99,-99,-99,-99,-99,-99,-99,-99,-99,-99,-99,4,4
E12000006,East of England,E10000012,Essex,E07000068,Brentwood,E02004468,Shenfield & Hutton Mount,-99,-99,-99,-99,-99,-99,-99,-99,-99,7,3,-99,-99,3,-99,3,3,-99,-99,-99,-99,-99,-99,3,-99,-99,-99,-99,-99,-99,-99,-99,3,-99,3,7,7
E12000006,East of England,E10000012,Essex,E07000068,Brentwood,E02004469,Brook Street & Pilgrim's Hatch,-99,-99,-99,-99,-99,-99,-99,-99,-99,-99,4,3,-99,-99,-99,-99,-99,-99,-99,-99,-99,-99,-99,-99,-99,-99,-99,-99,-99,-99,-99,-99,-99,4,4,10,10
E12000006,East of England,E10000012,Essex,E07000068,Brentwood,E02004470,Brentwood Central,-99,-99,-99,-99,-99,-99,-99,3,4,4,3,-99,4,-99,4,4,-99,-99,-99,-99,-99,3,-99,-99,-99,-99,-99,-99,-99,-99,-99,-99,3,6,4,12,12
E12000006,East of England,E10000012,Essex,E07000068,Brentwood,E02004471,Brentwood South & Warley,-99,-99,-99,-99,-99,-99,-99,-99,3,11,11,3,7,-99,5,-99,-99,-99,-99,-99,-99,4,-99,-99,-99,-99,-99,-99,-99,-99,-99,5,-99,-99,5,11,11
E12000006,East of England,E10000012,Essex,E07000068,Brentwood,E02004472,"Herongate, Ingrave & West Horndon",-99,-99,-99,-99,-99,-99,-99,-99,-99,4,-99,3,-99,-99,3,-99,-99,-99,-99,-99,-99,-99,-99,-99,-99,-99,-99,-99,-99,-99,5,4,3,4,-99,5,5
E12000006,East of England,E10000012,Essex,E07000069,Castle Point,E02004473,Benfleet North,-99,-99,-99,-99,-99,-99,-99,-99,-99,-99,-99,-99,-99,-99,4,-99,-99,-99,-99,-99,-99,-99,-99,-99,-99,-99,-99,-99,-99,-99,-99,-99,-99,-99,4,-99,-99
E12000006,East of England,E10000012,Essex,E07000069,Castle Point,E02004474,New Thundersley,-99,-99,-99,-99,-99,-99,-99,-99,4,3,-99,-99,-99,8,5,-99,-99,4,-99,-99,-99,-99,-99,-99,-99,-99,-99,-99,-99,-99,-99,-99,-99,6,4,3,3
E12000006,East of England,E10000012,Essex,E07000069,Castle Point,E02004475,Benfleet Appleton,-99,-99,-99,-99,-99,-99,3,-99,-99,3,-99,-99,4,3,-99,-99,-99,3,-99,-99,3,-99,-99,-99,-99,-99,-99,-99,-99,-99,-99,-99,6,-99,-99,3,3
E12000006,East of England,E10000012,Essex,E07000069,Castle Point,E02004476,Thundersley Glen,-99,-99,-99,-99,-99,-99,-99,-99,-99,4,4,-99,-99,-99,-99,-99,-99,-99,3,-99,-99,-99,-99,-99,-99,-99,-99,-99,-99,-99,-99,-99,8,3,8,8,8
E12000006,East of England,E10000012,Essex,E07000069,Castle Point,E02004477,Hadleigh North,-99,-99,-99,-99,-99,-99,-99,-99,-99,5,-99,-99,-99,-99,-99,-99,-99,-99,-99,-99,-99,-99,-99,-99,-99,-99,-99,-99,-99,-99,-99,-99,-99,-99,-99,-99,-99
E12000006,East of England,E10000012,Essex,E07000069,Castle Point,E02004478,Hadleigh South,-99,-99,-99,-99,-99,-99,-99,-99,-99,3,3,-99,-99,-99,-99,-99,3,-99,-99,-99,5,-99,-99,-99,-99,-99,-99,-99,-99,-99,-99,-99,-99,-99,-99,-99,-99
E12000006,East of England,E10000012,Essex,E07000069,Castle Point,E02004479,South Benfleet,-99,-99,-99,-99,-99,-99,-99,-99,3,4,-99,-99,5,3,4,7,5,3,-99,-99,-99,-99,-99,-99,-99,-99,-99,-99,-99,-99,-99,-99,-99,-99,-99,5,5
E12000006,East of England,E10000012,Essex,E07000069,Castle Point,E02004480,Canvey Island Winter Gardens,-99,-99,-99,-99,-99,-99,-99,-99,-99,4,4,-99,3,-99,-99,-99,-99,-99,-99,3,-99,3,-99,3,-99,-99,-99,-99,-99,-99,5,3,-99,-99,-99,4,4
E12000006,East of England,E10000012,Essex,E07000069,Castle Point,E02004481,Canvey Island Newlands,-99,-99,-99,-99,-99,-99,-99,-99,-99,4,4,-99,-99,-99,-99,-99,-99,-99,-99,3,-99,3,-99,-99,-99,-99,-99,-99,-99,-99,-99,-99,-99,5,-99,3,3
E12000006,East of England,E10000012,Essex,E07000069,Castle Point,E02004482,Canvey Island North West,-99,-99,-99,-99,-99,-99,-99,-99,-99,-99,-99,3,-99,-99,-99,-99,3,-99,-99,-99,4,-99,-99,-99,3,-99,-99,-99,-99,-99,-99,-99,-99,5,-99,7,7
E12000006,East of England,E10000012,Essex,E07000069,Castle Point,E02004483,Canvey Island South West,-99,-99,-99,-99,-99,-99,-99,-99,3,3,6,-99,-99,-99,3,-99,-99,-99,-99,-99,-99,-99,-99,-99,-99,-99,-99,-99,-99,-99,-99,-99,3,-99,3,4,4
E12000006,East of England,E10000012,Essex,E07000069,Castle Point,E02004484,Canvey Island Leigh Beck,-99,-99,-99,-99,-99,-99,-99,-99,3,6,5,-99,3,3,-99,-99,4,-99,-99,-99,-99,-99,-99,-99,-99,-99,-99,-99,-99,-99,-99,3,-99,-99,-99,-99,-99
E12000006,East of England,E10000012,Essex,E07000070,Chelmsford,E02004485,Great Leighs & the Walthams,-99,-99,-99,-99,-99,-99,-99,-99,-99,-99,4,-99,4,6,-99,-99,-99,-99,-99,-99,-99,-99,-99,-99,-99,-99,-99,-99,-99,-99,-99,-99,-99,-99,-99,-99,-99
E12000006,East of England,E10000012,Essex,E07000070,Chelmsford,E02004486,South Broomfield,-99,-99,-99,-99,-99,-99,-99,-99,6,12,5,6,10,9,20,-99,4,-99,-99,-99,-99,-99,-99,-99,-99,-99,-99,-99,-99,3,-99,-99,-99,-99,-99,-99,-99
E12000006,East of England,E10000012,Essex,E07000070,Chelmsford,E02004487,"Melbourne Park, Chignall & Pleshey",-99,-99,-99,-99,-99,-99,-99,-99,-99,-99,-99,-99,-99,3,-99,-99,-99,-99,-99,-99,-99,-99,-99,-99,-99,-99,-99,-99,-99,-99,-99,-99,-99,-99,-99,-99,-99
E12000006,East of England,E10000012,Essex,E07000070,Chelmsford,E02004488,Springfield North,-99,-99,-99,-99,-99,-99,-99,-99,-99,4,-99,3,11,6,5,-99,5,8,-99,-99,-99,-99,-99,-99,-99,-99,-99,-99,-99,-99,-99,-99,-99,-99,-99,6,6
E12000006,East of England,E10000012,Essex,E07000070,Chelmsford,E02004489,Boreham & Little Baddow,-99,-99,-99,-99,-99,-99,-99,-99,-99,-99,-99,-99,4,4,-99,-99,-99,-99,-99,-99,-99,-99,-99,-99,-99,-99,-99,-99,-99,-99,-99,-99,-99,-99,-99,3,3
E12000006,East of England,E10000012,Essex,E07000070,Chelmsford,E02004490,Melbourne,-99,-99,-99,-99,-99,-99,-99,-99,-99,5,-99,8,10,3,3,3,5,-99,-99,-99,-99,-99,-99,-99,-99,-99,-99,-99,-99,-99,-99,-99,-99,-99,-99,-99,-99
E12000006,East of England,E10000012,Essex,E07000070,Chelmsford,E02004491,Springfield South & Coronation Park,-99,-99,-99,-99,-99,-99,-99,-99,-99,5,-99,7,7,-99,-99,-99,-99,-99,-99,-99,-99,-99,-99,-99,-99,-99,-99,-99,-99,-99,-99,-99,3,-99,-99,5,5
E12000006,East of England,E10000012,Essex,E07000070,Chelmsford,E02004492,Chelmer Village,-99,-99,-99,-99,-99,-99,-99,-99,5,-99,3,-99,6,3,-99,-99,-99,-99,-99,-99,-99,-99,-99,-99,-99,-99,-99,-99,-99,-99,-99,3,-99,-99,-99,3,3
E12000006,East of England,E10000012,Essex,E07000070,Chelmsford,E02004493,Waterhouse Lane & Admirals Park,-99,-99,-99,-99,-99,-99,-99,-99,7,3,-99,3,7,-99,4,4,-99,-99,-99,-99,-99,-99,-99,-99,-99,3,3,-99,-99,-99,-99,-99,-99,-99,-99,5,5
E12000006,East of England,E10000012,Essex,E07000070,Chelmsford,E02004494,Central Chelmsford,-99,-99,-99,-99,-99,-99,4,-99,5,9,8,6,16,17,18,12,3,12,-99,-99,-99,-99,-99,-99,-99,-99,-99,-99,-99,-99,-99,-99,-99,-99,-99,3,3
E12000006,East of England,E10000012,Essex,E07000070,Chelmsford,E02004495,Writtle & Highwood,-99,-99,-99,-99,-99,-99,-99,-99,4,4,-99,-99,5,-99,-99,-99,-99,-99,-99,-99,-99,-99,-99,-99,-99,-99,-99,-99,-99,-99,-99,-99,-99,-99,-99,5,5
E12000006,East of England,E10000012,Essex,E07000070,Chelmsford,E02004496,Moulsham West,-99,-99,-99,-99,-99,-99,-99,-99,-99,3,-99,-99,5,3,5,5,-99,-99,-99,-99,-99,-99,-99,-99,-99,-99,-99,-99,-99,-99,-99,-99,-99,-99,-99,8,8
E12000006,East of England,E10000012,Essex,E07000070,Chelmsford,E02004497,Great Baddow North & East,-99,-99,-99,-99,-99,-99,-99,-99,7,-99,5,-99,5,-99,4,-99,-99,-99,-99,3,-99,-99,-99,-99,-99,-99,-99,-99,-99,-99,4,-99,-99,-99,-99,7,7
E12000006,East of England,E10000012,Essex,E07000070,Chelmsford,E02004498,Great Baddow South & West,-99,-99,-99,-99,-99,-99,-99,-99,-99,3,-99,3,3,4,4,-99,-99,-99,-99,-99,-99,-99,-99,-99,-99,-99,-99,-99,-99,-99,-99,-99,-99,-99,-99,-99,-99
E12000006,East of England,E10000012,Essex,E07000070,Chelmsford,E02004499,Moulsham East,-99,-99,-99,-99,-99,-99,-99,-99,-99,-99,4,-99,8,3,-99,-99,-99,3,-99,-99,-99,-99,-99,-99,-99,-99,-99,-99,-99,-99,-99,-99,-99,-99,4,6,6
E12000006,East of England,E10000012,Essex,E07000070,Chelmsford,E02004500,Danbury & Bicknacre,-99,-99,-99,-99,-99,-99,-99,-99,-99,-99,-99,-99,-99,6,3,3,-99,-99,-99,-99,-99,-99,-99,-99,-99,-99,-99,-99,-99,-99,-99,-99,-99,-99,-99,5,5
E12000006,East of England,E10000012,Essex,E07000070,Chelmsford,E02004501,Galleywood,-99,-99,-99,-99,-99,-99,-99,-99,-99,-99,-99,3,-99,3,-99,3,-99,-99,-99,-99,-99,-99,-99,-99,-99,-99,-99,-99,-99,-99,-99,-99,-99,-99,-99,3,3
E12000006,East of England,E10000012,Essex,E07000070,Chelmsford,E02004502,"Margaretting, Stock & Ramsden",-99,-99,-99,-99,-99,-99,-99,-99,-99,6,-99,-99,-99,-99,-99,-99,-99,-99,-99,-99,-99,-99,-99,-99,-99,-99,-99,-99,-99,-99,-99,3,-99,-99,4,4,4
E12000006,East of England,E10000012,Essex,E07000070,Chelmsford,E02004503,South Woodham Ferrers North,-99,-99,-99,-99,-99,-99,-99,-99,3,-99,-99,-99,4,4,-99,-99,-99,-99,-99,-99,-99,-99,-99,-99,-99,-99,-99,-99,-99,-99,-99,-99,-99,-99,7,5,5
E12000006,East of England,E10000012,Essex,E07000070,Chelmsford,E02004504,South Woodham Ferrers South,-99,-99,-99,-99,-99,-99,-99,-99,3,-99,-99,-99,3,3,-99,4,6,14,-99,-99,-99,3,4,-99,-99,-99,-99,-99,-99,-99,-99,-99,-99,-99,6,3,3
E12000006,East of England,E10000012,Essex,E07000070,Chelmsford,E02004505,Rettendon & Runwell,-99,-99,-99,-99,-99,-99,-99,-99,-99,4,3,-99,4,-99,-99,-99,-99,3,-99,-99,-99,-99,-99,-99,-99,-99,-99,-99,-99,-99,-99,-99,-99,-99,-99,-99,-99
E12000006,East of England,E10000012,Essex,E07000071,Colchester,E02004506,"Horkesley Heath, Langham & Dedham",-99,-99,-99,-99,-99,-99,-99,-99,-99,-99,-99,6,4,3,-99,-99,4,-99,-99,-99,-99,-99,-99,-99,-99,-99,-99,-99,-99,-99,-99,-99,-99,-99,-99,3,3
E12000006,East of England,E10000012,Essex,E07000071,Colchester,E02004507,Highwoods,-99,-99,-99,-99,-99,-99,-99,-99,-99,3,3,5,11,10,5,7,-99,-99,-99,-99,-99,-99,-99,-99,-99,-99,-99,-99,-99,-99,-99,-99,-99,-99,3,-99,-99
E12000006,East of England,E10000012,Essex,E07000071,Colchester,E02004508,West Bergholt & Wormingford,-99,-99,-99,-99,-99,-99,-99,-99,-99,-99,-99,-99,-99,5,-99,-99,-99,-99,-99,-99,-99,-99,-99,-99,-99,-99,-99,-99,-99,-99,-99,-99,-99,-99,-99,-99,-99
E12000006,East of England,E10000012,Essex,E07000071,Colchester,E02004509,Mile End & Braiswick,-99,-99,-99,-99,-99,-99,-99,-99,3,6,9,14,21,21,10,8,9,-99,-99,-99,-99,-99,-99,-99,-99,-99,-99,-99,-99,-99,-99,-99,-99,-99,-99,8,8
E12000006,East of England,E10000012,Essex,E07000071,Colchester,E02004512,Central Colchester,-99,-99,-99,-99,-99,-99,-99,-99,-99,-99,-99,-99,6,9,4,-99,9,-99,-99,-99,-99,-99,-99,-99,-99,-99,-99,-99,-99,-99,-99,-99,-99,-99,-99,3,3
E12000006,East of England,E10000012,Essex,E07000071,Colchester,E02004513,Greenstead,-99,-99,-99,-99,-99,-99,-99,-99,-99,3,-99,-99,7,5,6,3,-99,-99,-99,-99,-99,-99,-99,-99,-99,-99,-99,-99,-99,-99,-99,-99,-99,-99,-99,-99,-99
E12000006,East of England,E10000012,Essex,E07000071,Colchester,E02004514,Lexden,-99,-99,-99,-99,-99,-99,-99,-99,-99,-99,3,-99,4,4,-99,-99,-99,-99,-99,-99,-99,-99,-99,-99,-99,-99,-99,-99,3,-99,-99,-99,-99,-99,-99,-99,-99
E12000006,East of England,E10000012,Essex,E07000071,Colchester,E02004515,Marks Tey & Wakes Colne,-99,-99,-99,-99,-99,-99,-99,-99,3,-99,-99,-99,3,-99,3,-99,4,-99,-99,-99,-99,-99,-99,-99,-99,3,-99,-99,-99,-99,-99,-99,-99,-99,-99,3,3
E12000006,East of England,E10000012,Essex,E07000071,Colchester,E02004516,New Town & Hythe,-99,-99,-99,-99,-99,-99,-99,-99,-99,-99,-99,6,17,9,-99,3,6,-99,-99,-99,-99,-99,-99,-99,-99,-99,-99,-99,-99,-99,-99,3,-99,-99,-99,-99,-99
E12000006,East of England,E10000012,Essex,E07000071,Colchester,E02004517,Stanway,-99,-99,-99,-99,-99,-99,-99,-99,-99,3,3,-99,4,5,5,4,4,-99,-99,-99,-99,-99,-99,-99,-99,-99,-99,-99,-99,-99,-99,-99,-99,3,4,-99,-99
E12000006,East of England,E10000012,Essex,E07000071,Colchester,E02004518,Abbey Field,-99,-99,-99,-99,-99,-99,-99,-99,-99,-99,-99,-99,5,3,-99,3,-99,-99,-99,-99,-99,-99,-99,-99,-99,-99,-99,-99,-99,3,3,-99,-99,-99,4,6,6
E12000006,East of England,E10000012,Essex,E07000071,Colchester,E02004519,Prettygate & Westlands,-99,-99,-99,-99,-99,-99,-99,-99,-99,4,-99,-99,5,3,3,-99,-99,-99,-99,-99,-99,-99,-99,-99,-99,-99,-99,-99,-99,-99,-99,-99,-99,-99,-99,4,4
E12000006,East of England,E10000012,Essex,E07000071,Colchester,E02004520,Shrub End,-99,-99,-99,-99,-99,-99,-99,-99,-99,-99,-99,3,15,7,-99,3,-99,-99,-99,-99,-99,-99,-99,-99,-99,-99,-99,-99,-99,-99,-99,-99,-99,-99,3,-99,-99
E12000006,East of England,E10000012,Essex,E07000071,Colchester,E02004521,Old Heath & Rowhedge,-99,-99,-99,-99,-99,-99,-99,-99,-99,4,-99,-99,10,9,-99,-99,-99,-99,-99,-99,-99,-99,-99,-99,-99,-99,-99,-99,-99,-99,-99,-99,-99,-99,-99,5,5
E12000006,East of England,E10000012,Essex,E07000071,Colchester,E02004522,Wivenhoe & University,-99,-99,-99,-99,-99,-99,-99,-99,-99,-99,-99,3,4,-99,-99,4,3,-99,3,-99,-99,-99,-99,-99,-99,-99,-99,-99,-99,-99,-99,-99,-99,3,-99,3,3
E12000006,East of England,E10000012,Essex,E07000071,Colchester,E02004523,Monkwick,-99,-99,-99,-99,-99,-99,-99,-99,-99,-99,5,-99,16,11,11,5,-99,-99,-99,-99,-99,-99,-99,-99,-99,-99,-99,-99,-99,-99,-99,-99,-99,-99,-99,5,5
E12000006,East of England,E10000012,Essex,E07000071,Colchester,E02004524,"Layer-de-la-Haye, Abberton & Mersea East",-99,-99,-99,-99,-99,-99,-99,-99,-99,-99,-99,4,12,16,-99,-99,-99,-99,-99,-99,-99,-99,-99,-99,-99,-99,-99,-99,-99,-99,-99,-99,-99,-99,-99,-99,-99
E12000006,East of England,E10000012,Essex,E07000071,Colchester,E02004525,Tiptree,-99,-99,-99,-99,-99,-99,-99,-99,-99,-99,-99,-99,5,-99,-99,-99,3,-99,-99,-99,-99,-99,-99,-99,-99,-99,-99,-99,-99,-99,-99,-99,-99,-99,-99,-99,-99
E12000006,East of England,E10000012,Essex,E07000071,Colchester,E02004526,West Mersea,-99,-99,-99,-99,-99,-99,-99,-99,4,-99,-99,-99,4,-99,-99,-99,-99,-99,-99,-99,-99,-99,-99,-99,-99,-99,-99,-99,-99,-99,-99,-99,-99,6,-99,-99,-99
E12000006,East of England,E10000012,Essex,E07000072,Epping Forest,E02004527,"North Weald, Matching & Sheering",-99,-99,-99,-99,-99,-99,-99,-99,4,4,5,4,4,3,-99,-99,-99,-99,-99,-99,-99,-99,-99,-99,-99,-99,-99,5,-99,-99,-99,-99,-99,-99,5,7,7
E12000006,East of England,E10000012,Essex,E07000072,Epping Forest,E02004528,"Roydon, Lower Nazeing & Epping Green",-99,-99,-99,-99,-99,-99,-99,-99,3,3,-99,-99,-99,-99,-99,-99,-99,-99,-99,-99,-99,-99,-99,-99,-99,-99,-99,-99,-99,-99,-99,-99,-99,3,3,-99,-99
E12000006,East of England,E10000012,Essex,E07000072,Epping Forest,E02004529,"Fyfield, High Ongar & Stapleford Abbotts",-99,-99,-99,-99,-99,-99,-99,-99,-99,4,-99,3,3,-99,-99,-99,-99,-99,-99,-99,-99,-99,-99,-99,-99,-99,-99,-99,-99,-99,-99,-99,4,-99,-99,3,3
E12000006,East of England,E10000012,Essex,E07000072,Epping Forest,E02004530,Chipping Ongar,-99,-99,-99,-99,-99,-99,-99,-99,3,-99,4,5,-99,3,-99,-99,-99,-99,-99,-99,-99,-99,-99,-99,-99,-99,-99,-99,-99,-99,-99,-99,-99,-99,-99,3,3
E12000006,East of England,E10000012,Essex,E07000072,Epping Forest,E02004531,Epping North,-99,-99,-99,-99,-99,-99,-99,-99,4,4,4,3,5,-99,3,-99,-99,-99,-99,-99,-99,-99,-99,-99,-99,-99,-99,-99,-99,-99,-99,-99,-99,-99,3,4,4
E12000006,East of England,E10000012,Essex,E07000072,Epping Forest,E02004532,Epping South,-99,-99,-99,-99,-99,-99,-99,-99,8,3,-99,-99,-99,3,-99,-99,-99,-99,-99,-99,-99,-99,-99,-99,-99,-99,-99,-99,-99,-99,-99,-99,-99,-99,-99,3,3
E12000006,East of England,E10000012,Essex,E07000072,Epping Forest,E02004533,Waltham Abbey North,-99,-99,-99,-99,-99,-99,-99,3,7,4,7,10,5,6,5,-99,-99,-99,-99,-99,-99,-99,-99,-99,-99,-99,-99,-99,-99,-99,-99,-99,-99,3,3,10,10
E12000006,East of England,E10000012,Essex,E07000072,Epping Forest,E02004534,Waltham Abbey South,-99,-99,-99,-99,-99,-99,-99,-99,3,3,7,-99,-99,-99,-99,-99,-99,-99,-99,-99,-99,-99,-99,-99,-99,-99,-99,-99,-99,4,-99,-99,-99,-99,5,3,3
E12000006,East of England,E10000012,Essex,E07000072,Epping Forest,E02004535,Waltham Abbey West & Outer,-99,-99,-99,-99,-99,-99,-99,-99,9,8,3,5,-99,-99,-99,-99,-99,-99,-99,-99,-99,-99,-99,-99,-99,-99,-99,-99,-99,-99,-99,-99,-99,-99,-99,3,3
E12000006,East of England,E10000012,Essex,E07000072,Epping Forest,E02004536,Theydon Bois & Abridge,-99,-99,-99,-99,-99,-99,-99,-99,-99,3,5,-99,4,-99,-99,-99,-99,-99,-99,-99,-99,-99,-99,-99,-99,-99,-99,-99,3,-99,4,-99,-99,-99,-99,-99,-99
E12000006,East of England,E10000012,Essex,E07000072,Epping Forest,E02004537,Loughton East,-99,-99,-99,-99,-99,-99,-99,-99,-99,10,5,3,-99,4,-99,-99,-99,-99,-99,-99,-99,-99,-99,-99,-99,-99,-99,-99,-99,-99,-99,-99,-99,5,7,3,3
E12000006,East of England,E10000012,Essex,E07000072,Epping Forest,E02004538,Loughton North,-99,-99,-99,-99,-99,-99,-99,4,-99,9,7,6,6,-99,-99,-99,-99,-99,-99,-99,-99,-99,-99,-99,-99,-99,-99,-99,-99,-99,-99,4,-99,7,9,8,8
E12000006,East of England,E10000012,Essex,E07000072,Epping Forest,E02004539,Loughton South,-99,-99,-99,-99,-99,-99,-99,-99,4,6,3,3,3,-99,-99,-99,-99,-99,-99,-99,-99,-99,-99,-99,-99,-99,-99,-99,-99,-99,-99,-99,-99,5,4,5,5
E12000006,East of England,E10000012,Essex,E07000072,Epping Forest,E02004540,Loughton West,-99,-99,-99,-99,-99,-99,-99,3,5,3,4,-99,-99,3,-99,-99,-99,-99,-99,-99,-99,-99,-99,-99,-99,-99,-99,-99,-99,-99,3,-99,-99,3,8,5,5
E12000006,East of England,E10000012,Essex,E07000072,Epping Forest,E02004541,Buckhurst Hill,-99,-99,-99,-99,-99,-99,-99,-99,7,14,12,3,-99,-99,4,-99,-99,-99,-99,-99,-99,-99,-99,-99,-99,-99,-99,-99,-99,-99,4,-99,3,8,11,11,11
E12000006,East of England,E10000012,Essex,E07000072,Epping Forest,E02004542,Chigwell,-99,-99,-99,-99,-99,-99,-99,-99,-99,-99,6,-99,3,-99,-99,-99,-99,-99,-99,-99,-99,-99,-99,-99,-99,-99,-99,-99,-99,-99,3,4,-99,4,-99,13,13
E12000006,East of England,E10000012,Essex,E07000072,Epping Forest,E02004543,Grange Hill,-99,-99,-99,-99,-99,-99,-99,-99,-99,8,5,7,5,3,-99,-99,-99,-99,-99,-99,3,-99,-99,-99,-99,-99,-99,-99,-99,-99,-99,-99,-99,4,4,4,4
E12000006,East of England,E10000012,Essex,E07000073,Harlow,E02004544,Old Harlow & Newhall,-99,-99,-99,-99,-99,-99,-99,-99,3,13,7,4,8,8,3,-99,-99,-99,-99,-99,-99,-99,-99,-99,-99,-99,-99,-99,-99,-99,-99,-99,-99,-99,8,4,4
E12000006,East of England,E10000012,Essex,E07000073,Harlow,E02004545,Mark Hall & Templefields,-99,-99,-99,-99,-99,-99,-99,-99,3,6,3,4,3,-99,3,-99,-99,-99,-99,-99,-99,-99,-99,-99,-99,-99,-99,-99,-99,-99,-99,-99,-99,3,4,-99,-99
E12000006,East of England,E10000012,Essex,E07000073,Harlow,E02004546,Nettleswell,-99,-99,-99,-99,-99,-99,-99,-99,-99,4,5,-99,8,-99,-99,-99,-99,-99,-99,-99,-99,-99,-99,-99,-99,-99,-99,-99,-99,-99,-99,-99,-99,-99,-99,5,5
E12000006,East of England,E10000012,Essex,E07000073,Harlow,E02004547,Little Parndon & Hare Street,-99,-99,-99,-99,-99,-99,-99,-99,6,10,10,12,7,8,9,3,-99,-99,-99,-99,-99,-99,3,-99,-99,-99,-99,-99,-99,-99,-99,-99,-99,-99,-99,-99,-99
E12000006,East of England,E10000012,Essex,E07000073,Harlow,E02004548,Church Langley,-99,-99,-99,-99,-99,-99,-99,-99,-99,6,-99,4,-99,-99,3,-99,-99,-99,-99,-99,-99,-99,-99,-99,-99,-99,-99,-99,-99,-99,-99,-99,-99,-99,5,4,4
E12000006,East of England,E10000012,Essex,E07000073,Harlow,E02004549,Bush Fair & Brays Grove,-99,-99,-99,-99,-99,-99,-99,-99,10,9,4,5,4,4,-99,-99,-99,-99,-99,-99,-99,-99,-99,-99,-99,-99,-99,-99,-99,-99,-99,-99,-99,4,-99,-99,-99
E12000006,East of England,E10000012,Essex,E07000073,Harlow,E02004550,Passmores & The High,-99,-99,-99,-99,-99,-99,-99,-99,5,6,6,7,5,8,-99,6,-99,-99,-99,-99,-99,-99,-99,-99,-99,-99,-99,-99,-99,-99,-99,-99,-99,7,8,6,6
E12000006,East of England,E10000012,Essex,E07000073,Harlow,E02004551,Potter Street,-99,-99,-99,-99,-99,-99,-99,-99,5,3,6,6,-99,4,5,-99,-99,-99,-99,-99,-99,-99,-99,-99,-99,-99,-99,-99,-99,-99,-99,-99,-99,3,-99,-99,-99
E12000006,East of England,E10000012,Essex,E07000073,Harlow,E02004552,Great Parndon & Katherines,-99,-99,-99,-99,-99,-99,-99,-99,-99,3,4,3,-99,-99,-99,-99,-99,-99,-99,-99,-99,-99,-99,-99,-99,-99,-99,-99,-99,-99,-99,-99,-99,3,3,-99,-99
E12000006,East of England,E10000012,Essex,E07000073,Harlow,E02004553,Staple Tye & Latton Bush,-99,-99,-99,-99,-99,-99,-99,-99,3,-99,3,5,5,-99,-99,-99,-99,-99,-99,-99,-99,-99,-99,-99,-99,-99,-99,-99,-99,-99,-99,-99,-99,-99,-99,-99,-99
E12000006,East of England,E10000012,Essex,E07000073,Harlow,E02004554,Kingsmoor,-99,-99,-99,-99,-99,-99,-99,-99,-99,3,3,-99,-99,6,-99,-99,-99,-99,-99,-99,-99,-99,-99,-99,-99,-99,-99,-99,-99,-99,-99,-99,-99,-99,-99,-99,-99
E12000006,East of England,E10000012,Essex,E07000074,Maldon,E02004555,"Tollesbury, Tolleshunt & Goldhanger",-99,-99,-99,-99,-99,-99,-99,-99,-99,-99,-99,4,4,8,-99,-99,-99,-99,-99,-99,-99,-99,-99,-99,-99,-99,-99,-99,-99,-99,-99,-99,-99,-99,-99,-99,-99
E12000006,East of England,E10000012,Essex,E07000074,Maldon,E02004556,"Great Totham, Wickham Bishops & Woodham",-99,-99,-99,-99,-99,-99,-99,-99,-99,-99,3,3,4,-99,-99,-99,-99,-99,-99,-99,-99,-99,-99,-99,-99,-99,-99,-99,-99,-99,-99,-99,-99,-99,-99,3,3
E12000006,East of England,E10000012,Essex,E07000074,Maldon,E02004557,Heybridge,-99,-99,-99,-99,-99,-99,-99,-99,-99,-99,4,-99,8,3,-99,-99,-99,-99,-99,-99,-99,-99,-99,-99,-99,-99,-99,-99,-99,-99,-99,-99,-99,-99,-99,-99,-99
E12000006,East of England,E10000012,Essex,E07000074,Maldon,E02004558,Maldon North,-99,-99,-99,-99,-99,-99,-99,-99,-99,4,-99,4,-99,-99,-99,-99,-99,-99,-99,-99,-99,-99,-99,-99,-99,-99,-99,-99,-99,-99,-99,-99,-99,-99,-99,-99,-99
E12000006,East of England,E10000012,Essex,E07000074,Maldon,E02004559,Maldon South,-99,-99,-99,-99,-99,-99,-99,-99,3,-99,-99,-99,-99,3,-99,-99,-99,-99,-99,-99,-99,-99,-99,-99,-99,-99,-99,-99,-99,-99,-99,-99,-99,-99,-99,4,4
E12000006,East of England,E10000012,Essex,E07000074,Maldon,E02004560,"Southminster, Bradwell & Dengie Peninsula",-99,-99,-99,-99,-99,-99,-99,-99,-99,6,4,-99,-99,-99,-99,-99,-99,-99,-99,-99,-99,-99,-99,-99,-99,-99,-99,-99,-99,-99,-99,-99,-99,-99,-99,-99,-99
E12000006,East of England,E10000012,Essex,E07000074,Maldon,E02004561,"Mayland, Althorne & Cold Norton",-99,-99,-99,-99,-99,-99,-99,-99,3,4,-99,3,-99,-99,-99,-99,-99,-99,-99,-99,-99,-99,-99,-99,-99,-99,-99,-99,-99,-99,-99,-99,-99,-99,6,-99,-99
E12000006,East of England,E10000012,Essex,E07000074,Maldon,E02004562,Burnham-on-Crouch,-99,-99,-99,-99,-99,-99,-99,-99,-99,-99,-99,-99,-99,-99,-99,-99,-99,-99,-99,-99,-99,-99,-99,-99,-99,-99,-99,-99,-99,-99,-99,-99,-99,-99,-99,-99,-99
E12000006,East of England,E10000012,Essex,E07000075,Rochford,E02004563,Hullbridge,-99,-99,-99,-99,-99,-99,-99,-99,-99,3,-99,4,-99,4,-99,-99,-99,-99,-99,-99,-99,-99,-99,-99,-99,-99,-99,-99,-99,-99,-99,-99,-99,-99,-99,-99,-99
E12000006,East of England,E10000012,Essex,E07000075,Rochford,E02004564,Ashingdon,-99,-99,-99,-99,-99,-99,-99,-99,3,3,-99,5,-99,-99,-99,4,-99,-99,4,4,-99,-99,-99,-99,-99,-99,-99,-99,-99,-99,-99,-99,4,-99,-99,3,3
E12000006,East of England,E10000012,Essex,E07000075,Rochford,E02004565,Hockley & Hawkwell West,-99,-99,-99,-99,-99,-99,-99,-99,4,3,-99,-99,5,-99,-99,-99,-99,-99,-99,-99,4,-99,-99,-99,-99,-99,-99,-99,-99,6,3,-99,-99,-99,-99,-99,-99
E12000006,East of England,E10000012,Essex,E07000075,Rochford,E02004566,Rochford Town & Canewdon,-99,-99,-99,-99,-99,-99,-99,-99,-99,7,3,-99,-99,-99,-99,3,-99,-99,-99,-99,-99,-99,-99,-99,-99,-99,-99,-99,-99,-99,-99,-99,-99,-99,-99,-99,-99
E12000006,East of England,E10000012,Essex,E07000075,Rochford,E02004567,Rayleigh North East,-99,-99,-99,-99,-99,-99,-99,-99,-99,4,3,-99,4,9,9,-99,-99,-99,4,-99,4,-99,-99,-99,-99,-99,-99,-99,-99,-99,-99,-99,-99,4,-99,-99,-99
E12000006,East of England,E10000012,Essex,E07000075,Rochford,E02004568,Rayleigh North West,-99,-99,-99,-99,-99,-99,-99,-99,4,3,-99,-99,-99,-99,-99,-99,-99,4,-99,-99,-99,-99,-99,-99,-99,-99,-99,-99,-99,-99,-99,-99,-99,5,-99,-99,-99
E12000006,East of England,E10000012,Essex,E07000075,Rochford,E02004569,Rochford Outer & Hawkwell East,-99,-99,-99,-99,-99,-99,-99,-99,-99,5,-99,-99,4,4,4,-99,-99,-99,-99,3,-99,-99,-99,-99,-99,-99,-99,-99,-99,-99,-99,-99,-99,-99,-99,-99,-99
E12000006,East of England,E10000012,Essex,E07000075,Rochford,E02004570,Rayleigh South West,-99,-99,-99,-99,-99,-99,-99,-99,4,-99,3,-99,-99,14,4,3,5,-99,-99,-99,-99,3,-99,-99,-99,-99,-99,-99,-99,-99,-99,-99,-99,-99,-99,4,4
E12000006,East of England,E10000012,Essex,E07000075,Rochford,E02004571,Rayleigh South East,-99,-99,-99,-99,-99,-99,-99,-99,-99,6,3,-99,3,-99,3,-99,-99,-99,-99,-99,-99,-99,-99,-99,-99,-99,-99,-99,-99,-99,-99,-99,-99,3,-99,-99,-99
E12000006,East of England,E10000012,Essex,E07000075,Rochford,E02004572,Great Wakering & Foulness,-99,-99,-99,-99,-99,-99,-99,-99,-99,-99,4,-99,4,-99,-99,-99,-99,-99,-99,4,-99,-99,-99,-99,-99,-99,-99,-99,-99,-99,-99,-99,-99,-99,-99,3,3
E12000006,East of England,E10000012,Essex,E07000076,Tendring,E02004573,Harwich Town & Dovercourt,-99,-99,-99,-99,-99,-99,-99,-99,-99,3,5,3,5,10,4,3,-99,-99,-99,-99,-99,-99,-99,-99,-99,4,-99,-99,-99,-99,-99,-99,-99,-99,-99,-99,-99
E12000006,East of England,E10000012,Essex,E07000076,Tendring,E02004574,Harwich Parkeston,-99,-99,-99,-99,-99,-99,-99,-99,-99,-99,-99,-99,4,-99,-99,-99,-99,-99,-99,-99,-99,-99,-99,-99,-99,-99,-99,-99,-99,-99,-99,-99,-99,-99,-99,-99,-99
E12000006,East of England,E10000012,Essex,E07000076,Tendring,E02004575,Manningtree & Mistley,-99,-99,-99,-99,-99,-99,-99,-99,-99,-99,-99,7,9,4,-99,3,-99,-99,-99,-99,-99,-99,-99,-99,-99,-99,-99,-99,-99,-99,-99,-99,-99,-99,-99,3,3
E12000006,East of England,E10000012,Essex,E07000076,Tendring,E02004576,Harwich West & South,-99,-99,-99,-99,-99,-99,-99,-99,-99,-99,4,5,-99,3,-99,3,3,-99,-99,-99,-99,-99,-99,-99,-99,-99,-99,-99,-99,-99,-99,-99,-99,-99,-99,3,3
E12000006,East of England,E10000012,Essex,E07000076,Tendring,E02004577,Elmstead Market & Ardleigh,-99,-99,-99,-99,-99,-99,-99,-99,3,-99,-99,3,3,5,-99,-99,-99,-99,4,-99,-99,-99,-99,-99,-99,-99,-99,-99,-99,-99,-99,-99,-99,-99,-99,-99,-99
E12000006,East of England,E10000012,Essex,E07000076,Tendring,E02004578,Walton & Frinton Coastal,-99,-99,-99,-99,-99,-99,-99,-99,-99,3,6,12,25,4,-99,6,3,-99,-99,-99,-99,-99,-99,-99,-99,-99,-99,-99,-99,-99,-99,-99,-99,-99,-99,-99,-99
E12000006,East of England,E10000012,Essex,E07000076,Tendring,E02004579,Weeley & Thorpe-le-Soken,-99,-99,-99,-99,-99,-99,-99,-99,-99,-99,-99,-99,-99,-99,-99,-99,-99,-99,-99,-99,-99,-99,-99,-99,-99,-99,-99,-99,-99,-99,-99,-99,-99,-99,-99,4,4
E12000006,East of England,E10000012,Essex,E07000076,Tendring,E02004580,Frinton West & Kirby,-99,-99,-99,-99,-99,-99,-99,-99,-99,8,6,4,16,9,7,6,4,-99,3,-99,-99,-99,-99,-99,-99,-99,-99,-99,-99,-99,-99,-99,-99,4,-99,3,3
E12000006,East of England,E10000012,Essex,E07000076,Tendring,E02004581,"Alresford, Great Bentley & Thorrington",-99,-99,-99,-99,-99,-99,-99,-99,4,5,-99,4,3,4,-99,24,29,-99,4,-99,-99,-99,-99,-99,-99,-99,-99,-99,-99,-99,-99,-99,-99,-99,-99,4,4
E12000006,East of England,E10000012,Essex,E07000076,Tendring,E02004582,Clacton North,-99,-99,-99,-99,-99,-99,-99,-99,-99,-99,5,3,3,7,-99,-99,-99,-99,-99,-99,-99,-99,-99,-99,-99,-99,-99,-99,-99,-99,-99,-99,-99,-99,-99,6,6
E12000006,East of England,E10000012,Essex,E07000076,Tendring,E02004583,Brightlingsea & Point Clear,-99,-99,-99,-99,-99,-99,-99,-99,-99,-99,-99,3,-99,3,-99,3,13,-99,-99,-99,-99,-99,-99,-99,-99,-99,-99,-99,-99,-99,-99,-99,-99,-99,-99,5,5
E12000006,East of England,E10000012,Essex,E07000076,Tendring,E02004584,Holland-on-Sea,-99,-99,-99,-99,-99,-99,-99,-99,3,4,-99,3,-99,-99,-99,-99,-99,-99,-99,-99,-99,-99,-99,-99,-99,-99,-99,-99,-99,-99,-99,-99,-99,-99,-99,3,3
E12000006,East of England,E10000012,Essex,E07000076,Tendring,E02004585,Clacton Bocking's Elm,-99,-99,-99,-99,-99,-99,-99,-99,-99,-99,3,-99,4,4,3,-99,-99,-99,-99,-99,-99,-99,-99,-99,-99,3,-99,-99,-99,-99,-99,-99,-99,-99,-99,-99,-99
E12000006,East of England,E10000012,Essex,E07000076,Tendring,E02004586,Clacton East,-99,-99,-99,-99,-99,-99,-99,-99,-99,-99,-99,9,6,4,3,-99,6,-99,-99,-99,-99,-99,-99,-99,4,-99,-99,-99,-99,-99,-99,-99,-99,-99,-99,9,9
E12000006,East of England,E10000012,Essex,E07000076,Tendring,E02004587,Clacton Rush Green,-99,-99,-99,-99,-99,-99,-99,-99,-99,-99,-99,3,-99,4,-99,-99,3,-99,-99,-99,-99,-99,-99,-99,-99,-99,-99,-99,-99,-99,-99,-99,-99,-99,3,6,6
E12000006,East of England,E10000012,Essex,E07000076,Tendring,E02004588,Clacton Central,-99,-99,-99,-99,-99,-99,-99,-99,-99,8,3,-99,5,5,4,3,-99,4,-99,-99,-99,-99,-99,-99,-99,-99,-99,-99,-99,-99,-99,-99,-99,-99,-99,-99,-99
E12000006,East of England,E10000012,Essex,E07000076,Tendring,E02004589,Clacton West,-99,-99,-99,-99,-99,-99,-99,-99,5,-99,-99,3,3,6,4,4,-99,3,-99,-99,-99,-99,-99,-99,-99,-99,-99,-99,-99,-99,-99,-99,-99,-99,6,3,3
E12000006,East of England,E10000012,Essex,E07000076,Tendring,E02004590,Jaywick & St Osyth,-99,-99,-99,-99,-99,-99,-99,-99,-99,5,-99,3,5,5,7,-99,5,-99,-99,-99,-99,-99,-99,-99,-99,5,-99,-99,-99,-99,-99,-99,-99,-99,-99,4,4
E12000006,East of England,E10000012,Essex,E07000077,Uttlesford,E02004591,"Audley End, Ashdon & the Chesterfords",-99,-99,-99,-99,-99,-99,-99,-99,-99,-99,-99,-99,-99,-99,-99,-99,-99,-99,-99,-99,-99,-99,-99,-99,-99,-99,-99,-99,-99,-99,-99,-99,-99,-99,6,5,5
E12000006,East of England,E10000012,Essex,E07000077,Uttlesford,E02004592,Saffron Walden Town,-99,-99,-99,-99,-99,-99,-99,-99,-99,-99,-99,4,-99,6,-99,-99,-99,-99,-99,-99,-99,-99,-99,-99,-99,-99,-99,-99,-99,-99,-99,-99,-99,3,3,4,4
E12000006,East of England,E10000012,Essex,E07000077,Uttlesford,E02004593,"Newport, Littlebury & Clavering",-99,-99,-99,-99,-99,-99,-99,-99,-99,-99,4,3,-99,-99,4,-99,-99,-99,-99,-99,-99,-99,-99,-99,-99,-99,-99,-99,-99,-99,-99,-99,-99,-99,-99,6,6
E12000006,East of England,E10000012,Essex,E07000077,Uttlesford,E02004594,"Thaxted, Great Sampford & Radwinter",-99,-99,-99,-99,-99,-99,-99,-99,-99,-99,-99,3,-99,4,-99,-99,-99,-99,-99,-99,-99,-99,-99,-99,-99,-99,-99,-99,-99,-99,-99,-99,-99,5,4,-99,-99
E12000006,East of England,E10000012,Essex,E07000077,Uttlesford,E02004595,Stansted Mountfitchet & Elsenham,-99,-99,-99,-99,-99,-99,-99,-99,5,8,7,9,19,5,5,-99,-99,-99,-99,-99,-99,-99,-99,-99,3,-99,-99,-99,4,-99,-99,-99,-99,-99,4,19,19
E12000006,East of England,E10000012,Essex,E07000077,Uttlesford,E02004596,"Takeley, Airport & Mountfitchet South",-99,-99,-99,-99,-99,-99,-99,-99,4,5,4,3,3,4,-99,-99,-99,-99,-99,-99,-99,-99,-99,-99,-99,-99,-99,-99,-99,-99,-99,4,-99,-99,9,14,14
E12000006,East of England,E10000012,Essex,E07000077,Uttlesford,E02004597,Great Dunmow,-99,-99,-99,-99,-99,-99,3,-99,3,4,4,-99,-99,13,3,3,-99,-99,-99,-99,-99,-99,-99,-99,-99,-99,-99,-99,-99,3,3,5,-99,-99,10,6,6
E12000006,East of England,E10000012,Essex,E07000077,Uttlesford,E02004598,"Flitch Green, Felsted & High Easter",-99,-99,-99,-99,-99,-99,-99,-99,-99,-99,3,-99,7,17,29,-99,-99,-99,-99,-99,-99,-99,-99,-99,-99,-99,-99,-99,-99,-99,-99,7,-99,4,4,10,10
E12000006,East of England,E10000012,Essex,E07000077,Uttlesford,E02004599,"Hatfield Heath, Hallingburys & Rodings",-99,-99,-99,-99,-99,-99,-99,-99,5,-99,4,4,3,-99,-99,-99,-99,-99,-99,-99,-99,-99,-99,-99,-99,-99,-99,-99,-99,-99,-99,-99,-99,-99,4,3,3
E12000009,South West,E10000013,Gloucestershire,E07000078,Cheltenham,E02004600,Swindon Village & Wyman's Brook,-99,-99,-99,-99,-99,-99,-99,-99,-99,4,4,-99,3,3,-99,-99,-99,-99,-99,-99,-99,-99,-99,-99,-99,-99,-99,-99,-99,-99,-99,-99,-99,-99,-99,-99,-99
E12000009,South West,E10000013,Gloucestershire,E07000078,Cheltenham,E02004601,Prestbury & Racecourse,-99,-99,-99,-99,-99,-99,-99,-99,-99,-99,-99,-99,3,-99,-99,-99,-99,-99,-99,-99,-99,-99,-99,-99,-99,-99,-99,-99,-99,-99,-99,-99,-99,-99,-99,-99,-99
E12000009,South West,E10000013,Gloucestershire,E07000078,Cheltenham,E02004602,Springbank,-99,-99,-99,-99,-99,-99,-99,-99,-99,6,7,-99,-99,-99,-99,-99,-99,-99,-99,-99,-99,-99,-99,-99,-99,-99,-99,-99,-99,-99,-99,-99,-99,-99,3,3,3
E12000009,South West,E10000013,Gloucestershire,E07000078,Cheltenham,E02004603,St Paul's,-99,-99,-99,-99,-99,-99,-99,-99,-99,-99,4,-99,3,6,-99,3,-99,-99,-99,-99,-99,-99,-99,-99,-99,-99,-99,-99,-99,-99,-99,-99,-99,-99,6,16,16
E12000009,South West,E10000013,Gloucestershire,E07000078,Cheltenham,E02004604,Arle & Hesters Way,-99,-99,-99,-99,-99,-99,-99,-99,-99,9,3,8,5,-99,-99,7,-99,-99,-99,-99,-99,-99,-99,-99,-99,-99,-99,-99,-99,-99,-99,-99,-99,-99,4,-99,-99
E12000009,South West,E10000013,Gloucestershire,E07000078,Cheltenham,E02004605,Oakley,-99,-99,-99,-99,-99,-99,-99,-99,-99,3,5,-99,4,-99,-99,3,-99,-99,-99,-99,-99,-99,-99,-99,-99,-99,-99,-99,-99,-99,-99,-99,-99,-99,-99,-99,-99
E12000009,South West,E10000013,Gloucestershire,E07000078,Cheltenham,E02004606,Alstone & St Mark's,-99,-99,-99,-99,-99,-99,-99,3,5,7,13,3,-99,-99,3,3,-99,-99,3,-99,-99,-99,-99,-99,-99,-99,-99,-99,-99,-99,-99,-99,3,-99,4,-99,-99
E12000009,South West,E10000013,Gloucestershire,E07000078,Cheltenham,E02004607,Pittville & Fairview,-99,-99,-99,-99,-99,-99,-99,-99,-99,6,6,8,3,3,-99,-99,-99,-99,-99,-99,-99,-99,-99,-99,-99,-99,-99,-99,-99,-99,-99,-99,-99,-99,4,6,6
E12000009,South West,E10000013,Gloucestershire,E07000078,Cheltenham,E02004608,Lansdown & Montpellier,-99,-99,-99,-99,-99,-99,-99,-99,3,5,6,13,5,4,4,-99,-99,-99,-99,-99,-99,-99,-99,-99,-99,-99,-99,-99,-99,-99,3,-99,-99,-99,-99,5,5
E12000009,South West,E10000013,Gloucestershire,E07000078,Cheltenham,E02004609,Benhall & The Reddings,-99,-99,-99,-99,-99,-99,-99,-99,3,5,-99,3,3,3,-99,-99,-99,-99,-99,-99,-99,-99,-99,-99,-99,-99,-99,-99,-99,-99,-99,-99,-99,-99,-99,6,6
E12000009,South West,E10000013,Gloucestershire,E07000078,Cheltenham,E02004610,The Park & Warden Hill,-99,-99,-99,-99,-99,-99,-99,-99,-99,-99,4,3,-99,-99,-99,-99,-99,-99,-99,-99,-99,-99,-99,-99,-99,-99,-99,-99,-99,-99,4,-99,-99,-99,-99,-99,-99
E12000009,South West,E10000013,Gloucestershire,E07000078,Cheltenham,E02004611,Battledown & Charlton Kings,-99,-99,-99,-99,-99,-99,-99,-99,3,10,7,7,7,12,3,8,3,3,3,-99,-99,-99,-99,-99,-99,-99,-99,-99,4,-99,-99,-99,-99,-99,7,6,6
E12000009,South West,E10000013,Gloucestershire,E07000078,Cheltenham,E02004612,Hatherley,-99,-99,-99,-99,-99,-99,-99,-99,-99,3,3,3,-99,-99,-99,-99,-99,-99,-99,-99,-99,-99,-99,-99,-99,-99,-99,-99,-99,3,-99,-99,4,3,-99,3,3
E12000009,South West,E10000013,Gloucestershire,E07000078,Cheltenham,E02004613,Charlton Park,-99,-99,-99,-99,-99,-99,-99,-99,-99,6,5,4,3,-99,-99,-99,-99,-99,-99,-99,-99,-99,-99,-99,-99,-99,-99,-99,-99,-99,-99,-99,-99,-99,-99,3,3
E12000009,South West,E10000013,Gloucestershire,E07000078,Cheltenham,E02004614,Leckhampton,-99,-99,-99,-99,-99,-99,-99,-99,4,11,-99,-99,-99,-99,-99,-99,-99,-99,-99,-99,-99,-99,-99,-99,-99,-99,-99,-99,-99,-99,-99,3,3,-99,-99,-99,-99
E12000009,South West,E10000013,Gloucestershire,E07000079,Cotswold,E02004615,"Willersley, Chipping Campden & Blockley",-99,-99,-99,-99,-99,-99,-99,-99,-99,-99,5,-99,-99,-99,-99,-99,-99,-99,-99,-99,-99,-99,-99,-99,-99,-99,-99,-99,-99,-99,-99,-99,-99,-99,-99,-99,-99
E12000009,South West,E10000013,Gloucestershire,E07000079,Cotswold,E02004616,Moreton & Stow-on-the-Wold,-99,-99,-99,-99,-99,-99,-99,-99,3,4,3,3,3,-99,-99,-99,3,-99,-99,-99,-99,-99,-99,-99,-99,-99,-99,-99,-99,-99,-99,-99,-99,-99,-99,3,3
E12000009,South West,E10000013,Gloucestershire,E07000079,Cotswold,E02004617,Bourton-on-the-Water & Vale,-99,-99,-99,-99,-99,-99,-99,-99,4,-99,5,-99,4,3,-99,-99,-99,-99,-99,-99,-99,-99,-99,-99,-99,3,-99,-99,-99,-99,-99,-99,-99,-99,-99,6,6
E12000009,South West,E10000013,Gloucestershire,E07000079,Cotswold,E02004618,"Sandywell, Ermin & Chedworth",-99,-99,-99,-99,-99,-99,-99,-99,3,4,-99,-99,-99,-99,-99,-99,-99,-99,-99,-99,-99,-99,-99,-99,-99,-99,-99,-99,-99,-99,-99,-99,-99,-99,-99,6,6
E12000009,South West,E10000013,Gloucestershire,E07000079,Cotswold,E02004619,"Northleach, Coln Valley & Ampneys",-99,-99,-99,-99,-99,-99,-99,-99,-99,-99,-99,-99,-99,-99,-99,-99,-99,-99,-99,-99,-99,-99,-99,-99,-99,-99,-99,-99,-99,-99,-99,-99,-99,-99,-99,4,4
E12000009,South West,E10000013,Gloucestershire,E07000079,Cotswold,E02004620,Cirencester East & Stratton,-99,-99,-99,-99,-99,-99,-99,-99,3,-99,-99,7,5,10,6,-99,-99,-99,-99,-99,-99,-99,-99,-99,-99,-99,-99,-99,-99,-99,-99,-99,-99,-99,-99,-99,-99
E12000009,South West,E10000013,Gloucestershire,E07000079,Cotswold,E02004621,Cirencester Central,-99,-99,-99,-99,-99,-99,-99,-99,-99,-99,7,3,4,3,6,6,-99,-99,-99,-99,-99,-99,-99,-99,-99,-99,-99,-99,-99,-99,-99,-99,-99,-99,-99,-99,-99
E12000009,South West,E10000013,Gloucestershire,E07000079,Cotswold,E02004622,Cirencester South,-99,-99,-99,-99,-99,-99,-99,-99,-99,-99,3,-99,-99,-99,-99,3,-99,-99,-99,-99,-99,-99,-99,-99,-99,-99,-99,-99,-99,-99,-99,-99,-99,-99,-99,-99,-99
E12000009,South West,E10000013,Gloucestershire,E07000079,Cotswold,E02004623,Fairford & Lechdale,-99,-99,-99,-99,-99,-99,-99,-99,-99,-99,5,-99,4,-99,-99,-99,-99,-99,-99,-99,-99,-99,-99,-99,-99,-99,-99,-99,-99,3,-99,-99,-99,-99,-99,-99,-99
E12000009,South West,E10000013,Gloucestershire,E07000079,Cotswold,E02004624,Kemble & South Cerney,-99,-99,-99,-99,-99,-99,-99,-99,-99,-99,-99,-99,-99,-99,-99,-99,-99,-99,-99,-99,-99,-99,-99,-99,-99,-99,-99,-99,-99,-99,-99,-99,-99,-99,-99,-99,-99
E12000009,South West,E10000013,Gloucestershire,E07000079,Cotswold,E02004625,Tetbury,-99,-99,-99,-99,-99,-99,-99,-99,-99,-99,-99,3,-99,-99,-99,-99,-99,-99,-99,-99,-99,-99,-99,-99,-99,-99,-99,-99,-99,-99,-99,3,-99,-99,3,-99,-99
E12000009,South West,E10000013,Gloucestershire,E07000080,Forest of Dean,E02004626,"Dymock, Hartpury & Huntley",-99,-99,-99,-99,-99,-99,-99,-99,-99,-99,-99,-99,-99,3,-99,-99,-99,-99,-99,-99,-99,-99,-99,-99,-99,-99,-99,-99,-99,-99,-99,-99,4,-99,3,10,10
E12000009,South West,E10000013,Gloucestershire,E07000080,Forest of Dean,E02004627,Newent,-99,-99,-99,-99,-99,-99,-99,-99,-99,-99,-99,-99,-99,-99,-99,-99,-99,-99,-99,-99,-99,-99,-99,-99,-99,-99,-99,-99,-99,-99,-99,-99,-99,-99,-99,-99,-99
E12000009,South West,E10000013,Gloucestershire,E07000080,Forest of Dean,E02004628,"Mitcheldean, Drybrook & Ruardean",-99,-99,-99,-99,-99,-99,-99,-99,-99,-99,-99,-99,-99,7,-99,5,-99,-99,-99,-99,-99,-99,-99,-99,-99,-99,-99,-99,-99,-99,-99,-99,-99,-99,-99,-99,-99
E12000009,South West,E10000013,Gloucestershire,E07000080,Forest of Dean,E02004629,Cinderford,-99,-99,-99,-99,-99,-99,-99,-99,-99,3,-99,6,-99,8,-99,-99,3,-99,-99,-99,-99,-99,-99,-99,-99,-99,-99,-99,-99,-99,-99,-99,-99,-99,-99,-99,-99
E12000009,South West,E10000013,Gloucestershire,E07000080,Forest of Dean,E02004630,"Longhope, Westbury & Blakeney",-99,-99,-99,-99,-99,-99,-99,-99,-99,4,5,-99,-99,-99,-99,-99,3,-99,-99,-99,-99,-99,-99,-99,-99,-99,-99,-99,-99,-99,-99,-99,-99,-99,3,-99,-99
E12000009,South West,E10000013,Gloucestershire,E07000080,Forest of Dean,E02004631,"Lydbrook, Newland & St Briavels",-99,-99,-99,-99,-99,-99,-99,-99,-99,-99,-99,-99,-99,-99,-99,-99,-99,-99,-99,-99,-99,-99,-99,-99,-99,-99,-99,-99,-99,-99,-99,-99,-99,-99,-99,5,5
E12000009,South West,E10000013,Gloucestershire,E07000080,Forest of Dean,E02004632,Coleford,-99,-99,-99,-99,-99,-99,-99,-99,-99,4,4,4,-99,-99,4,-99,-99,-99,-99,-99,-99,-99,-99,-99,-99,-99,-99,-99,-99,-99,-99,-99,-99,-99,-99,-99,-99
E12000009,South West,E10000013,Gloucestershire,E07000080,Forest of Dean,E02004633,"Bream, Pillowell & Yorkley",-99,-99,-99,-99,-99,-99,-99,-99,4,6,5,3,-99,-99,-99,-99,-99,-99,-99,-99,-99,-99,-99,-99,-99,-99,-99,-99,-99,-99,-99,-99,-99,3,-99,-99,-99
E12000009,South West,E10000013,Gloucestershire,E07000080,Forest of Dean,E02004634,Lydney,-99,-99,-99,-99,-99,-99,-99,-99,-99,5,5,-99,4,3,-99,-99,-99,-99,-99,-99,-99,-99,-99,-99,-99,-99,-99,-99,-99,-99,-99,-99,-99,-99,7,6,6
E12000009,South West,E10000013,Gloucestershire,E07000080,Forest of Dean,E02004635,Tidenham & Woolaston,-99,-99,-99,-99,-99,-99,-99,-99,-99,-99,-99,-99,-99,-99,-99,-99,-99,-99,-99,-99,-99,-99,-99,-99,-99,-99,-99,-99,-99,-99,-99,-99,-99,-99,-99,-99,-99
E12000009,South West,E10000013,Gloucestershire,E07000081,Gloucester,E02004636,Longlevens,-99,-99,-99,-99,-99,-99,-99,-99,3,-99,5,3,6,3,-99,-99,-99,-99,-99,-99,-99,-99,-99,-99,-99,-99,-99,-99,-99,-99,-99,-99,-99,3,-99,8,8
E12000009,South West,E10000013,Gloucestershire,E07000081,Gloucester,E02004637,Kingsholm & Wotton,-99,-99,-99,-99,-99,-99,-99,-99,3,4,7,11,19,30,7,5,-99,-99,-99,-99,-99,-99,-99,-99,-99,-99,-99,-99,-99,-99,-99,-99,-99,-99,3,5,5
E12000009,South West,E10000013,Gloucestershire,E07000081,Gloucester,E02004638,Elmbridge,-99,-99,-99,-99,-99,-99,-99,3,-99,3,4,3,-99,3,-99,-99,-99,-99,-99,-99,-99,-99,-99,-99,-99,-99,-99,-99,-99,-99,-99,-99,-99,-99,4,-99,-99
E12000009,South West,E10000013,Gloucestershire,E07000081,Gloucester,E02004639,Central Gloucester & Hempsted,-99,-99,-99,-99,-99,-99,-99,-99,4,6,7,8,3,4,7,-99,-99,-99,-99,-99,-99,-99,-99,-99,-99,-99,-99,-99,-99,-99,-99,-99,-99,-99,-99,5,5
E12000009,South West,E10000013,Gloucestershire,E07000081,Gloucester,E02004640,Barton,-99,-99,-99,-99,-99,-99,-99,-99,-99,3,5,5,7,4,-99,5,-99,-99,-99,-99,-99,-99,-99,-99,-99,-99,-99,-99,-99,-99,-99,-99,3,5,-99,4,4
E12000009,South West,E10000013,Gloucestershire,E07000081,Gloucester,E02004641,Hucclecote,-99,-99,-99,-99,-99,-99,-99,-99,-99,5,4,5,4,-99,-99,-99,-99,-99,-99,-99,-99,-99,-99,-99,-99,-99,-99,-99,-99,-99,-99,-99,-99,-99,-99,6,6
E12000009,South West,E10000013,Gloucestershire,E07000081,Gloucester,E02004642,"Coney Hill, Barnwood & Abbeydale",-99,-99,-99,-99,-99,-99,-99,-99,4,4,5,8,9,6,-99,-99,-99,-99,-99,-99,-99,-99,-99,-99,-99,-99,-99,-99,-99,-99,-99,-99,-99,-99,-99,4,4
E12000009,South West,E10000013,Gloucestershire,E07000081,Gloucester,E02004643,Tredworth,-99,-99,-99,-99,-99,-99,-99,-99,-99,4,4,11,-99,3,4,-99,-99,-99,-99,-99,-99,-99,-99,-99,-99,-99,-99,3,-99,-99,-99,-99,-99,4,-99,9,9
E12000009,South West,E10000013,Gloucestershire,E07000081,Gloucester,E02004644,Podsmead & Linden,-99,-99,-99,-99,-99,-99,-99,-99,-99,3,6,-99,4,-99,4,3,-99,-99,-99,-99,-99,-99,-99,-99,-99,-99,-99,-99,-99,-99,-99,-99,-99,-99,-99,4,4
E12000009,South West,E10000013,Gloucestershire,E07000081,Gloucester,E02004645,Abbeymead & Abbeydale,-99,-99,-99,-99,-99,-99,-99,-99,-99,-99,-99,8,3,3,-99,-99,-99,-99,-99,-99,-99,-99,-99,-99,-99,-99,-99,-99,-99,-99,-99,-99,3,-99,-99,-99,-99
E12000009,South West,E10000013,Gloucestershire,E07000081,Gloucester,E02004646,Matson & Robinswood,-99,-99,-99,-99,-99,-99,-99,-99,-99,4,3,9,8,10,6,4,-99,-99,-99,-99,-99,-99,-99,-99,-99,-99,-99,4,-99,-99,-99,-99,-99,-99,-99,6,6
E12000009,South West,E10000013,Gloucestershire,E07000081,Gloucester,E02004647,Tuffley,-99,-99,-99,-99,-99,-99,-99,-99,-99,-99,6,4,5,11,13,-99,-99,-99,-99,-99,-99,-99,-99,-99,-99,-99,-99,3,-99,-99,-99,-99,-99,-99,-99,-99,-99
E12000009,South West,E10000013,Gloucestershire,E07000081,Gloucester,E02004648,Lower Tuffley,-99,-99,-99,-99,-99,-99,-99,-99,-99,-99,8,3,4,3,3,-99,-99,-99,-99,-99,-99,-99,-99,-99,-99,-99,-99,-99,-99,-99,-99,-99,-99,-99,-99,-99,-99
E12000009,South West,E10000013,Gloucestershire,E07000081,Gloucester,E02004649,Quedgeley North,-99,-99,-99,-99,-99,-99,-99,-99,-99,4,-99,4,-99,3,-99,-99,-99,-99,-99,-99,-99,-99,-99,-99,-99,-99,-99,-99,-99,-99,-99,-99,-99,6,-99,-99,-99
E12000009,South West,E10000013,Gloucestershire,E07000081,Gloucester,E02004650,Quedgeley South,-99,-99,-99,-99,-99,-99,-99,-99,-99,5,9,10,6,9,-99,5,-99,-99,-99,-99,-99,-99,-99,-99,-99,-99,-99,-99,-99,-99,-99,5,-99,-99,-99,4,4
E12000009,South West,E10000013,Gloucestershire,E07000082,Stroud,E02004651,Upton St Leonards & Hardwicke,-99,-99,-99,-99,-99,-99,-99,-99,-99,4,-99,6,3,3,3,-99,-99,-99,-99,-99,-99,-99,-99,-99,-99,-99,-99,-99,-99,-99,-99,-99,-99,-99,-99,7,7
E12000009,South West,E10000013,Gloucestershire,E07000082,Stroud,E02004652,"Painswick, Bisley & Eastcombe",-99,-99,-99,-99,-99,-99,-99,-99,-99,3,-99,-99,-99,-99,-99,-99,-99,-99,-99,-99,-99,-99,-99,-99,-99,-99,-99,-99,-99,-99,-99,-99,-99,-99,-99,-99,-99
E12000009,South West,E10000013,Gloucestershire,E07000082,Stroud,E02004653,"Frampton, Whitminster & Eastington",-99,-99,-99,-99,-99,-99,-99,-99,-99,4,4,6,-99,-99,-99,-99,-99,3,-99,-99,-99,-99,-99,-99,-99,-99,-99,-99,-99,-99,-99,-99,-99,-99,-99,-99,-99
E12000009,South West,E10000013,Gloucestershire,E07000082,Stroud,E02004654,Ebley & Randwick,-99,-99,-99,-99,-99,-99,-99,-99,-99,-99,12,7,5,-99,-99,3,-99,-99,-99,-99,-99,-99,-99,-99,-99,-99,-99,-99,-99,-99,-99,-99,-99,-99,-99,-99,-99
E12000009,South West,E10000013,Gloucestershire,E07000082,Stroud,E02004655,Stonehouse,-99,-99,-99,-99,-99,-99,-99,-99,-99,5,9,-99,5,-99,4,-99,-99,-99,-99,-99,-99,-99,-99,-99,-99,-99,-99,-99,-99,-99,-99,-99,-99,-99,5,4,4
E12000009,South West,E10000013,Gloucestershire,E07000082,Stroud,E02004656,Stroud Town,-99,-99,-99,-99,-99,-99,-99,-99,-99,5,5,3,3,4,-99,-99,-99,-99,-99,-99,-99,-99,-99,-99,-99,-99,-99,-99,-99,-99,-99,-99,-99,3,-99,4,4
E12000009,South West,E10000013,Gloucestershire,E07000082,Stroud,E02004657,Rodborough & Thrupp,-99,-99,-99,-99,-99,-99,-99,-99,-99,-99,3,-99,-99,-99,-99,-99,-99,-99,-99,-99,-99,-99,-99,-99,-99,-99,-99,-99,-99,-99,-99,-99,-99,-99,-99,4,4
E12000009,South West,E10000013,Gloucestershire,E07000082,Stroud,E02004658,Chalford & Bussage,-99,-99,-99,-99,-99,-99,-99,-99,-99,-99,-99,-99,-99,-99,-99,-99,-99,-99,-99,-99,-99,-99,-99,-99,-99,-99,-99,-99,-99,-99,-99,-99,-99,3,-99,-99,-99
E12000009,South West,E10000013,Gloucestershire,E07000082,Stroud,E02004659,Leonard Stanley & Uley,-99,-99,-99,-99,-99,-99,-99,-99,-99,-99,-99,3,-99,-99,-99,-99,-99,-99,-99,-99,-99,-99,-99,-99,-99,-99,-99,-99,-99,-99,-99,-99,-99,-99,-99,-99,-99
E12000009,South West,E10000013,Gloucestershire,E07000082,Stroud,E02004660,Minchinhampton & Amberley,-99,-99,-99,-99,-99,-99,-99,-99,-99,-99,-99,-99,-99,-99,-99,-99,-99,-99,-99,-99,-99,-99,-99,-99,-99,-99,-99,-99,-99,-99,-99,-99,-99,-99,-99,3,3
E12000009,South West,E10000013,Gloucestershire,E07000082,Stroud,E02004661,Cam,-99,-99,-99,-99,-99,-99,-99,-99,-99,-99,6,-99,3,-99,-99,-99,-99,-99,-99,-99,-99,-99,-99,-99,-99,-99,-99,-99,-99,4,-99,-99,-99,-99,3,-99,-99
E12000009,South West,E10000013,Gloucestershire,E07000082,Stroud,E02004662,Berkeley & Sharpness,-99,-99,-99,-99,-99,-99,-99,-99,-99,-99,4,5,4,-99,-99,-99,-99,-99,-99,-99,-99,-99,-99,-99,-99,-99,-99,-99,-99,-99,-99,-99,-99,-99,-99,3,3
E12000009,South West,E10000013,Gloucestershire,E07000082,Stroud,E02004663,Nailsworth,-99,-99,-99,-99,-99,-99,-99,-99,-99,4,3,-99,-99,-99,-99,-99,-99,-99,-99,-99,-99,-99,-99,-99,-99,-99,-99,-99,-99,-99,-99,-99,-99,-99,-99,-99,-99
E12000009,South West,E10000013,Gloucestershire,E07000082,Stroud,E02004664,Dursley,-99,-99,-99,-99,-99,-99,-99,-99,-99,-99,3,-99,4,3,-99,-99,-99,-99,-99,-99,-99,-99,-99,-99,-99,-99,-99,-99,-99,-99,-99,-99,-99,-99,-99,-99,-99
E12000009,South West,E10000013,Gloucestershire,E07000082,Stroud,E02004665,Wotton-under-Edge & Kingswood,-99,-99,-99,-99,-99,-99,-99,-99,-99,-99,3,-99,4,-99,-99,-99,-99,-99,-99,-99,-99,-99,-99,-99,-99,-99,-99,-99,-99,-99,-99,-99,4,-99,-99,-99,-99
E12000009,South West,E10000013,Gloucestershire,E07000083,Tewkesbury,E02004666,Tewkesbury East & Ashchurch,-99,-99,-99,-99,-99,-99,-99,-99,-99,-99,8,4,9,8,3,3,4,-99,-99,-99,-99,-99,3,-99,-99,-99,-99,-99,-99,-99,-99,3,-99,-99,-99,3,3
E12000009,South West,E10000013,Gloucestershire,E07000083,Tewkesbury,E02004667,Tewkesbury West & Twyning,-99,-99,-99,-99,-99,-99,-99,-99,-99,-99,4,7,6,3,-99,-99,3,-99,-99,-99,-99,-99,-99,-99,-99,-99,-99,-99,-99,-99,-99,-99,-99,-99,-99,-99,-99
E12000009,South West,E10000013,Gloucestershire,E07000083,Tewkesbury,E02004668,Winchcombe & Washbourne,-99,-99,-99,-99,-99,-99,-99,-99,-99,-99,3,-99,-99,-99,-99,-99,-99,-99,-99,-99,-99,-99,-99,-99,-99,-99,-99,-99,-99,-99,-99,-99,-99,-99,-99,-99,-99
E12000009,South West,E10000013,Gloucestershire,E07000083,Tewkesbury,E02004669,"Cleeve Hill, Gotherington & Apperley",-99,-99,-99,-99,-99,-99,-99,-99,-99,-99,-99,-99,-99,-99,-99,-99,-99,-99,-99,-99,-99,-99,-99,-99,-99,-99,-99,-99,-99,-99,-99,-99,-99,-99,5,4,4
E12000009,South West,E10000013,Gloucestershire,E07000083,Tewkesbury,E02004670,Bishop's Cleeve,-99,-99,-99,-99,-99,-99,-99,-99,8,4,7,11,3,-99,4,4,-99,-99,-99,-99,-99,-99,-99,-99,-99,-99,-99,-99,3,-99,-99,-99,4,-99,-99,6,6
E12000009,South West,E10000013,Gloucestershire,E07000083,Tewkesbury,E02004671,"Highnam, Longford & Norton",-99,-99,-99,-99,-99,-99,-99,-99,3,-99,-99,-99,-99,-99,-99,-99,-99,-99,-99,-99,-99,-99,-99,-99,-99,-99,-99,-99,-99,-99,-99,-99,-99,-99,-99,4,4
E12000009,South West,E10000013,Gloucestershire,E07000083,Tewkesbury,E02004672,Churchdown & Innsworth,-99,-99,-99,-99,-99,-99,-99,-99,3,3,6,4,-99,5,-99,3,-99,-99,-99,-99,-99,-99,-99,-99,-99,-99,-99,-99,-99,-99,-99,-99,3,5,-99,12,12
E12000009,South West,E10000013,Gloucestershire,E07000083,Tewkesbury,E02004673,"Shurdington, Staverton & Witcombe",-99,-99,-99,-99,-99,-99,-99,-99,-99,-99,5,-99,-99,-99,6,-99,-99,-99,-99,-99,-99,-99,-99,-99,-99,-99,-99,-99,-99,-99,-99,-99,-99,-99,-99,-99,-99
E12000009,South West,E10000013,Gloucestershire,E07000083,Tewkesbury,E02004674,Brockworth & Coopers Edge,-99,-99,-99,-99,-99,-99,-99,-99,-99,4,17,3,5,5,7,3,-99,-99,-99,-99,-99,-99,-99,-99,-99,-99,-99,5,-99,-99,-99,-99,-99,-99,3,-99,-99
E12000008,South East,E10000014,Hampshire,E07000084,Basingstoke and Deane,E02004675,Tadley West,-99,-99,-99,-99,-99,-99,-99,-99,3,5,6,5,-99,-99,7,-99,3,-99,-99,-99,-99,-99,-99,-99,-99,-99,-99,-99,-99,-99,-99,-99,-99,-99,-99,-99,-99
E12000008,South East,E10000014,Hampshire,E07000084,Basingstoke and Deane,E02004676,"Tadley East, Pamber & Silchester",-99,-99,-99,-99,-99,-99,-99,-99,3,5,4,5,3,-99,-99,-99,3,-99,-99,-99,-99,-99,-99,-99,-99,-99,-99,-99,-99,-99,-99,-99,-99,-99,-99,-99,-99
E12000008,South East,E10000014,Hampshire,E07000084,Basingstoke and Deane,E02004677,"Woolton Hill, Burghclere & Bishops Green",-99,-99,-99,-99,-99,-99,-99,-99,-99,4,-99,-99,3,3,-99,-99,-99,-99,-99,-99,-99,-99,-99,-99,-99,-99,-99,-99,-99,-99,-99,-99,-99,-99,-99,5,5
E12000008,South East,E10000014,Hampshire,E07000084,Basingstoke and Deane,E02004678,Kingsclere & Heath End,-99,-99,-99,-99,-99,-99,-99,-99,-99,6,-99,-99,-99,-99,-99,3,5,-99,-99,-99,-99,-99,-99,-99,-99,-99,-99,-99,-99,-99,-99,-99,-99,-99,-99,5,5
E12000008,South East,E10000014,Hampshire,E07000084,Basingstoke and Deane,E02004679,"Bramley, Sherfield & the Sherbornes",-99,-99,-99,-99,-99,-99,-99,-99,3,5,6,3,4,-99,-99,-99,6,4,10,-99,-99,-99,-99,-99,-99,-99,-99,-99,-99,-99,-99,-99,-99,-99,-99,-99,-99
E12000008,South East,E10000014,Hampshire,E07000084,Basingstoke and Deane,E02004680,Chineham,-99,-99,-99,-99,-99,-99,-99,-99,5,3,5,-99,3,-99,-99,-99,3,-99,-99,-99,-99,-99,-99,-99,-99,-99,-99,-99,-99,-99,-99,-99,-99,-99,-99,-99,-99
E12000008,South East,E10000014,Hampshire,E07000084,Basingstoke and Deane,E02004681,Popley,-99,-99,-99,-99,-99,-99,3,3,18,34,29,13,9,8,-99,3,9,4,3,-99,-99,-99,-99,-99,-99,-99,-99,-99,-99,-99,-99,-99,-99,-99,3,3,3
E12000008,South East,E10000014,Hampshire,E07000084,Basingstoke and Deane,E02004682,Daneshill & Little Basing,-99,-99,-99,-99,-99,-99,-99,-99,3,11,4,4,-99,-99,-99,-99,3,-99,-99,-99,-99,-99,-99,-99,-99,-99,-99,-99,-99,-99,-99,-99,-99,-99,-99,4,4
E12000008,South East,E10000014,Hampshire,E07000084,Basingstoke and Deane,E02004683,Houndmills & Oakridge,-99,-99,-99,-99,-99,-99,-99,-99,8,11,8,-99,6,3,3,3,3,-99,3,-99,-99,-99,-99,-99,-99,-99,-99,-99,-99,-99,-99,-99,-99,-99,-99,-99,-99
E12000008,South East,E10000014,Hampshire,E07000084,Basingstoke and Deane,E02004684,Winklebury & Rooksdown,-99,-99,-99,-99,-99,-99,3,8,16,20,19,7,8,4,4,5,4,-99,-99,-99,-99,-99,-99,-99,-99,-99,-99,-99,-99,-99,-99,-99,-99,3,-99,-99,-99
E12000008,South East,E10000014,Hampshire,E07000084,Basingstoke and Deane,E02004685,"Basingstoke Central, Black Dam & Eastrop",-99,-99,-99,-99,-99,-99,-99,-99,5,5,4,3,3,3,-99,-99,-99,-99,-99,-99,-99,-99,-99,-99,-99,-99,-99,-99,-99,-99,-99,-99,-99,-99,-99,-99,-99
E12000008,South East,E10000014,Hampshire,E07000084,Basingstoke and Deane,E02004686,Kings Furlong,-99,-99,-99,-99,-99,-99,-99,-99,8,6,10,6,9,9,-99,3,-99,-99,-99,-99,-99,-99,-99,-99,-99,-99,-99,-99,-99,-99,-99,-99,-99,-99,-99,3,3
E12000008,South East,E10000014,Hampshire,E07000084,Basingstoke and Deane,E02004687,Buckskin & Worting,-99,-99,-99,-99,-99,-99,-99,-99,4,3,7,6,4,4,4,-99,5,3,-99,-99,-99,-99,-99,-99,-99,-99,-99,-99,-99,-99,-99,-99,-99,-99,-99,-99,-99
E12000008,South East,E10000014,Hampshire,E07000084,Basingstoke and Deane,E02004688,South Ham & West Ham,-99,-99,-99,-99,-99,-99,-99,-99,-99,5,6,6,3,4,-99,-99,-99,-99,-99,-99,-99,-99,-99,-99,-99,-99,-99,-99,-99,-99,-99,-99,-99,-99,-99,-99,-99
E12000008,South East,E10000014,Hampshire,E07000084,Basingstoke and Deane,E02004689,East Oakley,-99,-99,-99,-99,-99,-99,-99,-99,3,5,-99,3,-99,9,3,12,-99,-99,-99,-99,-99,-99,-99,-99,-99,-99,-99,-99,-99,-99,-99,-99,-99,-99,3,-99,-99
E12000008,South East,E10000014,Hampshire,E07000084,Basingstoke and Deane,E02004690,Viables,-99,-99,-99,-99,-99,-99,-99,-99,3,8,4,3,-99,-99,3,-99,-99,-99,-99,-99,-99,-99,-99,-99,-99,-99,-99,-99,-99,-99,-99,-99,-99,-99,-99,-99,-99
E12000008,South East,E10000014,Hampshire,E07000084,Basingstoke and Deane,E02004691,Old Basing & the Candovers,-99,-99,-99,-99,-99,-99,3,-99,-99,5,5,4,6,12,12,6,-99,-99,-99,-99,-99,-99,-99,-99,-99,-99,-99,-99,-99,-99,-99,-99,-99,-99,-99,-99,-99
E12000008,South East,E10000014,Hampshire,E07000084,Basingstoke and Deane,E02004692,Kempshott,-99,-99,-99,-99,-99,-99,-99,-99,3,5,3,4,4,-99,-99,-99,4,-99,-99,-99,-99,-99,-99,-99,-99,-99,-99,-99,-99,-99,-99,-99,-99,-99,-99,3,3
E12000008,South East,E10000014,Hampshire,E07000084,Basingstoke and Deane,E02004693,Brighton Hill,-99,-99,-99,-99,-99,-99,-99,3,3,7,8,3,3,4,-99,-99,-99,3,-99,-99,-99,-99,-99,-99,-99,-99,-99,-99,-99,-99,-99,-99,-99,-99,-99,-99,-99
E12000008,South East,E10000014,Hampshire,E07000084,Basingstoke and Deane,E02004694,Whitchurch & Ashmansworth,-99,-99,-99,-99,-99,-99,-99,-99,-99,6,-99,-99,4,-99,-99,3,17,10,-99,-99,-99,-99,-99,-99,-99,-99,-99,-99,-99,-99,-99,5,-99,-99,-99,4,4
E12000008,South East,E10000014,Hampshire,E07000084,Basingstoke and Deane,E02004695,Hatch Warren,-99,-99,-99,-99,-99,4,-99,-99,-99,4,3,-99,3,-99,-99,-99,4,-99,-99,-99,-99,-99,-99,-99,-99,-99,-99,-99,-99,-99,-99,-99,-99,3,-99,-99,-99
E12000008,South East,E10000014,Hampshire,E07000084,Basingstoke and Deane,E02004696,Overton & North Waltham,-99,-99,-99,-99,-99,-99,-99,-99,-99,-99,-99,7,6,4,-99,-99,-99,-99,-99,-99,-99,-99,-99,-99,-99,-99,-99,-99,-99,-99,-99,-99,-99,-99,-99,7,7
E12000008,South East,E10000014,Hampshire,E07000085,East Hampshire,E02004697,Bentley & Holybourne,-99,-99,-99,-99,-99,-99,-99,-99,-99,-99,5,-99,-99,3,-99,-99,3,-99,-99,-99,-99,-99,-99,-99,-99,-99,-99,-99,-99,-99,-99,3,3,-99,5,-99,-99
E12000008,South East,E10000014,Hampshire,E07000085,East Hampshire,E02004698,Alton Westbrooke & Eastbrooke,-99,-99,-99,-99,-99,-99,-99,-99,-99,4,5,-99,24,8,4,-99,-99,-99,-99,-99,-99,-99,-99,-99,-99,-99,-99,-99,-99,-99,-99,-99,-99,-99,-99,3,3
E12000008,South East,E10000014,Hampshire,E07000085,East Hampshire,E02004699,"Alton Ashdell, Whitedown & Amery",-99,-99,-99,-99,-99,-99,-99,-99,-99,4,8,10,4,10,8,-99,4,-99,-99,-99,-99,-99,-99,-99,-99,-99,-99,-99,-99,-99,3,-99,-99,-99,-99,6,6
E12000008,South East,E10000014,Hampshire,E07000085,East Hampshire,E02004700,Bordon Camp,-99,-99,-99,-99,-99,-99,-99,-99,-99,-99,-99,12,17,12,5,-99,-99,-99,-99,-99,-99,-99,-99,-99,-99,-99,-99,-99,-99,-99,-99,-99,-99,-99,-99,4,4
E12000008,South East,E10000014,Hampshire,E07000085,East Hampshire,E02004702,Bordon & Lindford,-99,-99,-99,-99,-99,-99,-99,-99,-99,4,-99,4,18,13,5,-99,-99,-99,-99,-99,-99,-99,-99,-99,-99,-99,-99,-99,-99,-99,-99,-99,-99,-99,-99,-99,-99
E12000008,South East,E10000014,Hampshire,E07000085,East Hampshire,E02004703,Four Marks & Tisted,-99,-99,-99,-99,-99,-99,3,-99,7,3,4,-99,-99,4,-99,-99,3,-99,-99,-99,-99,-99,-99,-99,-99,-99,-99,-99,-99,-99,-99,4,-99,-99,-99,5,5
E12000008,South East,E10000014,Hampshire,E07000085,East Hampshire,E02004704,Whitehill & Selborne,-99,-99,-99,-99,-99,-99,-99,-99,-99,-99,3,4,4,3,3,-99,-99,-99,-99,-99,-99,-99,-99,-99,-99,-99,-99,-99,-99,-99,-99,-99,-99,-99,-99,-99,-99
E12000008,South East,E10000014,Hampshire,E07000085,East Hampshire,E02004705,Liphook,-99,-99,-99,-99,-99,-99,-99,-99,-99,4,-99,9,3,6,-99,-99,-99,3,-99,-99,-99,-99,-99,-99,-99,-99,-99,-99,-99,-99,-99,-99,-99,-99,-99,-99,-99
E12000008,South East,E10000014,Hampshire,E07000085,East Hampshire,E02004706,Liss & Hawkley,-99,-99,-99,-99,-99,-99,-99,-99,-99,3,-99,-99,14,6,4,4,-99,-99,-99,-99,-99,-99,-99,-99,-99,-99,-99,-99,-99,-99,-99,-99,-99,-99,-99,4,4
E12000008,South East,E10000014,Hampshire,E07000085,East Hampshire,E02004707,Petersfield North & East Meon,-99,-99,-99,-99,-99,-99,-99,-99,-99,-99,3,8,-99,-99,3,-99,4,-99,-99,-99,-99,-99,-99,-99,-99,-99,-99,-99,-99,-99,4,-99,-99,-99,5,10,10
E12000008,South East,E10000014,Hampshire,E07000085,East Hampshire,E02004708,Petersfield South,-99,-99,-99,-99,-99,-99,-99,-99,3,-99,4,-99,4,-99,-99,-99,-99,-99,-99,-99,-99,-99,-99,-99,-99,-99,-99,-99,-99,-99,3,-99,-99,-99,3,-99,-99
E12000008,South East,E10000014,Hampshire,E07000085,East Hampshire,E02004709,Clanfield & Finchdean,-99,-99,-99,-99,-99,-99,-99,-99,3,3,-99,3,-99,4,3,-99,-99,-99,-99,-99,-99,-99,-99,-99,-99,-99,-99,-99,-99,-99,-99,-99,-99,-99,-99,-99,-99
E12000008,South East,E10000014,Hampshire,E07000085,East Hampshire,E02004710,Horndean North,-99,-99,-99,-99,-99,-99,-99,3,-99,-99,-99,-99,3,-99,-99,-99,-99,-99,-99,-99,-99,-99,-99,-99,-99,-99,-99,-99,-99,-99,-99,-99,-99,-99,-99,-99,-99
E12000008,South East,E10000014,Hampshire,E07000086,Eastleigh,E02004712,Hiltingbury,-99,-99,-99,-99,-99,-99,-99,-99,-99,-99,6,9,7,3,-99,4,3,-99,-99,-99,-99,-99,-99,-99,-99,-99,-99,-99,-99,-99,-99,-99,-99,-99,-99,4,4
E12000008,South East,E10000014,Hampshire,E07000086,Eastleigh,E02004713,Chandler's Ford East,-99,-99,-99,-99,-99,-99,-99,-99,-99,3,4,-99,6,7,3,-99,-99,-99,-99,-99,-99,-99,-99,-99,-99,-99,-99,-99,-99,-99,-99,-99,-99,-99,-99,3,3
E12000008,South East,E10000014,Hampshire,E07000086,Eastleigh,E02004714,Chandler's Ford West,-99,-99,-99,-99,-99,-99,-99,-99,-99,5,3,4,7,10,-99,4,-99,-99,-99,-99,-99,-99,-99,-99,-99,-99,-99,-99,-99,-99,-99,-99,3,-99,-99,-99,-99
E12000008,South East,E10000014,Hampshire,E07000086,Eastleigh,E02004715,Boyatt Wood,-99,-99,-99,-99,-99,-99,-99,-99,-99,3,-99,-99,3,-99,5,5,-99,-99,-99,-99,-99,-99,-99,-99,-99,-99,-99,-99,-99,-99,-99,-99,-99,-99,-99,5,5
E12000008,South East,E10000014,Hampshire,E07000086,Eastleigh,E02004716,Bishopstoke,-99,-99,-99,-99,-99,-99,-99,-99,-99,-99,5,-99,8,4,-99,-99,-99,-99,-99,-99,-99,-99,-99,-99,-99,-99,-99,-99,-99,-99,-99,-99,-99,-99,-99,-99,-99
E12000008,South East,E10000014,Hampshire,E07000086,Eastleigh,E02004717,Eastleigh West,-99,-99,-99,-99,-99,-99,-99,3,7,11,8,-99,14,3,3,-99,-99,-99,-99,-99,-99,-99,-99,-99,-99,3,-99,-99,-99,-99,-99,-99,-99,-99,-99,-99,-99
E12000008,South East,E10000014,Hampshire,E07000086,Eastleigh,E02004718,Central Eastleigh,-99,-99,-99,-99,-99,-99,-99,-99,-99,-99,-99,6,5,5,-99,-99,4,-99,-99,-99,-99,-99,-99,-99,-99,-99,-99,-99,-99,-99,-99,-99,-99,-99,-99,-99,-99
E12000008,South East,E10000014,Hampshire,E07000086,Eastleigh,E02004719,Fair Oak,-99,-99,-99,-99,-99,-99,-99,-99,3,3,5,-99,4,-99,-99,4,-99,-99,-99,-99,-99,-99,-99,-99,-99,-99,-99,-99,-99,-99,-99,-99,-99,-99,-99,-99,-99
E12000008,South East,E10000014,Hampshire,E07000086,Eastleigh,E02004720,West End & Chartwell Green,-99,-99,-99,-99,-99,-99,-99,-99,-99,-99,4,3,5,12,9,10,7,-99,3,-99,-99,-99,-99,-99,-99,-99,-99,-99,-99,-99,-99,-99,-99,-99,-99,-99,-99
E12000008,South East,E10000014,Hampshire,E07000086,Eastleigh,E02004721,Hedge End North & Botley North,-99,-99,-99,-99,-99,-99,-99,-99,3,-99,-99,3,3,-99,-99,-99,3,-99,-99,-99,-99,-99,-99,-99,-99,-99,-99,-99,3,-99,-99,-99,-99,-99,-99,3,3
E12000008,South East,E10000014,Hampshire,E07000086,Eastleigh,E02004722,Hedge End Wildern & Botley South,-99,-99,-99,-99,-99,-99,-99,-99,-99,-99,-99,-99,3,-99,-99,-99,-99,-99,-99,-99,-99,-99,-99,-99,-99,-99,-99,-99,-99,-99,-99,-99,-99,-99,-99,-99,-99
E12000008,South East,E10000014,Hampshire,E07000086,Eastleigh,E02004723,Hedge End South,-99,-99,-99,-99,-99,-99,-99,-99,-99,-99,-99,3,-99,-99,-99,-99,-99,-99,-99,-99,-99,-99,-99,-99,-99,-99,-99,-99,-99,-99,-99,-99,-99,-99,-99,-99,-99
E12000008,South East,E10000014,Hampshire,E07000086,Eastleigh,E02004724,Lowford,-99,-99,-99,-99,-99,-99,-99,-99,-99,-99,-99,4,5,6,-99,-99,-99,-99,-99,-99,-99,-99,-99,-99,-99,-99,-99,-99,-99,-99,-99,-99,-99,-99,3,-99,-99
E12000008,South East,E10000014,Hampshire,E07000086,Eastleigh,E02004725,Netley,-99,-99,-99,-99,-99,-99,-99,-99,-99,-99,-99,-99,-99,7,3,-99,-99,-99,-99,-99,-99,-99,-99,-99,-99,-99,-99,-99,-99,-99,-99,-99,-99,-99,-99,-99,-99
E12000008,South East,E10000014,Hampshire,E07000086,Eastleigh,E02004726,Hamble-le-Rice,-99,-99,-99,-99,-99,-99,-99,-99,-99,-99,-99,-99,-99,-99,-99,-99,-99,-99,-99,-99,-99,-99,-99,-99,3,-99,-99,-99,-99,-99,-99,-99,-99,-99,-99,4,4
E12000008,South East,E10000014,Hampshire,E07000087,Fareham,E02004727,Swanwick & Sarisbury Green,-99,-99,-99,-99,-99,-99,-99,3,-99,4,-99,-99,5,-99,-99,-99,-99,-99,-99,-99,-99,-99,-99,-99,-99,-99,-99,-99,-99,-99,-99,-99,-99,-99,4,3,3
E12000008,South East,E10000014,Hampshire,E07000087,Fareham,E02004728,Park Gate & Segensworth,-99,-99,-99,-99,-99,-99,-99,-99,5,7,3,3,7,-99,-99,3,3,-99,-99,-99,-99,-99,-99,-99,-99,-99,-99,-99,-99,-99,-99,-99,-99,-99,-99,-99,-99
E12000008,South East,E10000014,Hampshire,E07000087,Fareham,E02004729,Fareham North West,-99,-99,-99,-99,-99,-99,-99,-99,-99,-99,3,-99,6,3,-99,-99,-99,-99,-99,-99,-99,-99,-99,-99,-99,-99,-99,-99,4,-99,-99,-99,-99,-99,-99,-99,-99
E12000008,South East,E10000014,Hampshire,E07000087,Fareham,E02004730,Fareham Common,-99,-99,-99,-99,-99,-99,-99,-99,3,5,-99,-99,-99,-99,-99,-99,-99,-99,-99,-99,-99,-99,-99,3,-99,-99,-99,-99,-99,-99,-99,-99,-99,-99,-99,-99,-99
E12000008,South East,E10000014,Hampshire,E07000087,Fareham,E02004731,Locks Heath,-99,-99,-99,-99,-99,-99,-99,-99,-99,-99,-99,3,5,-99,-99,-99,-99,-99,-99,-99,-99,-99,-99,-99,-99,-99,-99,-99,-99,-99,-99,3,-99,-99,-99,-99,-99
E12000008,South East,E10000014,Hampshire,E07000087,Fareham,E02004732,Warsash,-99,-99,-99,-99,-99,-99,-99,-99,-99,3,-99,-99,-99,-99,5,-99,-99,-99,-99,-99,-99,-99,-99,-99,-99,-99,-99,-99,-99,-99,-99,-99,3,-99,-99,-99,-99
E12000008,South East,E10000014,Hampshire,E07000087,Fareham,E02004733,Titchfield & Titchfield Common,-99,-99,-99,-99,-99,-99,-99,-99,-99,-99,-99,-99,-99,-99,-99,-99,-99,-99,-99,-99,-99,-99,-99,-99,-99,-99,-99,-99,-99,-99,-99,-99,-99,-99,-99,-99,-99
E12000008,South East,E10000014,Hampshire,E07000087,Fareham,E02004734,Fareham Town & Cams Hill,-99,-99,-99,-99,-99,-99,-99,3,-99,-99,4,3,4,7,3,-99,-99,-99,-99,-99,-99,-99,-99,-99,-99,-99,-99,-99,-99,-99,-99,-99,-99,3,3,-99,-99
E12000008,South East,E10000014,Hampshire,E07000087,Fareham,E02004735,Fareham West,-99,-99,-99,-99,-99,-99,-99,-99,3,8,-99,-99,-99,-99,-99,-99,-99,-99,-99,-99,-99,-99,-99,-99,-99,-99,-99,-99,-99,-99,-99,-99,-99,-99,-99,-99,-99
E12000008,South East,E10000014,Hampshire,E07000087,Fareham,E02004736,Portchester North West,-99,-99,-99,-99,-99,-99,-99,-99,-99,-99,-99,-99,-99,-99,3,-99,-99,-99,-99,-99,-99,-99,-99,-99,-99,-99,-99,-99,-99,-99,-99,-99,-99,-99,-99,-99,-99
E12000008,South East,E10000014,Hampshire,E07000087,Fareham,E02004737,Fareham Fort,-99,-99,-99,-99,-99,-99,-99,-99,-99,-99,-99,-99,9,-99,-99,-99,5,-99,-99,-99,-99,-99,-99,-99,-99,-99,-99,-99,-99,-99,-99,-99,-99,-99,-99,-99,-99
E12000008,South East,E10000014,Hampshire,E07000087,Fareham,E02004738,Portchester South East,-99,-99,-99,-99,-99,-99,-99,-99,4,-99,-99,-99,3,3,-99,-99,-99,-99,-99,-99,-99,-99,-99,-99,-99,-99,-99,-99,-99,-99,-99,-99,-99,-99,-99,-99,-99
E12000008,South East,E10000014,Hampshire,E07000087,Fareham,E02004739,Stubbington,-99,-99,-99,-99,-99,-99,-99,-99,-99,-99,3,6,6,-99,11,-99,6,-99,-99,-99,-99,-99,-99,-99,-99,-99,-99,-99,-99,-99,-99,-99,-99,-99,-99,-99,-99
E12000008,South East,E10000014,Hampshire,E07000087,Fareham,E02004740,Hill Head,-99,-99,-99,-99,-99,-99,-99,-99,3,-99,-99,6,-99,-99,-99,-99,-99,-99,-99,-99,-99,-99,-99,-99,-99,-99,-99,-99,-99,-99,-99,-99,-99,-99,-99,-99,-99
E12000008,South East,E10000014,Hampshire,E07000088,Gosport,E02004741,Bridgemary North,-99,-99,-99,-99,-99,-99,-99,-99,-99,-99,-99,-99,3,-99,-99,-99,-99,-99,-99,-99,-99,-99,-99,-99,-99,-99,-99,-99,-99,-99,-99,-99,-99,-99,-99,-99,-99
E12000008,South East,E10000014,Hampshire,E07000088,Gosport,E02004742,Bridgemary South,-99,-99,-99,-99,-99,-99,-99,-99,3,-99,-99,-99,7,7,-99,-99,-99,-99,-99,-99,-99,-99,-99,-99,-99,-99,-99,-99,-99,-99,-99,-99,-99,-99,-99,-99,-99
E12000008,South East,E10000014,Hampshire,E07000088,Gosport,E02004743,Elson,-99,-99,-99,-99,-99,-99,-99,-99,-99,-99,-99,-99,3,-99,4,-99,-99,-99,-99,-99,-99,-99,-99,-99,-99,-99,-99,-99,-99,-99,-99,-99,-99,-99,-99,-99,-99
E12000008,South East,E10000014,Hampshire,E07000088,Gosport,E02004744,Rowner,-99,-99,-99,-99,-99,-99,-99,-99,-99,-99,3,3,8,-99,6,-99,-99,-99,-99,-99,-99,-99,-99,-99,-99,-99,-99,-99,-99,-99,-99,-99,-99,-99,-99,3,3
E12000008,South East,E10000014,Hampshire,E07000088,Gosport,E02004745,Priddy's Hard & Brockhurst East,-99,-99,-99,-99,-99,-99,-99,-99,-99,-99,-99,-99,9,3,-99,-99,-99,-99,-99,-99,-99,-99,-99,-99,-99,-99,-99,-99,-99,-99,-99,-99,3,-99,-99,-99,-99
E12000008,South East,E10000014,Hampshire,E07000088,Gosport,E02004746,Lee-on-the-Solent,-99,-99,-99,-99,-99,-99,-99,-99,-99,4,7,-99,5,-99,-99,-99,-99,-99,-99,-99,-99,-99,-99,-99,-99,-99,-99,-99,-99,-99,-99,-99,-99,-99,-99,-99,-99
E12000008,South East,E10000014,Hampshire,E07000088,Gosport,E02004747,Brockhurst,-99,-99,-99,-99,-99,-99,-99,-99,3,-99,-99,-99,-99,3,-99,-99,-99,-99,-99,-99,-99,-99,-99,-99,-99,-99,-99,-99,-99,-99,-99,-99,-99,-99,-99,-99,-99
E12000008,South East,E10000014,Hampshire,E07000088,Gosport,E02004748,Gosport Town,-99,-99,-99,-99,-99,-99,-99,-99,-99,-99,3,4,5,4,-99,-99,-99,-99,-99,-99,-99,-99,-99,-99,-99,-99,-99,-99,-99,-99,-99,-99,-99,-99,-99,-99,-99
E12000008,South East,E10000014,Hampshire,E07000088,Gosport,E02004749,Alverstoke & Privett,-99,-99,-99,-99,-99,-99,-99,-99,-99,4,-99,-99,6,3,-99,-99,-99,-99,-99,-99,-99,-99,-99,-99,-99,-99,-99,-99,-99,-99,-99,-99,-99,-99,-99,3,3
E12000008,South East,E10000014,Hampshire,E07000088,Gosport,E02004750,Clayhall & Anglesey,-99,-99,-99,-99,-99,-99,-99,-99,3,6,3,9,-99,6,-99,-99,-99,-99,-99,-99,-99,-99,-99,-99,-99,-99,-99,-99,-99,-99,-99,-99,-99,-99,-99,-99,-99
E12000008,South East,E10000014,Hampshire,E07000089,Hart,E02004751,Yateley East,-99,-99,-99,-99,-99,-99,-99,-99,3,-99,4,4,3,4,-99,5,-99,-99,-99,-99,-99,-99,-99,-99,-99,-99,-99,-99,-99,-99,-99,-99,-99,-99,-99,-99,-99
E12000008,South East,E10000014,Hampshire,E07000089,Hart,E02004752,Yateley West & Eversley,-99,-99,-99,-99,-99,-99,-99,-99,3,-99,4,6,-99,-99,-99,3,-99,-99,-99,-99,-99,-99,-99,-99,-99,-99,-99,-99,-99,-99,-99,-99,-99,-99,-99,-99,-99
E12000008,South East,E10000014,Hampshire,E07000089,Hart,E02004753,"Blackwater, Frogmore & Minley",-99,-99,-99,-99,-99,-99,-99,-99,-99,-99,8,8,4,3,5,-99,-99,3,-99,-99,-99,-99,-99,-99,-99,-99,-99,-99,-99,-99,-99,-99,-99,-99,6,5,5
E12000008,South East,E10000014,Hampshire,E07000089,Hart,E02004754,Hartley Wintney & Heckfield,-99,-99,-99,-99,-99,-99,-99,-99,4,-99,3,-99,-99,-99,3,-99,-99,-99,-99,-99,-99,-99,-99,-99,-99,-99,-99,-99,-99,-99,-99,-99,-99,-99,-99,3,3
E12000008,South East,E10000014,Hampshire,E07000089,Hart,E02004755,"Fleet North, Elvetham Heath & Ancells Farm",-99,-99,-99,-99,-99,-99,-99,-99,-99,4,-99,7,4,-99,-99,-99,6,4,-99,-99,-99,-99,-99,-99,-99,-99,-99,-99,-99,-99,-99,-99,-99,-99,-99,7,7
E12000008,South East,E10000014,Hampshire,E07000089,Hart,E02004756,Hook & Rotherwick,-99,-99,-99,-99,-99,-99,-99,-99,-99,3,3,-99,4,3,-99,-99,-99,-99,-99,-99,-99,-99,-99,-99,-99,-99,-99,-99,-99,-99,-99,-99,-99,3,3,7,7
E12000008,South East,E10000014,Hampshire,E07000089,Hart,E02004757,Fleet South & Pondtail,-99,-99,-99,-99,-99,-99,-99,-99,-99,5,-99,3,-99,-99,-99,-99,-99,-99,-99,-99,-99,-99,-99,-99,-99,-99,-99,-99,-99,-99,-99,-99,-99,-99,3,3,3
E12000008,South East,E10000014,Hampshire,E07000089,Hart,E02004758,Fleet West & Winchfield,-99,-99,-99,-99,-99,-99,-99,-99,5,-99,-99,-99,-99,4,-99,-99,-99,-99,-99,-99,-99,-99,-99,-99,-99,-99,-99,-99,-99,-99,-99,-99,-99,-99,-99,-99,-99
E12000008,South East,E10000014,Hampshire,E07000089,Hart,E02004759,Crookham East,-99,-99,-99,-99,-99,-99,-99,-99,-99,-99,-99,-99,9,8,-99,4,-99,-99,-99,-99,-99,-99,-99,-99,-99,-99,-99,-99,-99,-99,-99,-99,-99,-99,-99,-99,-99
E12000008,South East,E10000014,Hampshire,E07000089,Hart,E02004760,"Crookham West, Ewshot & Crondall",-99,-99,-99,-99,-99,-99,-99,-99,-99,3,-99,3,3,-99,-99,3,-99,-99,-99,-99,-99,-99,-99,-99,-99,-99,-99,-99,-99,-99,-99,-99,-99,-99,3,8,8
E12000008,South East,E10000014,Hampshire,E07000089,Hart,E02004761,Odiham & Warnborough,-99,-99,-99,-99,-99,-99,-99,-99,-99,5,-99,-99,-99,-99,-99,-99,-99,-99,-99,-99,-99,-99,-99,-99,-99,-99,-99,-99,-99,-99,3,-99,-99,-99,-99,4,4
E12000008,South East,E10000014,Hampshire,E07000090,Havant,E02004764,Waterlooville North West,-99,-99,-99,-99,-99,-99,-99,-99,-99,-99,-99,-99,-99,6,4,-99,-99,-99,-99,-99,-99,-99,-99,-99,-99,-99,-99,-99,-99,-99,-99,-99,-99,-99,-99,-99,-99
E12000008,South East,E10000014,Hampshire,E07000090,Havant,E02004765,Waterlooville North East,-99,-99,-99,-99,-99,-99,-99,-99,-99,-99,-99,-99,3,-99,-99,-99,-99,-99,-99,-99,-99,-99,-99,-99,-99,-99,-99,-99,-99,-99,-99,-99,-99,-99,-99,-99,-99
E12000008,South East,E10000014,Hampshire,E07000090,Havant,E02004766,Waterlooville Central,-99,-99,-99,-99,-99,-99,-99,-99,-99,9,3,-99,7,3,-99,-99,-99,-99,-99,-99,-99,-99,-99,-99,-99,-99,-99,-99,-99,-99,-99,-99,3,-99,-99,-99,-99
E12000008,South East,E10000014,Hampshire,E07000090,Havant,E02004767,Barncroft & Warren Park,-99,-99,-99,-99,-99,-99,-99,-99,3,3,-99,-99,-99,5,-99,-99,-99,-99,-99,-99,-99,-99,-99,-99,-99,-99,-99,-99,-99,-99,-99,-99,-99,-99,3,-99,-99
E12000008,South East,E10000014,Hampshire,E07000090,Havant,E02004768,Waterlooville East,-99,-99,-99,-99,-99,-99,-99,-99,-99,3,3,-99,11,5,-99,-99,-99,-99,-99,-99,-99,-99,-99,-99,-99,-99,-99,-99,-99,-99,-99,-99,-99,-99,-99,-99,-99
E12000008,South East,E10000014,Hampshire,E07000090,Havant,E02004769,Leigh Park,-99,-99,-99,-99,-99,-99,-99,-99,-99,-99,-99,-99,4,3,-99,-99,-99,-99,-99,-99,-99,-99,-99,-99,-99,-99,-99,-99,-99,-99,-99,-99,-99,-99,-99,-99,-99
E12000008,South East,E10000014,Hampshire,E07000090,Havant,E02004770,West Leigh,-99,-99,-99,-99,-99,-99,-99,-99,-99,-99,-99,-99,4,-99,-99,-99,-99,-99,-99,-99,-99,-99,-99,-99,-99,-99,-99,-99,-99,-99,-99,-99,-99,-99,-99,-99,-99
E12000008,South East,E10000014,Hampshire,E07000090,Havant,E02004771,Stockheath Common,-99,-99,-99,-99,-99,-99,-99,3,-99,-99,3,-99,-99,3,-99,-99,-99,-99,-99,-99,-99,-99,-99,-99,-99,-99,-99,-99,-99,-99,-99,-99,-99,4,3,-99,-99
E12000008,South East,E10000014,Hampshire,E07000090,Havant,E02004772,Purbrook & Widley,-99,-99,-99,-99,-99,-99,-99,-99,-99,4,-99,-99,9,5,-99,-99,-99,-99,-99,-99,-99,-99,-99,-99,-99,-99,-99,-99,-99,-99,-99,-99,-99,-99,9,-99,-99
E12000008,South East,E10000014,Hampshire,E07000090,Havant,E02004774,Emsworth,-99,-99,-99,-99,-99,-99,-99,-99,-99,5,3,3,-99,7,-99,-99,-99,-99,-99,-99,-99,-99,-99,-99,-99,-99,-99,-99,-99,-99,-99,-99,-99,5,-99,-99,-99
E12000008,South East,E10000014,Hampshire,E07000090,Havant,E02004775,Central Havant & Langstone,-99,-99,-99,-99,-99,-99,-99,3,-99,-99,4,-99,-99,-99,-99,-99,-99,-99,-99,-99,-99,-99,-99,-99,-99,-99,-99,-99,-99,-99,-99,-99,-99,-99,-99,-99,-99
E12000008,South East,E10000014,Hampshire,E07000090,Havant,E02004776,Hayling West & North,-99,-99,-99,-99,-99,-99,-99,-99,-99,-99,-99,3,-99,-99,6,21,-99,-99,-99,-99,-99,-99,-99,-99,-99,-99,-99,-99,-99,-99,-99,-99,-99,-99,3,4,4
E12000008,South East,E10000014,Hampshire,E07000090,Havant,E02004777,South Hayling,-99,-99,-99,-99,-99,-99,-99,-99,-99,-99,3,-99,15,-99,4,-99,-99,-99,-99,-99,-99,-99,-99,-99,-99,-99,-99,-99,-99,-99,-99,-99,-99,-99,-99,-99,-99
E12000008,South East,E10000014,Hampshire,E07000090,Havant,E02004778,Hayling Eastoke,-99,-99,-99,-99,-99,-99,-99,-99,-99,-99,-99,-99,-99,-99,-99,-99,-99,-99,-99,-99,-99,-99,-99,-99,-99,-99,-99,-99,-99,-99,-99,-99,3,-99,-99,-99,-99
E12000008,South East,E10000014,Hampshire,E07000091,New Forest,E02004779,"Fordingbridge, Rockbourne & Woodgreen",-99,-99,-99,-99,-99,-99,-99,-99,-99,5,-99,3,-99,-99,-99,-99,-99,-99,-99,-99,-99,-99,-99,-99,-99,-99,-99,-99,-99,-99,-99,-99,-99,-99,-99,-99,-99
E12000008,South East,E10000014,Hampshire,E07000091,New Forest,E02004780,Totton Calmore,-99,-99,-99,-99,-99,-99,-99,-99,-99,3,-99,-99,5,-99,-99,-99,-99,-99,-99,-99,-99,-99,-99,-99,-99,-99,-99,-99,-99,-99,-99,-99,-99,-99,-99,6,6
E12000008,South East,E10000014,Hampshire,E07000091,New Forest,E02004781,West Totton,-99,-99,-99,-99,-99,-99,-99,-99,-99,-99,-99,-99,-99,-99,-99,-99,-99,-99,-99,-99,-99,-99,-99,-99,-99,-99,-99,-99,-99,-99,-99,-99,-99,-99,-99,-99,-99
E12000008,South East,E10000014,Hampshire,E07000091,New Forest,E02004782,Totton Town,-99,-99,-99,-99,-99,-99,-99,-99,-99,-99,-99,-99,-99,-99,4,-99,-99,-99,-99,-99,-99,-99,-99,-99,-99,-99,-99,-99,-99,-99,-99,-99,-99,-99,-99,-99,-99
E12000008,South East,E10000014,Hampshire,E07000091,New Forest,E02004783,Totton Rushington,-99,-99,-99,-99,-99,-99,-99,-99,-99,3,-99,-99,-99,-99,-99,-99,-99,-99,-99,-99,-99,-99,-99,-99,-99,-99,-99,-99,-99,-99,-99,-99,-99,-99,4,-99,-99
E12000008,South East,E10000014,Hampshire,E07000091,New Forest,E02004784,Ashurst & Cadnam,-99,-99,-99,-99,-99,-99,-99,-99,-99,7,10,4,-99,-99,-99,8,3,4,4,-99,-99,-99,-99,-99,-99,-99,-99,-99,-99,-99,-99,6,-99,-99,4,-99,-99
E12000008,South East,E10000014,Hampshire,E07000091,New Forest,E02004785,Lyndhurst & Minstead,-99,-99,-99,-99,-99,-99,-99,-99,-99,-99,5,3,-99,-99,4,-99,-99,-99,-99,-99,-99,-99,-99,-99,-99,-99,-99,-99,-99,-99,-99,4,-99,-99,-99,3,3
E12000008,South East,E10000014,Hampshire,E07000091,New Forest,E02004786,Marchwood & Dibden,-99,-99,-99,-99,-99,-99,-99,-99,-99,3,-99,-99,5,4,-99,-99,-99,-99,-99,-99,-99,-99,-99,-99,-99,-99,-99,-99,-99,8,5,5,5,-99,4,7,7
E12000008,South East,E10000014,Hampshire,E07000091,New Forest,E02004787,Hythe,-99,-99,-99,-99,-99,-99,-99,-99,-99,4,8,-99,-99,-99,5,5,11,-99,-99,-99,-99,-99,-99,-99,-99,-99,-99,-99,-99,-99,-99,5,-99,-99,-99,-99,-99
E12000008,South East,E10000014,Hampshire,E07000091,New Forest,E02004788,Ringwood North & Ibsley,-99,-99,-99,-99,-99,-99,-99,-99,-99,-99,-99,-99,-99,-99,-99,4,-99,-99,-99,-99,-99,-99,-99,-99,-99,-99,-99,-99,-99,-99,-99,-99,-99,-99,-99,-99,-99
E12000008,South East,E10000014,Hampshire,E07000091,New Forest,E02004789,Langdown & Dibden Purlieu,-99,-99,-99,-99,-99,-99,-99,3,-99,-99,-99,-99,-99,-99,-99,-99,-99,-99,-99,-99,-99,-99,-99,-99,-99,-99,-99,-99,-99,-99,-99,3,-99,-99,-99,3,3
E12000008,South East,E10000014,Hampshire,E07000091,New Forest,E02004790,Ringwood South,-99,-99,-99,-99,-99,-99,-99,-99,-99,-99,6,-99,-99,-99,-99,3,-99,-99,-99,-99,-99,-99,-99,-99,-99,-99,-99,-99,-99,-99,-99,-99,-99,-99,-99,-99,-99
E12000008,South East,E10000014,Hampshire,E07000091,New Forest,E02004791,Holbury South,-99,-99,-99,-99,-99,-99,-99,-99,3,3,-99,-99,3,-99,-99,-99,-99,3,-99,4,-99,-99,-99,-99,-99,-99,-99,-99,-99,-99,-99,-99,-99,-99,-99,-99,-99
E12000008,South East,E10000014,Hampshire,E07000091,New Forest,E02004792,"Holbury North, Blackfield & Fawley",-99,-99,-99,-99,-99,-99,-99,-99,-99,-99,3,-99,-99,-99,-99,6,5,-99,-99,-99,-99,-99,-99,-99,-99,-99,-99,-99,-99,-99,-99,7,-99,-99,-99,-99,-99
E12000008,South East,E10000014,Hampshire,E07000091,New Forest,E02004793,Brockenhurst & Sway,-99,-99,-99,-99,-99,-99,-99,-99,-99,-99,3,-99,-99,-99,-99,-99,-99,-99,-99,-99,-99,-99,-99,-99,-99,-99,-99,-99,-99,-99,-99,-99,-99,-99,-99,7,7
E12000008,South East,E10000014,Hampshire,E07000091,New Forest,E02004794,Bransgore & Burley,-99,-99,-99,-99,-99,-99,-99,-99,-99,-99,-99,5,-99,5,-99,-99,-99,-99,-99,-99,-99,-99,-99,-99,-99,-99,-99,-99,-99,-99,-99,-99,-99,-99,-99,3,3
E12000008,South East,E10000014,Hampshire,E07000091,New Forest,E02004795,Lymington Town & Boldre,-99,-99,-99,-99,-99,-99,-99,-99,3,4,-99,-99,-99,-99,-99,-99,-99,-99,-99,-99,-99,-99,-99,-99,-99,-99,-99,-99,-99,-99,-99,3,-99,-99,3,-99,-99
E12000008,South East,E10000014,Hampshire,E07000091,New Forest,E02004796,Hordle & Bashley,-99,-99,-99,-99,-99,-99,-99,-99,-99,-99,3,3,-99,-99,-99,-99,-99,-99,-99,-99,-99,-99,-99,-99,-99,-99,-99,-99,-99,-99,-99,-99,-99,4,-99,-99,-99
E12000008,South East,E10000014,Hampshire,E07000091,New Forest,E02004797,Lymington North & West,-99,-99,-99,-99,-99,-99,-99,-99,-99,-99,3,-99,-99,-99,-99,-99,-99,-99,-99,-99,-99,-99,-99,-99,-99,-99,-99,-99,-99,-99,-99,-99,-99,-99,-99,-99,-99
E12000008,South East,E10000014,Hampshire,E07000091,New Forest,E02004798,New Milton West,-99,-99,-99,-99,-99,-99,-99,-99,-99,-99,-99,-99,-99,6,-99,3,-99,-99,-99,-99,-99,-99,-99,-99,-99,-99,-99,-99,-99,-99,-99,-99,-99,-99,-99,-99,-99
E12000008,South East,E10000014,Hampshire,E07000091,New Forest,E02004799,New Milton East,-99,-99,-99,-99,-99,-99,-99,-99,-99,5,3,4,-99,10,-99,-99,-99,-99,-99,-99,-99,-99,-99,-99,-99,-99,-99,-99,-99,-99,-99,-99,-99,-99,-99,-99,-99
E12000008,South East,E10000014,Hampshire,E07000091,New Forest,E02004800,Barton on Sea,-99,-99,-99,-99,-99,-99,-99,-99,-99,-99,-99,4,8,18,5,-99,-99,-99,-99,-99,-99,-99,-99,-99,-99,-99,-99,-99,-99,-99,-99,-99,-99,-99,-99,-99,-99
E12000008,South East,E10000014,Hampshire,E07000091,New Forest,E02004801,Milford & Lymington South,-99,-99,-99,-99,-99,-99,-99,-99,-99,-99,-99,5,-99,-99,-99,-99,-99,-99,-99,-99,-99,-99,-99,-99,-99,-99,-99,-99,-99,-99,-99,-99,-99,-99,-99,-99,-99
E12000008,South East,E10000014,Hampshire,E07000092,Rushmoor,E02004802,Hawley Lane & Fox Lane,-99,-99,-99,-99,-99,-99,-99,-99,3,3,6,7,5,6,5,-99,4,-99,-99,-99,-99,-99,-99,-99,-99,-99,-99,-99,-99,-99,-99,-99,-99,-99,4,7,7
E12000008,South East,E10000014,Hampshire,E07000092,Rushmoor,E02004803,Mayfield,-99,-99,-99,-99,-99,-99,-99,-99,4,3,6,10,6,6,4,4,8,-99,-99,-99,-99,-99,-99,-99,-99,-99,-99,-99,-99,-99,-99,-99,5,4,-99,-99,-99
E12000008,South East,E10000014,Hampshire,E07000092,Rushmoor,E02004804,Pinewood,-99,-99,-99,-99,-99,-99,-99,-99,3,4,-99,4,11,-99,-99,-99,-99,4,-99,-99,-99,-99,-99,-99,-99,-99,-99,-99,-99,-99,-99,-99,-99,-99,-99,9,9
E12000008,South East,E10000014,Hampshire,E07000092,Rushmoor,E02004805,Farnborough Hill,-99,-99,-99,-99,-99,-99,-99,-99,-99,-99,6,7,6,3,-99,-99,5,-99,3,-99,-99,-99,-99,-99,-99,-99,-99,-99,-99,-99,-99,-99,-99,3,-99,4,4
E12000008,South East,E10000014,Hampshire,E07000092,Rushmoor,E02004806,Cove & Southwood,-99,-99,-99,-99,-99,-99,-99,-99,4,4,3,4,3,-99,-99,-99,-99,-99,-99,-99,-99,-99,-99,-99,-99,-99,-99,-99,-99,-99,-99,-99,-99,-99,-99,8,8
E12000008,South East,E10000014,Hampshire,E07000092,Rushmoor,E02004807,Farnborough Town,-99,-99,-99,-99,-99,-99,-99,-99,-99,11,8,9,8,-99,-99,-99,-99,3,-99,-99,-99,-99,-99,-99,-99,-99,-99,-99,-99,-99,-99,-99,-99,-99,-99,7,7
E12000008,South East,E10000014,Hampshire,E07000092,Rushmoor,E02004808,South Farnborough & North Camp,-99,-99,-99,-99,-99,-99,-99,-99,3,4,10,5,-99,3,-99,-99,-99,-99,-99,-99,-99,-99,-99,-99,-99,-99,-99,-99,-99,-99,-99,-99,-99,-99,3,4,4
E12000008,South East,E10000014,Hampshire,E07000092,Rushmoor,E02004809,Aldershot Town,-99,-99,-99,-99,-99,-99,-99,-99,-99,8,18,13,21,14,7,5,7,-99,-99,-99,-99,-99,-99,-99,-99,-99,-99,-99,-99,-99,-99,4,7,3,-99,8,8
E12000008,South East,E10000014,Hampshire,E07000092,Rushmoor,E02004810,Aldershot North Town,-99,-99,-99,-99,-99,-99,-99,-99,-99,3,17,8,12,7,-99,4,4,-99,-99,-99,-99,-99,-99,-99,-99,-99,-99,-99,-99,-99,-99,-99,-99,-99,-99,3,3
E12000008,South East,E10000014,Hampshire,E07000092,Rushmoor,E02004811,Aldershot Rowhill,-99,-99,-99,-99,-99,-99,-99,-99,-99,-99,5,12,6,4,-99,6,4,-99,-99,-99,-99,-99,-99,-99,-99,-99,-99,-99,-99,-99,-99,-99,-99,-99,-99,-99,-99
E12000008,South East,E10000014,Hampshire,E07000092,Rushmoor,E02004812,Aldershot Manor Park,-99,-99,-99,-99,-99,-99,-99,-99,-99,9,4,5,15,18,4,6,4,-99,-99,-99,-99,-99,-99,-99,-99,-99,-99,-99,-99,-99,-99,-99,-99,-99,3,-99,-99
E12000008,South East,E10000014,Hampshire,E07000092,Rushmoor,E02004813,Aldershot Park,-99,-99,-99,-99,-99,-99,-99,-99,-99,4,9,5,11,9,3,-99,-99,-99,-99,-99,-99,-99,-99,-99,-99,-99,-99,-99,-99,-99,-99,-99,-99,-99,-99,-99,-99
E12000008,South East,E10000014,Hampshire,E07000093,Test Valley,E02004814,Andover Charlton & Bourne Valley,-99,-99,-99,-99,-99,-99,-99,-99,-99,-99,4,4,-99,-99,-99,-99,-99,-99,-99,-99,-99,-99,-99,-99,-99,-99,-99,-99,-99,-99,-99,-99,-99,-99,-99,-99,-99
E12000008,South East,E10000014,Hampshire,E07000093,Test Valley,E02004815,Andover Newbury Road,-99,-99,-99,-99,-99,-99,-99,-99,-99,-99,-99,3,3,-99,4,-99,3,-99,-99,-99,-99,-99,-99,-99,-99,-99,-99,-99,-99,-99,-99,-99,-99,-99,-99,-99,-99
E12000008,South East,E10000014,Hampshire,E07000093,Test Valley,E02004816,Andover London Road & East Anton,-99,-99,-99,-99,-99,-99,3,-99,4,9,10,6,14,14,4,-99,-99,3,-99,-99,-99,-99,-99,-99,-99,-99,-99,-99,-99,-99,-99,8,-99,6,-99,-99,-99
E12000008,South East,E10000014,Hampshire,E07000093,Test Valley,E02004817,Andover Central,-99,-99,-99,-99,-99,-99,-99,-99,-99,3,-99,8,6,13,-99,-99,-99,-99,-99,-99,-99,-99,-99,-99,-99,-99,-99,-99,-99,-99,-99,3,-99,-99,-99,-99,-99
E12000008,South East,E10000014,Hampshire,E07000093,Test Valley,E02004818,Andover West,-99,-99,-99,-99,-99,-99,-99,-99,4,6,-99,-99,5,-99,-99,5,-99,-99,13,-99,-99,-99,-99,-99,-99,-99,-99,-99,-99,-99,3,4,-99,-99,-99,5,5
E12000008,South East,E10000014,Hampshire,E07000093,Test Valley,E02004819,Andover South,-99,-99,-99,-99,-99,-99,-99,-99,-99,-99,-99,-99,6,6,5,6,-99,-99,-99,-99,-99,-99,-99,-99,-99,-99,-99,-99,-99,-99,-99,5,-99,-99,-99,3,3
E12000008,South East,E10000014,Hampshire,E07000093,Test Valley,E02004820,Over Wallop & Shipton Bellinger,-99,-99,-99,-99,-99,-99,-99,-99,-99,-99,3,4,4,4,-99,-99,-99,-99,-99,-99,-99,-99,-99,-99,-99,-99,-99,-99,-99,-99,3,-99,-99,-99,-99,3,3
E12000008,South East,E10000014,Hampshire,E07000093,Test Valley,E02004821,"Chilbolton, Clatford & Barton Stacey",-99,-99,-99,-99,-99,-99,-99,-99,-99,-99,-99,-99,-99,-99,-99,-99,-99,-99,-99,-99,-99,-99,-99,-99,-99,-99,-99,-99,-99,-99,-99,-99,-99,-99,-99,3,3
E12000008,South East,E10000014,Hampshire,E07000093,Test Valley,E02004822,"Nether Wallop, Kings Somborne & Dunbridge",-99,-99,-99,-99,-99,-99,-99,-99,3,-99,3,-99,3,-99,-99,-99,-99,-99,-99,-99,-99,-99,-99,-99,-99,-99,-99,-99,-99,-99,-99,5,3,-99,-99,6,6
E12000008,South East,E10000014,Hampshire,E07000093,Test Valley,E02004823,Romsey Cupernham & Halterworth,-99,-99,-99,-99,-99,-99,-99,-99,3,-99,6,5,5,3,-99,-99,-99,-99,-99,-99,-99,-99,-99,-99,-99,-99,-99,-99,-99,-99,-99,-99,-99,-99,-99,-99,-99
E12000008,South East,E10000014,Hampshire,E07000093,Test Valley,E02004824,Romsey Town,-99,-99,-99,-99,-99,-99,-99,-99,-99,4,7,9,3,-99,-99,4,-99,-99,3,-99,-99,-99,-99,-99,-99,-99,-99,-99,-99,-99,-99,-99,-99,-99,-99,4,4
E12000008,South East,E10000014,Hampshire,E07000093,Test Valley,E02004825,North Baddesley & Braishfield,-99,-99,-99,-99,-99,-99,-99,-99,-99,7,3,3,12,9,25,-99,3,-99,12,-99,-99,-99,-99,-99,-99,-99,-99,-99,-99,-99,-99,-99,-99,-99,-99,-99,-99
E12000008,South East,E10000014,Hampshire,E07000093,Test Valley,E02004826,Abbotswood & West Wellow,-99,-99,-99,-99,-99,-99,-99,-99,-99,-99,-99,5,-99,6,-99,-99,-99,-99,-99,-99,-99,-99,-99,-99,-99,-99,-99,-99,-99,-99,-99,3,-99,3,-99,6,6
E12000008,South East,E10000014,Hampshire,E07000093,Test Valley,E02004827,Valley Park,-99,-99,-99,-99,-99,-99,-99,-99,3,-99,-99,-99,-99,-99,3,-99,-99,-99,-99,-99,-99,-99,-99,-99,-99,-99,-99,-99,-99,-99,-99,-99,-99,-99,5,-99,-99
E12000008,South East,E10000014,Hampshire,E07000093,Test Valley,E02004828,"Chilworth, Nursling & Rownhams",-99,-99,-99,-99,-99,-99,-99,-99,6,-99,4,-99,7,-99,3,5,-99,-99,-99,-99,-99,-99,-99,-99,-99,-99,-99,-99,-99,-99,-99,-99,-99,-99,3,13,13
E12000008,South East,E10000014,Hampshire,E07000094,Winchester,E02004829,"South Wonston, Sutton Scotney & Micheldever",-99,-99,-99,-99,-99,-99,-99,-99,4,-99,4,5,-99,-99,-99,-99,-99,-99,-99,-99,-99,-99,-99,-99,-99,-99,-99,-99,-99,-99,-99,-99,-99,-99,-99,5,5
E12000008,South East,E10000014,Hampshire,E07000094,Winchester,E02004830,Springvale & Itchen Abbas,-99,-99,-99,-99,-99,3,-99,-99,-99,3,-99,4,6,3,4,4,-99,-99,-99,-99,-99,-99,-99,-99,-99,-99,-99,-99,-99,-99,3,-99,-99,-99,-99,4,4
E12000008,South East,E10000014,Hampshire,E07000094,Winchester,E02004831,Winchester North & Sparsholt,-99,-99,-99,-99,-99,-99,-99,-99,8,4,10,10,6,4,-99,8,-99,3,-99,-99,-99,-99,-99,-99,-99,-99,-99,-99,-99,-99,4,-99,-99,3,-99,7,7
E12000008,South East,E10000014,Hampshire,E07000094,Winchester,E02004832,New Alresford,-99,-99,-99,-99,-99,-99,-99,-99,-99,-99,-99,-99,-99,-99,-99,-99,-99,-99,-99,-99,-99,-99,-99,-99,-99,-99,-99,-99,-99,-99,-99,-99,-99,-99,-99,-99,-99
E12000008,South East,E10000014,Hampshire,E07000094,Winchester,E02004833,Winchester West,-99,-99,-99,-99,-99,-99,-99,5,6,6,3,7,11,3,4,6,-99,-99,-99,-99,-99,-99,-99,-99,-99,-99,-99,-99,-99,-99,4,-99,-99,-99,-99,-99,-99
E12000008,South East,E10000014,Hampshire,E07000094,Winchester,E02004834,Winchester East,-99,-99,-99,-99,-99,-99,-99,-99,-99,4,-99,4,8,3,3,-99,3,-99,-99,-99,-99,-99,-99,-99,-99,-99,-99,-99,-99,-99,4,-99,-99,-99,-99,7,7
E12000008,South East,E10000014,Hampshire,E07000094,Winchester,E02004835,Winchester Central & South,-99,-99,-99,-99,-99,-99,-99,6,4,6,4,11,-99,-99,-99,-99,-99,-99,-99,-99,-99,-99,-99,-99,-99,-99,-99,-99,-99,-99,3,3,-99,-99,-99,4,4
E12000008,South East,E10000014,Hampshire,E07000094,Winchester,E02004836,Winchester Stanmore,-99,-99,-99,-99,-99,-99,-99,-99,-99,-99,3,3,5,3,-99,-99,3,-99,-99,-99,-99,-99,-99,-99,-99,-99,-99,-99,-99,-99,-99,-99,-99,-99,3,3,3
E12000008,South East,E10000014,Hampshire,E07000094,Winchester,E02004837,Oliver's Battery and Hursley,-99,-99,-99,-99,-99,-99,-99,-99,3,3,4,4,-99,-99,-99,-99,-99,-99,-99,-99,-99,-99,-99,-99,-99,-99,-99,-99,-99,-99,-99,-99,-99,-99,-99,9,9
E12000008,South East,E10000014,Hampshire,E07000094,Winchester,E02004838,Colden Common & Twyford,-99,-99,-99,-99,-99,-99,-99,-99,6,-99,5,7,5,3,5,-99,-99,-99,-99,-99,-99,-99,-99,-99,-99,-99,-99,-99,-99,-99,-99,-99,-99,-99,-99,6,6
E12000008,South East,E10000014,Hampshire,E07000094,Winchester,E02004839,"Swanmore, Hambledon & West Meon",-99,-99,-99,-99,-99,-99,-99,-99,-99,4,-99,-99,6,-99,-99,-99,-99,-99,-99,-99,-99,-99,-99,-99,-99,-99,-99,-99,-99,-99,-99,-99,-99,3,6,5,5
E12000008,South East,E10000014,Hampshire,E07000094,Winchester,E02004840,Bishop's Waltham & Waltham Chase,-99,-99,-99,-99,-99,-99,-99,5,-99,5,4,-99,-99,-99,5,-99,-99,-99,-99,-99,-99,-99,-99,-99,-99,-99,-99,-99,-99,-99,-99,-99,3,-99,-99,-99,-99
E12000008,South East,E10000014,Hampshire,E07000094,Winchester,E02004841,"Whiteley, Knowle & Wickham",-99,-99,-99,-99,-99,-99,-99,-99,5,5,-99,-99,6,4,7,-99,3,-99,-99,-99,-99,-99,-99,-99,-99,-99,-99,-99,-99,-99,-99,-99,-99,-99,-99,-99,-99
E12000008,South East,E10000014,Hampshire,E07000094,Winchester,E02004842,Denmead & Southwick,-99,-99,-99,-99,-99,-99,-99,-99,4,-99,7,-99,7,26,4,-99,-99,-99,3,-99,-99,-99,-99,-99,-99,-99,-99,-99,-99,-99,-99,-99,-99,-99,3,4,4
E12000006,East of England,E10000015,Hertfordshire,E07000095,Broxbourne,E02004843,Hoddesdon Ware Road,-99,-99,-99,-99,-99,-99,-99,-99,-99,5,-99,6,-99,6,-99,-99,-99,-99,-99,-99,-99,-99,-99,-99,-99,-99,-99,-99,-99,-99,-99,-99,-99,-99,-99,6,6
E12000006,East of England,E10000015,Hertfordshire,E07000095,Broxbourne,E02004844,Rye Park,-99,-99,-99,-99,-99,-99,-99,-99,3,3,4,-99,4,4,-99,-99,-99,-99,-99,-99,-99,-99,-99,-99,-99,-99,-99,-99,-99,-99,3,3,4,-99,4,-99,-99
E12000006,East of England,E10000015,Hertfordshire,E07000095,Broxbourne,E02004845,Hoddesdon Town,-99,-99,-99,-99,-99,-99,-99,-99,-99,-99,3,-99,4,-99,-99,-99,-99,-99,-99,-99,-99,-99,-99,-99,-99,-99,-99,-99,-99,-99,-99,-99,-99,3,-99,3,3
E12000006,East of England,E10000015,Hertfordshire,E07000095,Broxbourne,E02004846,Broxbourne Town,-99,-99,-99,-99,-99,-99,-99,-99,-99,6,-99,3,-99,-99,-99,-99,-99,-99,-99,-99,-99,-99,-99,-99,-99,-99,-99,-99,-99,-99,-99,-99,-99,19,6,3,3
E12000006,East of England,E10000015,Hertfordshire,E07000095,Broxbourne,E02004847,Wormley & Turnford,-99,-99,-99,-99,-99,-99,-99,4,3,3,5,-99,3,-99,-99,-99,-99,-99,-99,-99,-99,-99,-99,-99,-99,-99,-99,-99,-99,-99,-99,-99,-99,3,-99,-99,-99
E12000006,East of England,E10000015,Hertfordshire,E07000095,Broxbourne,E02004848,Flamstead End,-99,-99,-99,-99,-99,-99,-99,-99,6,-99,-99,-99,-99,-99,-99,-99,-99,-99,-99,-99,-99,-99,-99,-99,-99,-99,-99,-99,-99,3,-99,-99,-99,5,8,6,6
E12000006,East of England,E10000015,Hertfordshire,E07000095,Broxbourne,E02004849,Goffs Oak,-99,-99,-99,-99,-99,-99,-99,-99,-99,-99,4,-99,3,-99,-99,-99,-99,-99,-99,-99,-99,-99,-99,-99,-99,-99,-99,-99,-99,-99,-99,-99,-99,-99,3,4,4
E12000006,East of England,E10000015,Hertfordshire,E07000095,Broxbourne,E02004850,Cheshunt Coopers Walk,-99,-99,-99,-99,-99,-99,-99,-99,-99,-99,-99,4,-99,3,3,3,3,-99,-99,-99,-99,-99,-99,-99,-99,-99,-99,-99,-99,-99,4,5,-99,-99,3,4,4
E12000006,East of England,E10000015,Hertfordshire,E07000095,Broxbourne,E02004851,Rosedale,-99,-99,-99,-99,-99,-99,-99,3,-99,4,-99,5,-99,-99,-99,-99,-99,-99,-99,-99,-99,-99,-99,-99,-99,-99,-99,-99,-99,-99,-99,-99,-99,-99,-99,7,7
E12000006,East of England,E10000015,Hertfordshire,E07000095,Broxbourne,E02004852,Cheshunt Central,-99,-99,-99,-99,-99,-99,-99,-99,4,4,-99,3,4,-99,-99,-99,-99,-99,-99,-99,-99,-99,-99,-99,-99,-99,-99,-99,-99,-99,-99,-99,-99,6,-99,-99,-99
E12000006,East of England,E10000015,Hertfordshire,E07000095,Broxbourne,E02004853,Churchgate,-99,-99,-99,-99,-99,-99,-99,3,-99,3,3,4,3,7,9,-99,-99,3,-99,-99,-99,-99,-99,-99,-99,-99,-99,-99,-99,-99,-99,-99,-99,3,10,5,5
E12000006,East of England,E10000015,Hertfordshire,E07000095,Broxbourne,E02004854,Cheshunt South,-99,-99,-99,-99,-99,-99,-99,-99,-99,-99,3,-99,-99,-99,3,-99,-99,-99,-99,-99,-99,-99,-99,-99,-99,-99,-99,-99,-99,-99,-99,-99,-99,-99,6,-99,-99
E12000006,East of England,E10000015,Hertfordshire,E07000095,Broxbourne,E02004855,Waltham Cross Town,-99,-99,-99,-99,-99,-99,-99,-99,3,4,4,-99,5,-99,-99,-99,-99,-99,-99,-99,-99,-99,-99,-99,-99,-99,-99,-99,-99,-99,-99,-99,-99,-99,-99,-99,-99
E12000006,East of England,E10000015,Hertfordshire,E07000096,Dacorum,E02004856,"Markyate, Flamstead & Gaddesden",-99,-99,-99,-99,-99,-99,-99,-99,-99,-99,-99,3,-99,-99,-99,4,-99,-99,-99,-99,-99,-99,-99,-99,-99,-99,-99,-99,-99,-99,-99,-99,-99,-99,-99,4,4
E12000006,East of England,E10000015,Hertfordshire,E07000096,Dacorum,E02004857,Tring West & Long Marston,-99,-99,-99,-99,-99,-99,-99,-99,-99,-99,-99,-99,-99,-99,-99,-99,-99,-99,-99,-99,-99,-99,-99,-99,-99,-99,-99,-99,-99,8,-99,-99,-99,-99,-99,-99,-99
E12000006,East of England,E10000015,Hertfordshire,E07000096,Dacorum,E02004858,Tring North,-99,-99,-99,-99,-99,-99,-99,-99,-99,-99,3,-99,-99,3,-99,-99,-99,-99,-99,-99,-99,-99,-99,-99,-99,-99,-99,-99,-99,6,-99,-99,-99,-99,-99,-99,-99
E12000006,East of England,E10000015,Hertfordshire,E07000096,Dacorum,E02004859,"Tring East, Wigginton & Aldbury",-99,-99,-99,-99,-99,-99,-99,-99,3,-99,-99,-99,-99,-99,-99,-99,-99,-99,-99,-99,-99,-99,-99,-99,-99,-99,-99,-99,-99,4,3,-99,-99,-99,-99,5,5
E12000006,East of England,E10000015,Hertfordshire,E07000096,Dacorum,E02004860,Woodhall Farm,-99,-99,-99,-99,-99,-99,-99,-99,-99,-99,-99,3,3,-99,-99,-99,-99,-99,-99,-99,-99,-99,-99,-99,-99,-99,-99,-99,-99,-99,-99,4,-99,-99,-99,-99,-99
E12000006,East of England,E10000015,Hertfordshire,E07000096,Dacorum,E02004861,Northchurch & Potten End,-99,-99,-99,-99,-99,-99,-99,3,-99,-99,4,3,-99,-99,-99,3,-99,-99,-99,-99,-99,-99,-99,-99,-99,-99,-99,-99,-99,-99,-99,-99,-99,-99,-99,6,6
E12000006,East of England,E10000015,Hertfordshire,E07000096,Dacorum,E02004862,Grovehill,-99,-99,-99,-99,-99,-99,-99,-99,-99,-99,-99,5,-99,-99,3,-99,6,-99,-99,-99,-99,-99,-99,-99,-99,-99,-99,-99,-99,-99,-99,-99,-99,-99,-99,5,5
E12000006,East of England,E10000015,Hertfordshire,E07000096,Dacorum,E02004863,Highfield,-99,-99,-99,-99,-99,-99,-99,-99,3,6,12,6,6,-99,4,-99,-99,-99,4,-99,-99,-99,-99,-99,-99,-99,-99,-99,-99,-99,-99,-99,-99,-99,-99,3,3
E12000006,East of England,E10000015,Hertfordshire,E07000096,Dacorum,E02004864,Berkhamsted Town,-99,-99,-99,-99,-99,-99,-99,-99,-99,-99,-99,-99,3,-99,-99,-99,-99,-99,-99,-99,-99,-99,-99,-99,-99,-99,-99,-99,-99,-99,-99,-99,-99,-99,-99,5,5
E12000006,East of England,E10000015,Hertfordshire,E07000096,Dacorum,E02004865,Gadebridge & Old Town,-99,-99,-99,-99,-99,-99,-99,-99,-99,-99,-99,3,3,-99,-99,-99,-99,-99,-99,-99,-99,-99,-99,-99,-99,-99,-99,-99,-99,-99,-99,-99,-99,5,-99,-99,-99
E12000006,East of England,E10000015,Hertfordshire,E07000096,Dacorum,E02004866,Warners End,-99,-99,-99,-99,-99,-99,-99,-99,-99,-99,-99,4,4,3,-99,3,3,-99,-99,-99,-99,-99,-99,-99,-99,-99,-99,-99,-99,-99,-99,-99,-99,-99,-99,4,4
E12000006,East of England,E10000015,Hertfordshire,E07000096,Dacorum,E02004867,Berkhamsted West,-99,-99,-99,-99,-99,-99,-99,-99,-99,5,-99,-99,-99,-99,-99,-99,-99,-99,-99,-99,-99,-99,-99,-99,-99,-99,-99,-99,-99,-99,3,3,-99,-99,-99,5,5
E12000006,East of England,E10000015,Hertfordshire,E07000096,Dacorum,E02004868,Maylands & Adeyfield,-99,-99,-99,-99,-99,-99,-99,-99,5,7,5,5,5,3,-99,-99,-99,-99,-99,-99,-99,-99,-99,-99,-99,-99,-99,-99,-99,-99,-99,-99,-99,-99,-99,-99,-99
E12000006,East of England,E10000015,Hertfordshire,E07000096,Dacorum,E02004869,Berkhamsted South,-99,-99,-99,-99,-99,-99,3,-99,-99,3,-99,-99,-99,-99,-99,-99,-99,-99,-99,-99,-99,-99,-99,-99,-99,-99,-99,-99,-99,-99,3,-99,-99,-99,-99,6,6
E12000006,East of England,E10000015,Hertfordshire,E07000096,Dacorum,E02004870,Hemel Hempstead Town,-99,-99,-99,-99,-99,-99,-99,-99,-99,5,6,6,3,9,3,-99,6,-99,-99,-99,-99,-99,-99,-99,-99,3,-99,3,-99,3,3,-99,-99,3,4,4,4
E12000006,East of England,E10000015,Hertfordshire,E07000096,Dacorum,E02004871,Chaulden,-99,-99,-99,-99,-99,-99,-99,-99,-99,4,3,-99,-99,-99,-99,-99,-99,-99,-99,-99,-99,-99,-99,-99,-99,-99,-99,-99,-99,-99,-99,-99,-99,-99,-99,4,4
E12000006,East of England,E10000015,Hertfordshire,E07000096,Dacorum,E02004872,Leverstock Green,-99,-99,-99,-99,-99,-99,-99,3,-99,4,-99,-99,-99,3,-99,-99,-99,-99,-99,-99,-99,-99,-99,-99,-99,-99,-99,-99,-99,-99,-99,-99,-99,-99,-99,-99,-99
E12000006,East of England,E10000015,Hertfordshire,E07000096,Dacorum,E02004873,Boxmoor & Apsley,-99,-99,-99,-99,-99,-99,-99,-99,-99,7,4,3,10,3,-99,-99,4,-99,-99,-99,-99,-99,-99,-99,-99,-99,-99,-99,-99,3,-99,-99,-99,-99,5,7,7
E12000006,East of England,E10000015,Hertfordshire,E07000096,Dacorum,E02004874,Corner Hall,-99,-99,-99,-99,-99,-99,-99,-99,3,5,4,3,5,-99,-99,3,-99,-99,-99,-99,-99,-99,-99,-99,-99,-99,-99,-99,-99,-99,-99,-99,-99,-99,-99,3,3
E12000006,East of England,E10000015,Hertfordshire,E07000096,Dacorum,E02004875,Nash Mills & Bennetts End,-99,-99,-99,-99,-99,-99,-99,-99,-99,-99,3,3,6,-99,6,3,-99,-99,-99,-99,-99,-99,-99,-99,-99,-99,-99,-99,-99,-99,-99,-99,-99,3,-99,6,6
E12000006,East of England,E10000015,Hertfordshire,E07000096,Dacorum,E02004876,Bovingdon & Chipperfield,-99,-99,-99,-99,-99,-99,-99,-99,3,5,3,5,-99,-99,-99,-99,-99,-99,-99,-99,-99,-99,-99,-99,-99,3,3,-99,-99,-99,7,-99,-99,-99,5,9,9
E12000006,East of England,E10000015,Hertfordshire,E07000096,Dacorum,E02004877,Kings Langley,-99,-99,-99,-99,-99,-99,-99,-99,3,3,-99,-99,-99,-99,-99,-99,-99,-99,-99,-99,-99,-99,-99,-99,-99,-99,-99,-99,-99,-99,-99,-99,-99,-99,-99,5,5
E12000006,East of England,E10000015,Hertfordshire,E07000242,East Hertfordshire,E02004878,Buntingford & Great Hormead,-99,-99,-99,-99,-99,-99,-99,-99,-99,-99,-99,-99,-99,-99,-99,3,-99,-99,-99,-99,-99,-99,-99,-99,-99,-99,-99,-99,-99,-99,-99,-99,-99,-99,3,10,10
E12000006,East of England,E10000015,Hertfordshire,E07000242,East Hertfordshire,E02004879,"Datchworth, Walkern & Cottered",-99,-99,-99,-99,-99,-99,-99,-99,-99,4,-99,-99,-99,-99,-99,-99,-99,-99,-99,-99,-99,-99,-99,-99,3,-99,-99,-99,-99,-99,-99,-99,-99,-99,3,4,4
E12000006,East of England,E10000015,Hertfordshire,E07000242,East Hertfordshire,E02004880,Bishop's Stortford West & Braughing,-99,-99,-99,-99,-99,-99,-99,-99,5,3,4,-99,9,3,-99,-99,-99,-99,-99,-99,-99,-99,-99,-99,-99,-99,-99,-99,-99,-99,-99,-99,-99,-99,4,13,13
E12000006,East of England,E10000015,Hertfordshire,E07000242,East Hertfordshire,E02004881,Bishop's Stortford North,-99,-99,-99,-99,-99,-99,-99,-99,-99,-99,-99,-99,-99,-99,-99,-99,-99,-99,-99,-99,-99,-99,-99,-99,-99,-99,-99,-99,-99,-99,-99,-99,-99,-99,4,4,4
E12000006,East of England,E10000015,Hertfordshire,E07000242,East Hertfordshire,E02004882,Bishop's Stortford East,-99,-99,-99,-99,-99,-99,-99,-99,-99,-99,-99,-99,-99,7,4,11,-99,-99,-99,-99,-99,-99,-99,-99,-99,-99,-99,-99,-99,-99,-99,-99,-99,3,3,8,8
E12000006,East of England,E10000015,Hertfordshire,E07000242,East Hertfordshire,E02004883,Puckeridge & Thundridge,-99,-99,-99,-99,-99,-99,-99,-99,-99,-99,-99,-99,-99,4,-99,-99,-99,-99,-99,-99,-99,-99,-99,-99,-99,-99,-99,-99,-99,-99,-99,-99,-99,5,4,8,8
E12000006,East of England,E10000015,Hertfordshire,E07000242,East Hertfordshire,E02004884,Bishop's Stortford Central,-99,-99,-99,-99,-99,-99,-99,-99,-99,3,3,6,4,-99,3,-99,-99,-99,-99,-99,-99,-99,-99,-99,-99,-99,-99,-99,-99,-99,4,-99,-99,-99,-99,7,7
E12000006,East of England,E10000015,Hertfordshire,E07000242,East Hertfordshire,E02004885,Bishop's Stortford South,-99,-99,-99,-99,-99,-99,-99,-99,-99,-99,-99,7,6,6,4,3,-99,-99,-99,-99,-99,-99,-99,-99,-99,-99,-99,-99,-99,-99,-99,-99,-99,6,-99,7,7
E12000006,East of England,E10000015,Hertfordshire,E07000242,East Hertfordshire,E02004886,Much Hadham & Hunsdon,-99,-99,-99,-99,-99,-99,-99,-99,-99,-99,3,3,-99,3,-99,-99,-99,-99,-99,-99,-99,-99,-99,-99,-99,-99,-99,-99,-99,-99,-99,3,-99,-99,-99,3,3
E12000006,East of England,E10000015,Hertfordshire,E07000242,East Hertfordshire,E02004887,"Watton-at-Stone, Bramfield & Bayford",-99,-99,-99,-99,-99,-99,-99,-99,-99,-99,-99,3,-99,-99,-99,-99,-99,-99,-99,-99,-99,-99,-99,-99,-99,-99,-99,-99,-99,-99,3,-99,-99,-99,-99,-99,-99
E12000006,East of England,E10000015,Hertfordshire,E07000242,East Hertfordshire,E02004888,Sawbridgeworth,-99,-99,-99,-99,-99,-99,-99,-99,4,-99,8,10,4,-99,-99,-99,-99,-99,-99,-99,-99,-99,-99,-99,-99,-99,-99,-99,-99,-99,-99,-99,-99,-99,6,9,9
E12000006,East of England,E10000015,Hertfordshire,E07000242,East Hertfordshire,E02004889,Ware East,-99,-99,-99,-99,-99,-99,-99,-99,5,7,5,5,16,17,4,6,-99,-99,3,4,-99,-99,-99,-99,-99,-99,-99,-99,-99,-99,-99,-99,-99,3,-99,8,8
E12000006,East of England,E10000015,Hertfordshire,E07000242,East Hertfordshire,E02004890,Ware West,-99,-99,-99,-99,-99,-99,-99,-99,-99,3,3,-99,-99,-99,-99,-99,5,-99,-99,-99,-99,-99,-99,-99,-99,-99,-99,-99,-99,-99,-99,-99,-99,-99,3,7,7
E12000006,East of England,E10000015,Hertfordshire,E07000242,East Hertfordshire,E02004891,Hertford Bengeo,-99,-99,-99,-99,-99,-99,-99,-99,3,3,4,-99,-99,-99,-99,-99,-99,-99,-99,-99,-99,-99,-99,-99,-99,-99,-99,-99,-99,-99,-99,-99,-99,-99,-99,-99,-99
E12000006,East of England,E10000015,Hertfordshire,E07000242,East Hertfordshire,E02004892,Hertford West,-99,-99,-99,-99,-99,-99,-99,-99,4,-99,-99,-99,-99,-99,3,-99,-99,-99,-99,-99,-99,-99,-99,-99,-99,-99,-99,-99,-99,-99,-99,-99,3,-99,-99,4,4
E12000006,East of England,E10000015,Hertfordshire,E07000242,East Hertfordshire,E02004893,Hertford Foxholes,-99,-99,-99,-99,-99,-99,-99,-99,-99,-99,4,-99,-99,-99,-99,-99,-99,-99,-99,-99,-99,-99,-99,-99,-99,-99,-99,-99,-99,-99,-99,-99,-99,-99,-99,4,4
E12000006,East of England,E10000015,Hertfordshire,E07000242,East Hertfordshire,E02004894,Hertford South,-99,-99,-99,-99,-99,-99,-99,-99,3,-99,3,5,3,-99,-99,-99,-99,-99,-99,-99,-99,-99,-99,-99,-99,-99,-99,-99,-99,-99,3,4,-99,-99,3,5,5
E12000006,East of England,E10000015,Hertfordshire,E07000242,East Hertfordshire,E02004895,Hertford Heath & Stanstead St Margarets,-99,-99,-99,-99,-99,-99,-99,-99,-99,3,5,-99,-99,3,-99,3,-99,-99,-99,-99,-99,-99,-99,-99,-99,-99,-99,4,-99,-99,-99,-99,-99,-99,-99,8,8
E12000006,East of England,E10000015,Hertfordshire,E07000098,Hertsmere,E02004896,Potters Bar Parkfield,-99,-99,-99,-99,-99,-99,-99,-99,-99,3,11,7,6,-99,-99,-99,-99,-99,-99,-99,-99,-99,-99,-99,-99,-99,-99,-99,-99,-99,-99,-99,3,-99,-99,4,4
E12000006,East of England,E10000015,Hertfordshire,E07000098,Hertsmere,E02004897,Potters Bar Furzefield,-99,-99,-99,-99,-99,-99,-99,-99,5,-99,-99,3,-99,-99,-99,-99,-99,-99,-99,-99,-99,-99,-99,-99,-99,-99,-99,-99,-99,-99,-99,4,-99,-99,-99,4,4
E12000006,East of England,E10000015,Hertfordshire,E07000098,Hertsmere,E02004898,Potters Bar Oakmere,-99,-99,-99,-99,-99,-99,-99,-99,-99,6,6,3,-99,3,-99,-99,-99,-99,-99,-99,-99,-99,-99,-99,-99,-99,-99,-99,-99,-99,-99,3,-99,-99,-99,3,3
E12000006,East of England,E10000015,Hertfordshire,E07000098,Hertsmere,E02004899,Shenley & South Mimms,-99,-99,-99,-99,-99,-99,-99,-99,3,6,3,-99,-99,3,-99,3,-99,-99,-99,-99,-99,-99,-99,-99,-99,-99,-99,-99,-99,-99,-99,-99,-99,3,-99,7,7
E12000006,East of England,E10000015,Hertfordshire,E07000098,Hertsmere,E02004900,Radlett,-99,-99,-99,-99,-99,-99,-99,-99,6,11,4,3,-99,-99,-99,-99,-99,-99,-99,-99,-99,-99,-99,-99,-99,-99,-99,-99,-99,-99,6,5,-99,-99,-99,22,22
E12000006,East of England,E10000015,Hertfordshire,E07000098,Hertsmere,E02004901,Borehamwood Cowley Hill,-99,-99,-99,-99,-99,-99,-99,-99,7,7,11,7,5,3,-99,-99,-99,-99,-99,-99,-99,-99,-99,-99,-99,-99,-99,-99,-99,-99,5,3,3,-99,3,7,7
E12000006,East of England,E10000015,Hertfordshire,E07000098,Hertsmere,E02004902,Borehamwood Brookmeadow,-99,-99,-99,-99,-99,-99,-99,-99,-99,4,3,4,3,5,-99,-99,-99,-99,-99,-99,-99,-99,-99,-99,-99,-99,-99,-99,-99,-99,-99,9,-99,4,4,4,4
E12000006,East of England,E10000015,Hertfordshire,E07000098,Hertsmere,E02004903,Bushey North,-99,-99,-99,-99,-99,-99,-99,-99,3,-99,3,5,4,-99,-99,-99,-99,-99,-99,-99,-99,-99,-99,-99,-99,-99,-99,-99,-99,-99,3,4,-99,3,4,3,3
E12000006,East of England,E10000015,Hertfordshire,E07000098,Hertsmere,E02004904,Borehamwood Kenilworth,-99,-99,-99,-99,-99,-99,-99,-99,-99,6,5,-99,-99,5,-99,3,-99,-99,-99,-99,-99,-99,-99,-99,-99,-99,-99,-99,-99,-99,-99,-99,-99,-99,-99,3,3
E12000006,East of England,E10000015,Hertfordshire,E07000098,Hertsmere,E02004905,Elstree & Aldenham,-99,-99,-99,-99,-99,-99,-99,-99,9,13,7,5,3,5,-99,4,-99,3,-99,-99,-99,-99,-99,-99,-99,-99,-99,-99,3,3,4,7,11,16,4,14,14
E12000006,East of England,E10000015,Hertfordshire,E07000098,Hertsmere,E02004906,Borehamwood Hillside,-99,-99,-99,-99,-99,-99,-99,-99,-99,15,12,5,7,-99,3,-99,-99,-99,-99,-99,-99,-99,-99,-99,-99,-99,-99,-99,-99,-99,-99,4,5,4,4,8,8
E12000006,East of England,E10000015,Hertfordshire,E07000098,Hertsmere,E02004907,Bushey Central,-99,-99,-99,-99,-99,-99,-99,-99,11,7,8,3,-99,5,-99,-99,-99,-99,-99,-99,-99,-99,-99,-99,-99,-99,-99,-99,-99,-99,-99,-99,4,5,6,10,10
E12000006,East of England,E10000015,Hertfordshire,E07000098,Hertsmere,E02004908,Bushey Heath,-99,-99,-99,-99,-99,-99,-99,11,16,8,6,6,-99,6,-99,-99,-99,-99,-99,-99,-99,-99,-99,-99,-99,-99,-99,4,-99,-99,10,11,4,-99,-99,15,15
E12000006,East of England,E10000015,Hertfordshire,E07000099,North Hertfordshire,E02004909,Royston North & Central,-99,-99,-99,-99,-99,-99,-99,-99,-99,-99,-99,-99,3,-99,-99,-99,-99,-99,-99,-99,-99,-99,-99,-99,-99,-99,-99,-99,-99,-99,-99,-99,-99,-99,-99,-99,-99
E12000006,East of England,E10000015,Hertfordshire,E07000099,North Hertfordshire,E02004910,"Royston South, West & East",-99,-99,-99,-99,-99,-99,-99,-99,4,5,3,-99,-99,-99,-99,-99,-99,-99,-99,-99,-99,-99,-99,-99,-99,-99,-99,-99,-99,-99,-99,-99,-99,-99,-99,4,4
E12000006,East of England,E10000015,Hertfordshire,E07000099,North Hertfordshire,E02004911,Letchworth Grange,-99,-99,-99,-99,-99,-99,-99,-99,-99,-99,3,4,3,4,-99,-99,-99,-99,-99,-99,-99,-99,-99,-99,-99,-99,-99,-99,-99,-99,-99,-99,-99,-99,-99,3,3
E12000006,East of England,E10000015,Hertfordshire,E07000099,North Hertfordshire,E02004912,Baldock,-99,-99,-99,-99,-99,-99,-99,-99,3,3,-99,7,-99,5,37,12,-99,-99,-99,5,-99,-99,-99,-99,-99,-99,-99,-99,-99,-99,-99,6,4,-99,5,4,4
E12000006,East of England,E10000015,Hertfordshire,E07000099,North Hertfordshire,E02004913,"Great Ashby, Ashwell & Barley",-99,-99,-99,-99,-99,-99,-99,-99,-99,6,4,-99,3,-99,3,3,-99,-99,-99,-99,-99,-99,-99,-99,-99,-99,-99,-99,-99,3,-99,3,-99,7,-99,7,7
E12000006,East of England,E10000015,Hertfordshire,E07000099,North Hertfordshire,E02004914,Letchworth East,-99,-99,-99,-99,-99,-99,-99,-99,-99,-99,-99,-99,3,-99,-99,-99,-99,-99,-99,3,-99,-99,-99,-99,-99,-99,-99,-99,-99,-99,-99,-99,-99,-99,-99,4,4
E12000006,East of England,E10000015,Hertfordshire,E07000099,North Hertfordshire,E02004915,Letchworth Wilbury,-99,-99,-99,-99,-99,-99,-99,-99,-99,-99,-99,3,-99,-99,-99,-99,-99,-99,-99,-99,-99,-99,-99,-99,-99,-99,-99,-99,-99,-99,-99,-99,-99,-99,-99,-99,-99
E12000006,East of England,E10000015,Hertfordshire,E07000099,North Hertfordshire,E02004916,Letchworth South West,-99,-99,-99,-99,-99,-99,-99,-99,-99,-99,-99,-99,-99,-99,-99,-99,-99,-99,-99,-99,-99,-99,-99,-99,-99,-99,-99,-99,-99,-99,-99,-99,-99,-99,-99,6,6
E12000006,East of England,E10000015,Hertfordshire,E07000099,North Hertfordshire,E02004917,Letchworth South East,-99,-99,-99,-99,-99,-99,-99,-99,-99,-99,-99,-99,4,4,-99,-99,-99,-99,-99,-99,-99,-99,-99,-99,-99,-99,-99,-99,-99,-99,-99,-99,-99,-99,-99,-99,-99
E12000006,East of England,E10000015,Hertfordshire,E07000099,North Hertfordshire,E02004918,Hitchin Bearton,-99,-99,-99,-99,-99,-99,-99,-99,3,-99,-99,-99,3,-99,-99,-99,-99,-99,-99,-99,-99,-99,-99,-99,-99,-99,-99,-99,3,-99,-99,-99,-99,-99,-99,3,3
E12000006,East of England,E10000015,Hertfordshire,E07000099,North Hertfordshire,E02004919,Hitchin Walsworth,-99,-99,-99,-99,-99,-99,-99,-99,-99,4,-99,-99,-99,5,-99,-99,-99,-99,-99,-99,-99,-99,-99,-99,-99,-99,-99,-99,-99,-99,-99,3,3,-99,-99,3,3
E12000006,East of England,E10000015,Hertfordshire,E07000099,North Hertfordshire,E02004920,Hitchin Town & West,-99,-99,-99,-99,-99,-99,-99,-99,-99,4,3,5,3,19,7,3,4,-99,-99,-99,-99,-99,-99,-99,-99,-99,-99,-99,-99,-99,-99,-99,3,-99,3,3,3
E12000006,East of England,E10000015,Hertfordshire,E07000099,North Hertfordshire,E02004921,Hitchin Highbury,-99,-99,-99,-99,-99,-99,-99,-99,-99,-99,-99,-99,-99,-99,-99,-99,-99,-99,-99,-99,-99,-99,-99,-99,-99,-99,-99,-99,-99,-99,-99,-99,-99,-99,-99,-99,-99
E12000006,East of England,E10000015,Hertfordshire,E07000099,North Hertfordshire,E02004922,"Ickleford, Great Offley & Whitwell",-99,-99,-99,-99,-99,-99,-99,-99,-99,-99,-99,4,-99,-99,-99,-99,-99,-99,-99,-99,-99,-99,-99,-99,-99,-99,-99,-99,-99,-99,-99,-99,5,3,5,11,11
E12000006,East of England,E10000015,Hertfordshire,E07000099,North Hertfordshire,E02004923,"Knebworth, Codicote & Kimpton",-99,-99,-99,-99,-99,-99,-99,-99,3,5,9,3,5,-99,4,-99,-99,-99,-99,-99,-99,-99,-99,-99,-99,-99,-99,-99,-99,-99,-99,-99,-99,3,5,10,10
E12000006,East of England,E10000015,Hertfordshire,E07000240,St Albans,E02004924,Harpenden North,-99,-99,-99,-99,-99,-99,-99,-99,-99,9,5,-99,-99,-99,-99,-99,-99,-99,-99,-99,-99,-99,-99,-99,-99,-99,-99,-99,-99,-99,-99,-99,-99,-99,3,9,9
E12000006,East of England,E10000015,Hertfordshire,E07000240,St Albans,E02004925,Harpenden East,-99,-99,-99,-99,-99,-99,-99,-99,-99,-99,5,-99,4,-99,-99,4,-99,-99,-99,-99,-99,-99,-99,-99,-99,-99,-99,-99,-99,-99,-99,-99,3,-99,-99,5,5
E12000006,East of England,E10000015,Hertfordshire,E07000240,St Albans,E02004926,Harpenden Town,-99,-99,-99,-99,-99,-99,-99,-99,-99,5,4,3,-99,-99,-99,-99,-99,-99,-99,-99,-99,-99,-99,-99,-99,-99,-99,-99,4,-99,3,-99,3,3,3,9,9
E12000006,East of England,E10000015,Hertfordshire,E07000240,St Albans,E02004927,Wheathampstead,-99,-99,-99,-99,-99,-99,-99,-99,-99,6,-99,-99,-99,-99,3,-99,-99,-99,-99,-99,-99,-99,-99,-99,-99,-99,-99,-99,-99,-99,-99,-99,-99,-99,-99,6,6
E12000006,East of England,E10000015,Hertfordshire,E07000240,St Albans,E02004928,Harpenden Common,-99,-99,-99,-99,-99,-99,-99,-99,-99,-99,-99,-99,-99,-99,-99,-99,-99,-99,-99,-99,-99,-99,-99,-99,-99,-99,-99,-99,-99,-99,4,-99,3,5,-99,-99,-99
E12000006,East of England,E10000015,Hertfordshire,E07000240,St Albans,E02004929,Redbourn,-99,-99,-99,-99,-99,-99,-99,-99,3,-99,-99,3,3,-99,-99,-99,3,-99,-99,-99,3,-99,-99,-99,-99,-99,-99,-99,-99,-99,-99,-99,-99,-99,-99,-99,-99
E12000006,East of England,E10000015,Hertfordshire,E07000240,St Albans,E02004930,Jersey Farm & Sandridge,-99,-99,-99,-99,-99,-99,-99,-99,5,-99,3,4,-99,-99,-99,4,-99,-99,-99,-99,-99,-99,-99,-99,-99,-99,-99,-99,3,-99,-99,-99,4,3,9,3,3
E12000006,East of England,E10000015,Hertfordshire,E07000240,St Albans,E02004931,Marshalswick,-99,-99,-99,-99,-99,-99,-99,-99,-99,-99,-99,-99,-99,-99,-99,-99,-99,-99,-99,-99,-99,-99,-99,-99,-99,-99,-99,-99,-99,-99,-99,-99,-99,5,4,4,4
E12000006,East of England,E10000015,Hertfordshire,E07000240,St Albans,E02004932,Townsend & New Greens,-99,-99,-99,-99,-99,-99,-99,-99,3,3,3,-99,-99,-99,-99,-99,-99,-99,-99,-99,-99,3,6,3,-99,-99,-99,-99,-99,-99,-99,-99,5,3,-99,6,6
E12000006,East of England,E10000015,Hertfordshire,E07000240,St Albans,E02004933,Bernards Heath,-99,-99,-99,-99,-99,-99,-99,-99,-99,4,3,-99,-99,-99,-99,-99,-99,-99,-99,-99,-99,-99,-99,-99,-99,-99,-99,-99,-99,-99,-99,-99,-99,-99,4,7,7
E12000006,East of England,E10000015,Hertfordshire,E07000240,St Albans,E02004934,Clarence Park,-99,-99,-99,-99,-99,-99,-99,-99,5,6,-99,4,10,-99,6,-99,4,-99,-99,-99,-99,-99,-99,-99,-99,5,-99,-99,-99,-99,-99,-99,-99,-99,-99,4,4
E12000006,East of England,E10000015,Hertfordshire,E07000240,St Albans,E02004935,St Albans Central,-99,-99,-99,-99,-99,-99,-99,-99,3,-99,-99,4,-99,-99,-99,-99,3,-99,-99,-99,-99,-99,-99,-99,-99,-99,-99,-99,-99,-99,-99,-99,-99,-99,-99,5,5
E12000006,East of England,E10000015,Hertfordshire,E07000240,St Albans,E02004936,Longacres,-99,-99,-99,-99,-99,-99,-99,-99,3,-99,-99,-99,-99,-99,-99,-99,-99,-99,-99,-99,-99,-99,-99,-99,-99,-99,-99,-99,-99,-99,-99,4,13,5,9,10,10
E12000006,East of England,E10000015,Hertfordshire,E07000240,St Albans,E02004937,Verulam Park,-99,-99,-99,-99,-99,-99,-99,-99,4,5,-99,-99,-99,-99,-99,-99,-99,-99,-99,-99,-99,-99,-99,-99,-99,-99,-99,-99,-99,-99,-99,-99,3,3,-99,3,3
E12000006,East of England,E10000015,Hertfordshire,E07000240,St Albans,E02004938,Colney Heath & Tyttenhanger,-99,-99,-99,-99,-99,-99,-99,-99,-99,9,8,-99,3,3,-99,-99,-99,-99,-99,-99,-99,-99,-99,-99,-99,-99,-99,-99,-99,-99,-99,4,6,3,6,6,6
E12000006,East of England,E10000015,Hertfordshire,E07000240,St Albans,E02004939,The Camp & Cunningham,-99,-99,-99,-99,-99,-99,-99,-99,3,5,-99,-99,4,4,-99,4,-99,-99,-99,-99,-99,-99,-99,-99,-99,-99,-99,-99,-99,-99,-99,-99,3,-99,3,3,3
E12000006,East of England,E10000015,Hertfordshire,E07000240,St Albans,E02004940,Cottonmill & Sopwell,-99,-99,-99,-99,-99,-99,-99,-99,4,4,5,4,-99,-99,-99,-99,-99,4,-99,-99,-99,-99,-99,-99,-99,-99,-99,-99,-99,-99,-99,-99,-99,4,3,3,3
E12000006,East of England,E10000015,Hertfordshire,E07000240,St Albans,E02004941,London Colney,-99,-99,-99,-99,-99,-99,-99,-99,3,5,9,7,-99,3,3,-99,-99,-99,-99,-99,-99,-99,6,-99,-99,-99,-99,-99,-99,-99,-99,3,4,-99,-99,4,4
E12000006,East of England,E10000015,Hertfordshire,E07000240,St Albans,E02004942,How Wood & Park Street,-99,-99,-99,-99,-99,-99,-99,-99,-99,4,-99,4,-99,-99,-99,-99,-99,-99,-99,-99,-99,-99,-99,-99,-99,-99,-99,3,-99,-99,-99,7,-99,-99,4,-99,-99
E12000006,East of England,E10000015,Hertfordshire,E07000240,St Albans,E02004943,Bricket Wood & Chiswell Green,-99,-99,-99,-99,-99,-99,-99,-99,5,7,8,-99,7,-99,4,-99,-99,-99,-99,-99,-99,-99,-99,7,-99,-99,-99,-99,-99,-99,-99,-99,3,3,-99,10,10
E12000006,East of England,E10000015,Hertfordshire,E07000243,Stevenage,E02004944,St Nicholas,-99,-99,-99,-99,-99,-99,-99,-99,-99,6,-99,-99,7,3,-99,4,-99,4,-99,-99,-99,-99,-99,-99,-99,-99,-99,-99,-99,-99,-99,-99,-99,-99,-99,-99,-99
E12000006,East of England,E10000015,Hertfordshire,E07000243,Stevenage,E02004945,Woodfield & Old Town,-99,-99,-99,-99,-99,-99,-99,-99,4,11,14,12,8,9,6,6,3,3,-99,-99,-99,-99,-99,-99,-99,-99,3,-99,3,-99,-99,-99,6,4,-99,6,6
E12000006,East of England,E10000015,Hertfordshire,E07000243,Stevenage,E02004946,Martins Wood,-99,-99,-99,-99,-99,-99,-99,-99,-99,-99,5,-99,4,7,7,-99,-99,-99,-99,-99,-99,-99,-99,-99,-99,-99,-99,-99,-99,-99,-99,-99,-99,-99,3,-99,-99
E12000006,East of England,E10000015,Hertfordshire,E07000243,Stevenage,E02004947,Chells North,-99,-99,-99,-99,-99,-99,-99,-99,-99,-99,-99,-99,-99,-99,-99,-99,-99,-99,-99,-99,-99,-99,-99,-99,-99,-99,-99,-99,-99,-99,-99,-99,-99,-99,-99,4,4
E12000006,East of England,E10000015,Hertfordshire,E07000243,Stevenage,E02004948,Symonds Green,-99,-99,-99,-99,-99,-99,-99,-99,-99,3,-99,3,3,-99,-99,-99,-99,-99,-99,-99,-99,-99,-99,-99,-99,-99,-99,-99,-99,-99,-99,-99,5,4,-99,-99,-99
E12000006,East of England,E10000015,Hertfordshire,E07000243,Stevenage,E02004949,Pin Green,-99,-99,-99,-99,-99,-99,-99,-99,-99,3,3,3,5,-99,10,-99,3,-99,-99,-99,-99,-99,-99,-99,-99,-99,-99,-99,-99,-99,-99,3,3,-99,-99,3,3
E12000006,East of England,E10000015,Hertfordshire,E07000243,Stevenage,E02004950,Chells South,-99,-99,-99,-99,-99,-99,-99,-99,-99,-99,-99,-99,-99,4,3,6,-99,-99,-99,-99,-99,-99,-99,-99,-99,-99,-99,-99,-99,-99,-99,-99,4,-99,-99,-99,-99
E12000006,East of England,E10000015,Hertfordshire,E07000243,Stevenage,E02004951,Bedwell,-99,-99,-99,-99,-99,-99,-99,-99,-99,3,4,8,4,3,3,3,-99,-99,-99,-99,-99,-99,-99,-99,-99,-99,-99,-99,-99,-99,-99,-99,-99,4,-99,-99,-99
E12000006,East of England,E10000015,Hertfordshire,E07000243,Stevenage,E02004952,Poplars,-99,-99,-99,-99,-99,-99,-99,-99,-99,-99,3,3,3,-99,-99,-99,-99,-99,-99,-99,-99,-99,-99,-99,-99,-99,-99,-99,-99,-99,-99,-99,5,-99,-99,-99,-99
E12000006,East of England,E10000015,Hertfordshire,E07000243,Stevenage,E02004953,Shephall,-99,-99,-99,-99,-99,-99,-99,-99,-99,-99,3,-99,-99,-99,-99,-99,-99,-99,-99,-99,-99,-99,-99,-99,-99,-99,-99,-99,-99,-99,-99,3,-99,-99,-99,-99,-99
E12000006,East of England,E10000015,Hertfordshire,E07000243,Stevenage,E02004954,Roebuck,-99,-99,-99,-99,-99,-99,-99,-99,-99,-99,6,-99,3,3,-99,-99,-99,-99,-99,-99,-99,-99,-99,-99,-99,-99,-99,-99,-99,-99,3,-99,3,-99,-99,-99,-99
E12000006,East of England,E10000015,Hertfordshire,E07000243,Stevenage,E02004955,Broadwater & Bragbury End,-99,-99,-99,-99,-99,-99,-99,-99,-99,4,-99,-99,-99,-99,-99,-99,3,-99,-99,-99,-99,-99,-99,-99,-99,-99,-99,-99,-99,-99,-99,3,-99,-99,-99,-99,-99
E12000006,East of England,E10000015,Hertfordshire,E07000102,Three Rivers,E02004956,Abbots Langley,-99,-99,-99,-99,-99,-99,-99,-99,-99,4,-99,3,10,4,7,-99,-99,-99,-99,-99,-99,-99,-99,-99,-99,-99,-99,-99,-99,-99,-99,-99,-99,-99,5,-99,-99
E12000006,East of England,E10000015,Hertfordshire,E07000102,Three Rivers,E02004957,Leavesden & Garston Manor,-99,-99,-99,-99,-99,-99,-99,-99,4,3,5,7,7,-99,4,3,-99,-99,-99,-99,-99,-99,-99,-99,-99,-99,-99,-99,-99,-99,-99,-99,-99,-99,-99,9,9
E12000006,East of England,E10000015,Hertfordshire,E07000102,Three Rivers,E02004958,Croxley North & Sarratt,-99,-99,-99,-99,-99,-99,-99,-99,-99,3,3,-99,-99,-99,-99,-99,-99,-99,-99,-99,-99,-99,-99,-99,-99,-99,-99,-99,-99,-99,-99,4,-99,-99,3,4,4
E12000006,East of England,E10000015,Hertfordshire,E07000102,Three Rivers,E02004959,Rickmansworth North & Loudwater,-99,-99,-99,-99,-99,-99,-99,-99,4,5,3,3,5,6,-99,-99,-99,-99,-99,-99,-99,-99,-99,-99,-99,-99,-99,-99,-99,-99,-99,-99,-99,-99,-99,8,8
E12000006,East of England,E10000015,Hertfordshire,E07000102,Three Rivers,E02004960,Chorleywood,-99,-99,-99,-99,-99,-99,-99,-99,-99,-99,-99,-99,5,3,-99,-99,-99,-99,-99,-99,-99,-99,-99,-99,-99,-99,-99,-99,-99,-99,-99,-99,-99,-99,3,6,6
E12000006,East of England,E10000015,Hertfordshire,E07000102,Three Rivers,E02004961,Croxley Green,-99,-99,-99,-99,-99,-99,-99,-99,4,4,-99,3,5,-99,-99,-99,-99,-99,-99,-99,-99,-99,-99,-99,-99,-99,-99,-99,-99,-99,-99,-99,-99,4,5,4,4
E12000006,East of England,E10000015,Hertfordshire,E07000102,Three Rivers,E02004962,Rickmansworth West,-99,-99,-99,-99,-99,-99,-99,-99,-99,-99,4,10,-99,-99,3,-99,-99,-99,-99,-99,-99,3,-99,-99,-99,-99,-99,3,-99,4,-99,-99,4,-99,3,4,4
E12000006,East of England,E10000015,Hertfordshire,E07000102,Three Rivers,E02004963,Oxhey Hall & Hayling,-99,-99,-99,-99,-99,-99,-99,-99,-99,3,-99,5,3,4,-99,-99,-99,-99,-99,-99,-99,-99,-99,-99,-99,-99,-99,-99,-99,-99,7,5,-99,-99,5,9,9
E12000006,East of England,E10000015,Hertfordshire,E07000102,Three Rivers,E02004964,"Mill End, Heronsgate & Maple Cross",-99,-99,-99,-99,-99,-99,-99,-99,3,-99,-99,-99,3,4,-99,-99,-99,-99,-99,-99,-99,-99,-99,-99,-99,-99,-99,-99,-99,-99,-99,-99,-99,-99,-99,4,4
E12000006,East of England,E10000015,Hertfordshire,E07000102,Three Rivers,E02004965,Carpenders Park,-99,-99,-99,-99,-99,-99,-99,-99,5,7,-99,6,-99,-99,3,-99,-99,-99,-99,-99,-99,-99,-99,-99,-99,-99,-99,-99,-99,-99,-99,4,4,-99,-99,11,11
E12000006,East of England,E10000015,Hertfordshire,E07000102,Three Rivers,E02004966,Moor Park & Batchworth,-99,-99,-99,-99,-99,-99,-99,4,3,12,10,5,-99,5,4,-99,-99,-99,-99,-99,-99,-99,-99,-99,-99,-99,4,-99,-99,-99,-99,-99,-99,6,6,5,5
E12000006,East of England,E10000015,Hertfordshire,E07000102,Three Rivers,E02004967,South Oxhey,-99,-99,-99,-99,-99,-99,-99,-99,4,4,6,7,4,-99,3,-99,-99,4,-99,-99,-99,-99,-99,-99,-99,-99,-99,-99,-99,-99,-99,-99,-99,-99,-99,-99,-99
E12000006,East of England,E10000015,Hertfordshire,E07000103,Watford,E02004968,Woodside & Leavesden Green,-99,-99,-99,-99,-99,-99,-99,-99,6,5,4,17,14,5,-99,-99,-99,-99,-99,-99,-99,-99,-99,-99,-99,-99,-99,-99,-99,-99,3,-99,-99,-99,7,-99,-99
E12000006,East of England,E10000015,Hertfordshire,E07000103,Watford,E02004969,Stanborough,-99,-99,-99,-99,-99,-99,-99,-99,-99,10,4,7,-99,-99,4,-99,-99,-99,-99,-99,-99,-99,-99,-99,-99,-99,-99,-99,-99,-99,-99,-99,-99,3,-99,4,4
E12000006,East of England,E10000015,Hertfordshire,E07000103,Watford,E02004970,Garston,-99,-99,-99,-99,-99,-99,-99,-99,3,3,3,-99,-99,5,4,3,-99,-99,-99,-99,-99,-99,-99,-99,-99,-99,-99,-99,-99,-99,-99,3,-99,3,-99,10,10
E12000006,East of England,E10000015,Hertfordshire,E07000103,Watford,E02004971,Leggatts,-99,-99,-99,-99,-99,-99,-99,-99,3,6,6,4,-99,4,-99,-99,-99,-99,-99,-99,-99,-99,-99,-99,-99,4,-99,5,3,-99,-99,-99,-99,-99,-99,-99,-99
E12000006,East of England,E10000015,Hertfordshire,E07000103,Watford,E02004972,Tudor,-99,-99,-99,-99,-99,-99,-99,-99,-99,-99,5,-99,3,-99,-99,3,-99,-99,-99,-99,-99,-99,-99,-99,-99,-99,-99,-99,-99,-99,-99,-99,-99,-99,8,4,4
E12000006,East of England,E10000015,Hertfordshire,E07000103,Watford,E02004973,North Watford,-99,-99,-99,-99,-99,-99,-99,-99,-99,-99,3,6,-99,7,-99,-99,-99,-99,-99,-99,-99,-99,-99,-99,-99,-99,-99,5,5,3,-99,-99,-99,-99,-99,4,4
E12000006,East of England,E10000015,Hertfordshire,E07000103,Watford,E02004974,Nascot Wood,-99,-99,-99,-99,-99,-99,-99,-99,15,14,5,7,-99,13,6,3,3,6,-99,-99,-99,-99,-99,-99,-99,-99,-99,-99,-99,-99,-99,5,3,-99,-99,-99,-99
E12000006,East of England,E10000015,Hertfordshire,E07000103,Watford,E02004975,Cassiobury,-99,-99,-99,-99,-99,-99,-99,-99,5,-99,4,6,4,-99,-99,-99,4,3,-99,-99,-99,-99,-99,-99,-99,-99,-99,-99,-99,-99,3,3,-99,4,3,5,5
E12000006,East of England,E10000015,Hertfordshire,E07000103,Watford,E02004976,Central Watford,-99,-99,-99,-99,-99,-99,-99,-99,4,13,4,6,11,6,-99,-99,3,-99,-99,-99,-99,-99,-99,-99,-99,-99,-99,-99,-99,-99,6,3,3,3,8,5,5
E12000006,East of England,E10000015,Hertfordshire,E07000103,Watford,E02004977,West Watford,-99,-99,-99,-99,-99,-99,-99,-99,4,7,18,10,9,12,3,-99,-99,-99,3,-99,-99,-99,-99,-99,-99,-99,-99,-99,3,-99,4,6,7,-99,-99,9,9
E12000006,East of England,E10000015,Hertfordshire,E07000103,Watford,E02004978,Holywell,-99,-99,-99,-99,-99,-99,-99,-99,8,7,14,12,17,8,4,3,-99,-99,-99,-99,3,-99,-99,-99,4,5,-99,3,5,-99,-99,-99,-99,4,4,8,8
E12000006,East of England,E10000015,Hertfordshire,E07000103,Watford,E02004979,Oxhey,-99,-99,-99,-99,-99,-99,-99,-99,3,10,3,3,3,-99,-99,-99,-99,-99,-99,-99,-99,-99,-99,-99,-99,-99,-99,-99,-99,-99,-99,3,-99,-99,3,7,7
E12000006,East of England,E10000015,Hertfordshire,E07000241,Welwyn Hatfield,E02004980,"Woolmer Green, Oaklands & Digswell",-99,-99,-99,-99,-99,-99,-99,-99,3,-99,3,-99,-99,3,3,8,3,-99,-99,-99,-99,-99,-99,-99,-99,-99,-99,-99,-99,-99,-99,-99,-99,-99,-99,6,6
E12000006,East of England,E10000015,Hertfordshire,E07000241,Welwyn Hatfield,E02004981,Welwyn & Hatfield Garden Village,-99,-99,-99,-99,-99,-99,-99,-99,-99,3,-99,3,-99,-99,-99,-99,-99,-99,-99,-99,-99,-99,-99,-99,-99,-99,-99,-99,-99,-99,-99,-99,3,-99,-99,-99,-99
E12000006,East of England,E10000015,Hertfordshire,E07000241,Welwyn Hatfield,E02004982,Knightsfield,-99,-99,-99,-99,-99,-99,-99,-99,-99,-99,-99,-99,-99,-99,-99,-99,-99,-99,-99,-99,-99,-99,-99,-99,-99,-99,-99,-99,-99,-99,-99,-99,-99,3,-99,3,3
E12000006,East of England,E10000015,Hertfordshire,E07000241,Welwyn Hatfield,E02004983,Haldens,-99,-99,-99,-99,-99,-99,-99,-99,-99,-99,-99,3,-99,-99,-99,-99,-99,-99,-99,-99,-99,-99,-99,-99,-99,-99,-99,-99,-99,-99,3,-99,3,-99,-99,3,3
E12000006,East of England,E10000015,Hertfordshire,E07000241,Welwyn Hatfield,E02004984,Panshanger,-99,-99,-99,-99,-99,-99,-99,-99,-99,-99,4,-99,-99,14,-99,-99,-99,-99,-99,-99,-99,-99,-99,-99,-99,-99,-99,-99,-99,3,-99,-99,-99,-99,-99,-99,-99
E12000006,East of England,E10000015,Hertfordshire,E07000241,Welwyn Hatfield,E02004985,Welwyn Garden City Central & Handside,-99,-99,-99,-99,-99,-99,-99,-99,-99,-99,-99,-99,-99,-99,-99,-99,-99,-99,-99,-99,-99,-99,-99,-99,-99,-99,-99,-99,-99,-99,-99,-99,-99,-99,-99,-99,-99
E12000006,East of England,E10000015,Hertfordshire,E07000241,Welwyn Hatfield,E02004986,Peartree,-99,-99,-99,-99,-99,-99,-99,-99,-99,-99,5,4,-99,-99,-99,-99,-99,-99,-99,-99,-99,-99,-99,-99,-99,-99,-99,-99,-99,-99,-99,-99,-99,-99,-99,-99,-99
E12000006,East of England,E10000015,Hertfordshire,E07000241,Welwyn Hatfield,E02004987,Hall Grove,-99,-99,-99,-99,-99,-99,-99,-99,-99,-99,-99,-99,-99,4,4,3,3,-99,-99,-99,-99,-99,-99,-99,-99,-99,-99,-99,-99,-99,3,-99,5,3,3,3,3
E12000006,East of England,E10000015,Hertfordshire,E07000241,Welwyn Hatfield,E02004988,Hollybush,-99,-99,-99,-99,-99,-99,-99,-99,-99,-99,3,-99,4,-99,-99,-99,-99,-99,-99,-99,-99,-99,-99,-99,-99,-99,-99,-99,-99,-99,-99,-99,-99,-99,-99,-99,-99
E12000006,East of England,E10000015,Hertfordshire,E07000241,Welwyn Hatfield,E02004989,Hatfield North & West,-99,-99,-99,-99,-99,-99,-99,-99,-99,-99,4,3,-99,7,10,19,16,3,3,3,-99,-99,-99,-99,-99,-99,-99,-99,-99,-99,-99,3,5,3,3,7,7
E12000006,East of England,E10000015,Hertfordshire,E07000241,Welwyn Hatfield,E02004990,Hatfield East,-99,-99,-99,-99,-99,-99,-99,-99,-99,-99,-99,3,14,10,-99,3,-99,-99,-99,-99,-99,-99,-99,-99,-99,-99,-99,-99,-99,3,-99,-99,-99,-99,4,7,7
E12000006,East of England,E10000015,Hertfordshire,E07000241,Welwyn Hatfield,E02004991,Hatfield Town,-99,-99,-99,-99,-99,-99,-99,4,5,-99,4,-99,3,4,3,5,10,-99,4,-99,-99,-99,-99,3,-99,-99,-99,5,-99,-99,3,5,-99,-99,-99,3,3
E12000006,East of England,E10000015,Hertfordshire,E07000241,Welwyn Hatfield,E02004992,Hatfield South,-99,-99,-99,-99,-99,-99,-99,-99,-99,3,4,-99,5,4,5,-99,-99,-99,-99,4,-99,-99,4,-99,-99,-99,-99,-99,-99,-99,5,4,-99,-99,3,4,4
E12000006,East of England,E10000015,Hertfordshire,E07000241,Welwyn Hatfield,E02004993,Welham Green,-99,-99,-99,-99,-99,-99,-99,3,-99,3,4,4,-99,-99,-99,-99,-99,-99,-99,-99,-99,-99,-99,-99,-99,-99,-99,-99,-99,-99,-99,-99,3,-99,-99,4,4
E12000006,East of England,E10000015,Hertfordshire,E07000241,Welwyn Hatfield,E02004994,Brookmans Park,-99,-99,-99,-99,-99,-99,-99,-99,3,-99,-99,-99,-99,-99,-99,-99,-99,-99,-99,-99,-99,-99,-99,-99,-99,-99,-99,-99,-99,-99,5,-99,-99,-99,-99,10,10
E12000006,East of England,E10000015,Hertfordshire,E07000241,Welwyn Hatfield,E02004995,Cuffley & Northaw,-99,-99,-99,-99,-99,-99,-99,-99,-99,3,-99,-99,-99,-99,-99,-99,-99,-99,-99,-99,-99,-99,-99,-99,-99,-99,-99,-99,-99,-99,-99,-99,5,-99,-99,3,3
E12000008,South East,E10000016,Kent,E07000105,Ashford,E02004996,"Wye, Chilham & Kennington",-99,-99,-99,-99,-99,-99,-99,-99,-99,3,7,5,5,7,5,5,-99,4,-99,-99,4,-99,-99,-99,-99,-99,-99,-99,-99,-99,-99,-99,-99,-99,-99,-99,-99
E12000008,South East,E10000016,Kent,E07000105,Ashford,E02004997,"Charing, Pluckley & Challock",-99,-99,-99,-99,-99,-99,-99,-99,4,3,4,6,-99,5,4,4,7,-99,-99,-99,5,-99,3,-99,-99,-99,-99,-99,-99,-99,-99,-99,-99,-99,-99,3,3
E12000008,South East,E10000016,Kent,E07000105,Ashford,E02004998,Kennington & Little Burton Farm,-99,-99,-99,-99,-99,-99,-99,-99,-99,4,5,-99,-99,4,5,3,3,-99,-99,-99,-99,-99,-99,-99,3,-99,-99,-99,-99,-99,-99,-99,-99,-99,-99,3,3
E12000008,South East,E10000016,Kent,E07000105,Ashford,E02004999,"Bybrook, Orchard Park & Godinton",-99,-99,-99,-99,-99,-99,-99,-99,3,12,15,24,22,24,12,9,24,10,8,5,6,6,4,-99,-99,3,-99,-99,-99,-99,-99,-99,-99,-99,-99,-99,-99
E12000008,South East,E10000016,Kent,E07000105,Ashford,E02005000,Ashford Central,-99,-99,-99,-99,-99,-99,-99,-99,-99,9,15,15,23,24,15,13,23,25,14,6,3,3,6,3,5,3,-99,-99,-99,-99,-99,-99,-99,-99,-99,4,4
E12000008,South East,E10000016,Kent,E07000105,Ashford,E02005001,Highfield & Willesborough,-99,-99,-99,-99,-99,-99,-99,-99,-99,-99,7,26,21,18,12,9,16,8,14,9,5,6,-99,-99,4,-99,-99,-99,-99,-99,-99,-99,-99,-99,-99,-99,-99
E12000008,South East,E10000016,Kent,E07000105,Ashford,E02005002,Beaver & Singtleton,-99,-99,-99,-99,-99,-99,-99,-99,-99,-99,4,12,15,17,12,16,11,6,5,-99,3,-99,-99,-99,4,-99,-99,3,-99,-99,-99,-99,-99,-99,-99,3,3
E12000008,South East,E10000016,Kent,E07000105,Ashford,E02005003,Washford & Stanhope,-99,-99,-99,-99,-99,-99,-99,-99,-99,4,7,18,8,11,14,10,11,4,5,6,4,3,-99,-99,-99,-99,-99,3,-99,-99,-99,-99,-99,-99,-99,-99,-99
E12000008,South East,E10000016,Kent,E07000105,Ashford,E02005004,Park Farm,-99,-99,-99,-99,-99,-99,-99,-99,6,5,-99,13,23,24,12,19,10,5,-99,3,4,-99,4,-99,3,3,-99,-99,-99,-99,-99,-99,-99,-99,-99,-99,-99
E12000008,South East,E10000016,Kent,E07000105,Ashford,E02005005,Brabourne Lees & North Romney,-99,-99,-99,-99,-99,-99,-99,-99,4,4,11,-99,6,4,6,5,6,3,7,6,-99,-99,-99,-99,-99,-99,-99,-99,-99,-99,-99,-99,-99,-99,-99,3,3
E12000008,South East,E10000016,Kent,E07000105,Ashford,E02005006,"Biddenden, Smarden & High Halden",-99,-99,-99,-99,-99,-99,-99,-99,-99,-99,-99,-99,-99,-99,5,3,6,-99,-99,-99,5,-99,-99,-99,-99,-99,-99,-99,-99,-99,-99,-99,-99,-99,-99,3,3
E12000008,South East,E10000016,Kent,E07000105,Ashford,E02005007,"Great Chart, Bethersden & Woodchurch",-99,-99,-99,-99,-99,-99,-99,-99,-99,4,11,4,6,5,4,4,8,-99,-99,4,8,6,-99,-99,-99,-99,-99,-99,-99,-99,-99,-99,-99,-99,-99,3,3
E12000008,South East,E10000016,Kent,E07000105,Ashford,E02005008,Tenterden & Rolvenden,-99,-99,-99,-99,-99,-99,-99,-99,-99,-99,-99,4,4,5,4,-99,3,15,3,3,5,-99,4,-99,-99,3,-99,-99,-99,-99,-99,-99,-99,-99,-99,-99,-99
E12000008,South East,E10000016,Kent,E07000105,Ashford,E02005009,Hamstreet & Isle of Oxney,-99,-99,-99,-99,-99,-99,-99,-99,-99,3,3,-99,9,4,-99,-99,-99,-99,4,3,-99,-99,-99,-99,-99,-99,-99,-99,-99,-99,-99,-99,-99,-99,-99,-99,-99
E12000008,South East,E10000016,Kent,E07000106,Canterbury,E02005010,Herne Bay Parade,-99,-99,-99,-99,-99,-99,-99,-99,-99,3,4,6,-99,-99,-99,3,5,-99,-99,-99,-99,-99,-99,-99,-99,-99,-99,-99,-99,-99,-99,-99,-99,-99,14,5,5
E12000008,South East,E10000016,Kent,E07000106,Canterbury,E02005011,Beltinge & Bishopstone,-99,-99,-99,-99,-99,-99,-99,-99,3,8,11,8,6,3,-99,3,-99,-99,-99,-99,-99,-99,-99,-99,-99,-99,-99,-99,-99,-99,-99,-99,-99,-99,-99,3,3
E12000008,South East,E10000016,Kent,E07000106,Canterbury,E02005012,Herne Bay South & Greenhill,-99,-99,-99,-99,-99,-99,-99,-99,3,3,5,6,7,6,3,-99,-99,-99,3,-99,-99,-99,-99,-99,-99,-99,-99,-99,-99,-99,-99,-99,-99,-99,-99,-99,-99
E12000008,South East,E10000016,Kent,E07000106,Canterbury,E02005013,"Hampton, West End & Swalecliffe",-99,-99,-99,-99,-99,-99,-99,-99,-99,-99,9,8,4,4,-99,-99,-99,-99,-99,-99,-99,-99,-99,-99,-99,-99,-99,-99,-99,-99,-99,-99,-99,-99,-99,-99,-99
E12000008,South East,E10000016,Kent,E07000106,Canterbury,E02005014,Chestfield & South Tankerton,-99,-99,-99,-99,-99,-99,-99,-99,-99,-99,-99,5,-99,-99,-99,-99,4,-99,-99,-99,-99,-99,-99,-99,-99,-99,-99,-99,-99,-99,-99,-99,-99,-99,-99,3,3
E12000008,South East,E10000016,Kent,E07000106,Canterbury,E02005015,Herne & Broomfield,-99,-99,-99,-99,-99,-99,-99,-99,-99,-99,-99,3,-99,4,3,4,3,3,3,-99,-99,-99,-99,-99,-99,-99,-99,-99,-99,-99,-99,-99,-99,-99,-99,-99,-99
E12000008,South East,E10000016,Kent,E07000106,Canterbury,E02005016,Whitstable Central & Tankerton,-99,-99,-99,-99,-99,-99,-99,-99,-99,3,-99,-99,5,-99,4,-99,4,-99,-99,-99,-99,-99,-99,-99,-99,-99,-99,-99,-99,-99,-99,-99,-99,-99,-99,-99,-99
E12000008,South East,E10000016,Kent,E07000106,Canterbury,E02005017,Whitstable West,-99,-99,-99,-99,-99,-99,-99,-99,-99,-99,-99,5,-99,3,5,-99,-99,-99,-99,-99,-99,-99,-99,-99,-99,-99,-99,-99,-99,-99,-99,-99,-99,-99,-99,-99,-99
E12000008,South East,E10000016,Kent,E07000106,Canterbury,E02005018,Seasalter,-99,-99,-99,-99,-99,-99,-99,-99,8,3,4,4,4,-99,3,4,-99,-99,-99,-99,-99,-99,-99,-99,-99,3,-99,-99,-99,-99,-99,-99,-99,-99,-99,-99,-99
E12000008,South East,E10000016,Kent,E07000106,Canterbury,E02005019,"Hoath, Hersden & Littlebourne",-99,-99,-99,-99,-99,-99,-99,-99,-99,-99,3,-99,4,4,3,-99,-99,4,-99,-99,3,-99,-99,-99,-99,-99,-99,-99,-99,-99,-99,3,-99,-99,5,3,3
E12000008,South East,E10000016,Kent,E07000106,Canterbury,E02005020,Sturry and Fordwich,-99,-99,-99,-99,-99,-99,-99,-99,-99,4,8,5,4,-99,3,4,-99,-99,-99,-99,-99,-99,-99,-99,-99,-99,-99,-99,-99,-99,-99,-99,-99,-99,-99,4,4
E12000008,South East,E10000016,Kent,E07000106,Canterbury,E02005021,"Blean Forest, Chartham Hatch & University",-99,-99,-99,-99,-99,-99,-99,-99,3,-99,-99,-99,4,6,-99,-99,4,-99,-99,-99,-99,-99,-99,-99,-99,-99,-99,-99,-99,-99,-99,3,-99,4,7,7,7
E12000008,South East,E10000016,Kent,E07000106,Canterbury,E02005022,Canterbury St Stephen's,-99,-99,-99,-99,-99,-99,-99,-99,-99,3,-99,-99,-99,-99,-99,-99,-99,-99,-99,-99,-99,-99,-99,-99,-99,-99,-99,-99,-99,-99,-99,-99,-99,-99,3,3,3
E12000008,South East,E10000016,Kent,E07000106,Canterbury,E02005023,Canterbury Barracks,-99,-99,-99,-99,-99,-99,-99,-99,-99,3,6,7,10,-99,4,4,-99,3,-99,-99,-99,-99,-99,-99,-99,-99,-99,-99,-99,-99,-99,-99,-99,-99,-99,4,4
E12000008,South East,E10000016,Kent,E07000106,Canterbury,E02005025,South Canterbury,-99,-99,-99,-99,-99,-99,-99,-99,-99,-99,-99,12,9,6,7,6,4,-99,-99,-99,-99,-99,-99,-99,-99,-99,-99,-99,-99,-99,-99,-99,-99,-99,-99,4,4
E12000008,South East,E10000016,Kent,E07000106,Canterbury,E02005026,Thanington & Chartham,-99,-99,-99,-99,-99,-99,-99,-99,-99,-99,3,4,8,-99,3,-99,-99,-99,-99,3,-99,-99,-99,-99,-99,-99,-99,-99,-99,-99,-99,-99,-99,-99,-99,3,3
E12000008,South East,E10000016,Kent,E07000106,Canterbury,E02005027,"Bridge, Bishopsbourne & Barham",-99,-99,-99,-99,-99,-99,-99,-99,-99,4,3,-99,3,4,-99,3,-99,-99,3,-99,-99,-99,-99,-99,-99,-99,-99,-99,-99,-99,-99,-99,-99,-99,-99,-99,-99
E12000008,South East,E10000016,Kent,E07000107,Dartford,E02005028,Temple Hill & Marshes,-99,-99,-99,-99,-99,-99,-99,4,5,12,18,10,10,7,6,-99,-99,3,-99,-99,-99,3,-99,-99,3,-99,-99,-99,-99,-99,5,-99,-99,-99,10,8,8
E12000008,South East,E10000016,Kent,E07000107,Dartford,E02005029,Ebbsfleet & Greenhithe,-99,-99,-99,-99,-99,-99,-99,-99,-99,10,11,5,6,-99,-99,3,3,-99,3,-99,-99,-99,-99,-99,3,-99,3,-99,-99,-99,-99,-99,-99,3,-99,5,5
E12000008,South East,E10000016,Kent,E07000107,Dartford,E02005030,Central Dartford & West Hill,-99,-99,-99,-99,-99,-99,-99,-99,3,14,12,4,5,-99,-99,-99,-99,-99,4,-99,-99,-99,-99,-99,-99,4,-99,-99,-99,-99,-99,-99,3,-99,4,-99,-99
E12000008,South East,E10000016,Kent,E07000107,Dartford,E02005031,Swanscombe,-99,-99,-99,-99,-99,-99,-99,-99,-99,4,3,4,-99,5,3,3,3,-99,-99,-99,-99,-99,-99,-99,-99,3,-99,-99,-99,-99,-99,-99,3,-99,3,-99,-99
E12000008,South East,E10000016,Kent,E07000107,Dartford,E02005032,Newtown,-99,-99,-99,-99,-99,-99,-99,-99,3,14,8,6,-99,3,-99,-99,-99,-99,-99,-99,-99,-99,-99,-99,-99,-99,-99,-99,-99,-99,-99,-99,-99,-99,3,4,4
E12000008,South East,E10000016,Kent,E07000107,Dartford,E02005033,Stone & Crossways,-99,-99,-99,-99,-99,-99,-99,3,3,13,13,17,4,10,-99,-99,4,-99,3,-99,-99,-99,-99,-99,-99,-99,-99,-99,-99,-99,-99,-99,-99,-99,-99,3,3
E12000008,South East,E10000016,Kent,E07000107,Dartford,E02005034,Heath,-99,-99,-99,-99,-99,-99,-99,-99,4,5,6,4,-99,-99,-99,-99,-99,-99,-99,-99,-99,-99,3,-99,-99,-99,-99,-99,-99,-99,-99,-99,4,-99,-99,-99,-99
E12000008,South East,E10000016,Kent,E07000107,Dartford,E02005035,Brent & Fleet Estate,-99,-99,-99,-99,-99,-99,-99,4,6,8,16,11,5,4,-99,11,-99,4,-99,-99,-99,-99,-99,3,-99,6,-99,-99,-99,-99,-99,-99,-99,-99,3,-99,-99
E12000008,South East,E10000016,Kent,E07000107,Dartford,E02005036,Tree Estate,-99,-99,-99,-99,-99,-99,-99,-99,-99,10,7,3,4,4,3,3,-99,-99,-99,-99,-99,-99,-99,-99,-99,-99,-99,-99,-99,-99,-99,-99,-99,-99,-99,-99,-99
E12000008,South East,E10000016,Kent,E07000107,Dartford,E02005037,Joydens Wood,-99,-99,-99,-99,-99,-99,-99,5,-99,7,4,-99,4,4,3,-99,-99,-99,-99,-99,-99,-99,-99,-99,-99,-99,-99,-99,-99,-99,-99,-99,-99,-99,6,-99,-99
E12000008,South East,E10000016,Kent,E07000107,Dartford,E02005038,Wilmington & Hawley,-99,-99,-99,-99,-99,-99,-99,-99,-99,4,3,5,5,-99,3,-99,-99,-99,-99,-99,-99,-99,-99,-99,3,-99,-99,-99,-99,-99,-99,-99,-99,-99,-99,-99,-99
E12000008,South East,E10000016,Kent,E07000107,Dartford,E02005039,"Bean, Darenth & Sutton at Hone",-99,-99,-99,-99,-99,-99,-99,-99,3,3,3,3,3,4,-99,3,6,-99,-99,-99,-99,-99,-99,-99,-99,-99,-99,-99,-99,-99,-99,-99,-99,-99,-99,-99,-99
E12000008,South East,E10000016,Kent,E07000107,Dartford,E02005040,"Longfield, New Barn & Southfleet",-99,-99,-99,-99,-99,-99,-99,-99,4,10,14,14,-99,-99,-99,-99,-99,-99,-99,-99,-99,-99,-99,-99,-99,-99,-99,-99,-99,-99,-99,-99,3,-99,-99,-99,-99
E12000008,South East,E10000016,Kent,E07000108,Dover,E02005041,Ash & Wingham,-99,-99,-99,-99,-99,-99,-99,-99,-99,-99,-99,-99,-99,-99,-99,-99,3,-99,-99,-99,-99,-99,-99,-99,-99,-99,-99,-99,-99,-99,4,-99,-99,-99,-99,6,6
E12000008,South East,E10000016,Kent,E07000108,Dover,E02005042,Sandwich & Eastry,-99,-99,-99,-99,-99,-99,-99,-99,-99,4,5,8,5,7,3,-99,5,-99,-99,-99,-99,-99,-99,-99,-99,-99,-99,-99,-99,-99,-99,5,-99,-99,-99,4,4
E12000008,South East,E10000016,Kent,E07000108,Dover,E02005043,Deal North & West,-99,-99,-99,-99,-99,-99,-99,-99,3,-99,4,3,5,3,-99,-99,-99,-99,-99,3,-99,-99,-99,-99,-99,3,-99,-99,-99,-99,-99,-99,-99,-99,-99,-99,-99
E12000008,South East,E10000016,Kent,E07000108,Dover,E02005044,Deal East,-99,-99,-99,-99,-99,-99,-99,-99,-99,-99,4,-99,5,3,-99,-99,3,-99,-99,-99,-99,-99,-99,-99,-99,-99,-99,-99,-99,-99,-99,-99,-99,-99,-99,-99,-99
E12000008,South East,E10000016,Kent,E07000108,Dover,E02005045,"Mill Hill, Upper Deal & Northbourne",-99,-99,-99,-99,-99,-99,-99,-99,-99,4,6,8,3,4,-99,-99,4,3,6,4,-99,-99,-99,-99,-99,-99,-99,-99,3,-99,-99,-99,-99,-99,-99,3,3
E12000008,South East,E10000016,Kent,E07000108,Dover,E02005046,Aylesham & Elvington,-99,-99,-99,-99,-99,-99,-99,-99,-99,-99,5,6,3,3,8,-99,5,-99,3,-99,-99,-99,-99,3,-99,-99,3,3,-99,-99,-99,-99,-99,-99,-99,-99,-99
E12000008,South East,E10000016,Kent,E07000108,Dover,E02005047,Walmer,-99,-99,-99,-99,-99,-99,-99,-99,-99,5,3,-99,-99,10,4,-99,3,-99,-99,-99,-99,-99,-99,-99,-99,-99,-99,-99,-99,-99,-99,-99,-99,-99,-99,-99,-99
E12000008,South East,E10000016,Kent,E07000108,Dover,E02005048,Eyethorne & Shepherdswell,-99,-99,-99,-99,-99,-99,-99,-99,4,-99,3,4,-99,8,3,10,4,6,3,-99,-99,-99,-99,-99,-99,-99,-99,6,-99,-99,-99,-99,-99,-99,-99,-99,-99
E12000008,South East,E10000016,Kent,E07000108,Dover,E02005049,Kingsdown & St Margaret's-at-Cliffe,-99,-99,-99,-99,-99,-99,-99,-99,-99,-99,-99,-99,-99,-99,-99,3,-99,-99,-99,-99,-99,-99,-99,-99,-99,-99,-99,-99,-99,-99,-99,-99,-99,-99,-99,-99,-99
E12000008,South East,E10000016,Kent,E07000108,Dover,E02005050,"Kearsney, River & Whitfield",-99,-99,-99,-99,-99,-99,-99,-99,-99,3,5,6,10,17,3,4,22,14,-99,7,-99,-99,-99,-99,-99,-99,-99,-99,-99,-99,-99,3,-99,-99,-99,3,3
E12000008,South East,E10000016,Kent,E07000108,Dover,E02005051,Buckland & St Radigunds,-99,-99,-99,-99,-99,-99,-99,-99,-99,-99,6,15,10,18,6,8,11,7,8,-99,3,-99,3,-99,-99,-99,-99,3,-99,-99,-99,5,-99,-99,-99,-99,-99
E12000008,South East,E10000016,Kent,E07000108,Dover,E02005052,Dover East,-99,-99,-99,-99,-99,-99,-99,-99,4,-99,-99,8,-99,6,8,-99,4,3,-99,-99,-99,-99,-99,-99,-99,-99,-99,-99,-99,-99,-99,-99,-99,-99,-99,-99,-99
E12000008,South East,E10000016,Kent,E07000108,Dover,E02005053,Dover West,-99,-99,-99,-99,-99,-99,-99,-99,-99,4,-99,8,4,4,3,7,10,-99,-99,5,4,-99,-99,-99,-99,-99,-99,-99,-99,-99,-99,-99,-99,-99,-99,-99,-99
E12000008,South East,E10000016,Kent,E07000108,Dover,E02005054,Elms Vale & Capel-le-Ferne,-99,-99,-99,-99,-99,-99,-99,-99,-99,-99,-99,3,5,3,-99,-99,4,4,-99,-99,-99,3,3,-99,-99,-99,-99,-99,-99,-99,-99,-99,-99,-99,-99,-99,-99
E12000008,South East,E10000016,Kent,E07000109,Gravesham,E02005055,Northfleet North,-99,-99,-99,-99,-99,-99,-99,-99,-99,5,9,-99,-99,-99,6,6,-99,-99,-99,-99,-99,-99,-99,-99,-99,3,-99,-99,-99,-99,-99,-99,-99,-99,-99,-99,-99
E12000008,South East,E10000016,Kent,E07000109,Gravesham,E02005056,Gravesend Town,-99,-99,-99,-99,-99,-99,-99,-99,3,3,10,8,6,4,12,7,5,7,-99,-99,4,-99,-99,-99,-99,-99,-99,-99,-99,-99,-99,-99,5,-99,-99,-99,-99
E12000008,South East,E10000016,Kent,E07000109,Gravesham,E02005057,Milton & Chalk,-99,-99,-99,-99,-99,-99,-99,-99,4,6,8,4,-99,4,4,4,4,3,8,6,-99,3,-99,4,-99,-99,-99,3,-99,-99,-99,-99,-99,-99,7,11,11
E12000008,South East,E10000016,Kent,E07000109,Gravesham,E02005058,Perry Street,-99,-99,-99,-99,-99,-99,-99,-99,-99,-99,3,6,5,8,-99,9,3,3,5,-99,-99,-99,-99,-99,-99,-99,-99,-99,-99,-99,3,-99,-99,-99,3,3,3
E12000008,South East,E10000016,Kent,E07000109,Gravesham,E02005059,Windmill Hill,-99,-99,-99,-99,-99,-99,-99,-99,-99,6,-99,3,3,-99,-99,4,-99,-99,-99,3,-99,-99,-99,-99,-99,4,-99,-99,-99,-99,-99,-99,-99,-99,-99,4,4
E12000008,South East,E10000016,Kent,E07000109,Gravesham,E02005060,Northfleet South,-99,-99,-99,-99,-99,-99,-99,-99,6,4,5,10,8,7,4,4,-99,5,4,3,-99,-99,-99,-99,-99,3,-99,-99,-99,-99,-99,-99,3,3,-99,-99,-99
E12000008,South East,E10000016,Kent,E07000109,Gravesham,E02005061,Westcourt,-99,-99,-99,-99,-99,-99,-99,-99,-99,4,6,6,4,4,3,4,-99,-99,5,-99,-99,-99,-99,-99,-99,-99,-99,-99,-99,-99,-99,-99,-99,8,-99,-99,-99
E12000008,South East,E10000016,Kent,E07000109,Gravesham,E02005062,Riverview Park,-99,-99,-99,-99,-99,-99,-99,-99,-99,-99,-99,3,-99,-99,-99,-99,-99,-99,-99,-99,-99,-99,-99,-99,5,-99,-99,-99,-99,-99,-99,-99,-99,-99,-99,5,5
E12000008,South East,E10000016,Kent,E07000109,Gravesham,E02005063,Gravesend South & Coldharbour,-99,-99,-99,-99,-99,-99,-99,-99,5,5,6,-99,3,5,3,4,-99,-99,7,-99,-99,-99,-99,-99,-99,6,3,-99,-99,-99,-99,-99,-99,-99,4,7,7
E12000008,South East,E10000016,Kent,E07000109,Gravesham,E02005064,Higham & Shorne,-99,-99,-99,-99,-99,-99,-99,-99,3,4,5,-99,-99,-99,3,5,-99,-99,-99,-99,3,-99,-99,-99,-99,-99,-99,-99,-99,-99,-99,-99,-99,-99,-99,3,3
E12000008,South East,E10000016,Kent,E07000109,Gravesham,E02005065,Singlewell,-99,-99,-99,-99,-99,-99,-99,-99,-99,7,3,6,-99,5,-99,5,3,-99,-99,-99,-99,-99,-99,-99,-99,-99,-99,-99,-99,-99,-99,-99,-99,3,-99,-99,-99
E12000008,South East,E10000016,Kent,E07000109,Gravesham,E02005066,Istead Rise & Meopham,-99,-99,-99,-99,-99,-99,-99,-99,3,3,-99,3,5,-99,3,-99,-99,-99,-99,3,3,-99,-99,-99,-99,-99,-99,-99,-99,-99,7,3,-99,-99,-99,-99,-99
E12000008,South East,E10000016,Kent,E07000109,Gravesham,E02005067,Sole Street & Vigo,-99,-99,-99,-99,-99,-99,-99,-99,-99,-99,-99,-99,-99,4,-99,-99,-99,-99,-99,-99,-99,-99,-99,-99,-99,-99,-99,-99,-99,-99,-99,-99,-99,-99,-99,3,3
E12000008,South East,E10000016,Kent,E07000110,Maidstone,E02005068,Boxley & Detling,-99,-99,-99,-99,-99,-99,-99,-99,-99,3,-99,-99,-99,-99,-99,3,-99,-99,-99,-99,-99,-99,-99,-99,-99,-99,-99,-99,-99,-99,-99,-99,-99,3,-99,3,3
E12000008,South East,E10000016,Kent,E07000110,Maidstone,E02005069,Penenden Heath,-99,-99,-99,-99,-99,-99,-99,-99,-99,5,5,12,-99,-99,4,-99,-99,-99,-99,-99,-99,-99,-99,-99,-99,-99,-99,-99,-99,-99,-99,-99,-99,-99,-99,4,4
E12000008,South East,E10000016,Kent,E07000110,Maidstone,E02005070,Allington,-99,-99,-99,-99,-99,-99,-99,-99,-99,3,8,6,4,5,-99,-99,-99,-99,-99,-99,-99,-99,-99,-99,-99,-99,-99,-99,-99,-99,-99,-99,-99,-99,-99,3,3
E12000008,South East,E10000016,Kent,E07000110,Maidstone,E02005071,Ringlestone & Central Maidstone,-99,-99,-99,-99,-99,-99,-99,-99,3,-99,-99,3,5,7,4,14,-99,-99,-99,3,-99,-99,-99,-99,-99,-99,-99,-99,-99,-99,-99,4,-99,-99,-99,-99,-99
E12000008,South East,E10000016,Kent,E07000110,Maidstone,E02005072,Grove Green,-99,-99,-99,-99,-99,-99,-99,-99,-99,-99,3,3,-99,-99,-99,-99,-99,-99,-99,-99,-99,-99,-99,-99,-99,-99,-99,-99,-99,-99,-99,-99,-99,-99,-99,-99,-99
E12000008,South East,E10000016,Kent,E07000110,Maidstone,E02005073,Maidstone West,-99,-99,-99,-99,-99,-99,-99,-99,-99,-99,-99,10,6,9,29,7,-99,3,-99,-99,-99,-99,-99,-99,-99,-99,-99,-99,-99,3,-99,5,-99,-99,-99,5,5
E12000008,South East,E10000016,Kent,E07000110,Maidstone,E02005074,Bearsted & Downswood,-99,-99,-99,-99,-99,-99,-99,-99,6,-99,-99,-99,3,-99,-99,-99,-99,-99,-99,-99,-99,-99,-99,-99,-99,-99,-99,-99,-99,-99,-99,-99,-99,3,-99,-99,-99
E12000008,South East,E10000016,Kent,E07000110,Maidstone,E02005075,Barming,-99,-99,-99,-99,-99,-99,-99,-99,-99,5,11,19,12,10,11,-99,-99,4,7,-99,-99,4,-99,-99,-99,-99,-99,-99,-99,3,-99,-99,-99,-99,-99,4,4
E12000008,South East,E10000016,Kent,E07000110,Maidstone,E02005076,Tovil,-99,-99,-99,-99,-99,-99,-99,-99,6,4,4,4,8,-99,-99,5,-99,-99,-99,-99,-99,-99,-99,-99,3,3,-99,-99,-99,-99,-99,-99,-99,-99,6,-99,-99
E12000008,South East,E10000016,Kent,E07000110,Maidstone,E02005077,Mote Park,-99,-99,-99,-99,-99,-99,-99,-99,3,-99,3,3,-99,-99,-99,6,-99,-99,-99,-99,-99,-99,-99,-99,-99,-99,-99,-99,-99,-99,-99,-99,-99,-99,-99,-99,-99
E12000008,South East,E10000016,Kent,E07000110,Maidstone,E02005078,"Harrietsham, Hollingbourne & Lenham",-99,-99,-99,-99,-99,-99,-99,-99,3,-99,4,-99,3,4,-99,-99,3,-99,-99,-99,-99,-99,-99,-99,-99,-99,-99,-99,-99,-99,-99,-99,-99,-99,-99,-99,-99
E12000008,South East,E10000016,Kent,E07000110,Maidstone,E02005079,Loose Valley & Boughton Monchelsea,-99,-99,-99,-99,-99,-99,-99,-99,-99,-99,3,8,10,-99,6,-99,-99,-99,-99,-99,-99,-99,-99,-99,-99,-99,-99,-99,-99,-99,-99,-99,-99,-99,-99,-99,-99
E12000008,South East,E10000016,Kent,E07000110,Maidstone,E02005080,Parkwood & Senacre,-99,-99,-99,-99,-99,-99,-99,-99,-99,3,5,16,6,-99,3,3,5,-99,3,-99,-99,-99,-99,-99,-99,-99,-99,-99,-99,-99,-99,-99,-99,-99,-99,-99,-99
E12000008,South East,E10000016,Kent,E07000110,Maidstone,E02005081,Yalding & Farleigh,-99,-99,-99,-99,-99,-99,-99,-99,3,3,-99,-99,3,-99,-99,-99,-99,-99,-99,-99,-99,-99,-99,-99,-99,-99,-99,-99,-99,-99,-99,-99,-99,-99,-99,5,5
E12000008,South East,E10000016,Kent,E07000110,Maidstone,E02005082,"Kingswood, Langley Heath & Chart Sutton",-99,-99,-99,-99,-99,-99,-99,-99,-99,7,5,3,3,-99,-99,3,-99,-99,-99,-99,-99,-99,-99,-99,-99,-99,-99,-99,-99,-99,-99,-99,-99,-99,-99,3,3
E12000008,South East,E10000016,Kent,E07000110,Maidstone,E02005083,Loose & Coxheath,-99,-99,-99,-99,-99,-99,-99,-99,3,-99,3,3,-99,6,-99,-99,-99,-99,-99,-99,-99,-99,-99,-99,-99,-99,-99,-99,-99,-99,-99,-99,-99,-99,-99,-99,-99
E12000008,South East,E10000016,Kent,E07000110,Maidstone,E02005084,Headcorn & Sutton Valence,-99,-99,-99,-99,-99,-99,-99,-99,-99,-99,-99,-99,-99,5,-99,-99,-99,-99,-99,3,-99,-99,-99,-99,-99,-99,-99,-99,-99,-99,-99,-99,-99,3,3,6,6
E12000008,South East,E10000016,Kent,E07000110,Maidstone,E02005085,Marden,-99,-99,-99,-99,-99,-99,-99,-99,-99,-99,3,3,5,-99,-99,-99,-99,-99,-99,-99,-99,-99,-99,-99,-99,-99,-99,-99,-99,-99,-99,-99,-99,-99,-99,-99,-99
E12000008,South East,E10000016,Kent,E07000110,Maidstone,E02005086,Staplehurst,-99,-99,-99,-99,-99,-99,-99,-99,-99,-99,-99,-99,4,-99,4,3,-99,-99,-99,-99,-99,-99,-99,-99,-99,-99,-99,-99,-99,-99,-99,-99,-99,-99,-99,3,3
E12000008,South East,E10000016,Kent,E07000111,Sevenoaks,E02005087,Swanley East & Hextable,-99,-99,-99,-99,-99,-99,-99,-99,3,10,5,-99,-99,-99,-99,6,5,-99,-99,-99,-99,-99,-99,-99,-99,-99,-99,-99,-99,-99,-99,-99,-99,-99,-99,-99,-99
E12000008,South East,E10000016,Kent,E07000111,Sevenoaks,E02005088,Swanley West,-99,-99,-99,-99,-99,-99,-99,-99,3,7,5,3,-99,6,-99,-99,-99,-99,-99,-99,-99,-99,-99,4,-99,-99,-99,-99,-99,-99,-99,-99,-99,-99,-99,-99,-99
E12000008,South East,E10000016,Kent,E07000111,Sevenoaks,E02005089,Swanley South & Crockenhill,-99,-99,-99,-99,-99,-99,-99,-99,-99,3,7,4,3,-99,-99,-99,-99,-99,-99,-99,-99,-99,-99,-99,-99,-99,-99,-99,-99,-99,-99,-99,-99,-99,-99,4,4
E12000008,South East,E10000016,Kent,E07000111,Sevenoaks,E02005090,Hartley & Hodsoll Street,-99,-99,-99,-99,-99,-99,-99,-99,4,6,-99,-99,5,3,-99,-99,-99,-99,-99,-99,-99,-99,-99,-99,-99,-99,-99,-99,-99,-99,-99,-99,-99,-99,-99,-99,-99
E12000008,South East,E10000016,Kent,E07000111,Sevenoaks,E02005091,Darenth Valley,-99,-99,-99,-99,-99,-99,-99,-99,3,4,3,3,3,5,3,4,-99,-99,-99,-99,-99,-99,-99,-99,-99,-99,-99,-99,-99,-99,-99,-99,-99,-99,-99,3,3
E12000008,South East,E10000016,Kent,E07000111,Sevenoaks,E02005093,West Kingsdown,-99,-99,-99,-99,-99,-99,-99,-99,-99,-99,7,-99,-99,-99,-99,-99,-99,-99,-99,-99,-99,-99,-99,-99,-99,-99,-99,-99,-99,-99,-99,-99,-99,-99,-99,4,4
E12000008,South East,E10000016,Kent,E07000111,Sevenoaks,E02005094,"Knockholt, Shoreham & Dunton Green",-99,-99,-99,-99,-99,-99,-99,-99,-99,5,7,4,-99,-99,-99,-99,-99,-99,-99,-99,-99,-99,-99,-99,-99,-99,-99,-99,-99,-99,-99,-99,-99,-99,-99,5,5
E12000008,South East,E10000016,Kent,E07000111,Sevenoaks,E02005095,Kemsing & Otford,-99,-99,-99,-99,-99,-99,-99,-99,-99,-99,-99,-99,-99,-99,-99,-99,-99,-99,-99,-99,-99,5,-99,-99,-99,-99,-99,-99,-99,-99,-99,-99,-99,-99,-99,9,9
E12000008,South East,E10000016,Kent,E07000111,Sevenoaks,E02005096,Sevenoaks North,-99,-99,-99,-99,-99,-99,-99,-99,-99,4,-99,4,3,6,-99,3,-99,-99,-99,-99,-99,-99,-99,-99,-99,-99,-99,-99,-99,-99,-99,-99,-99,-99,3,6,6
E12000008,South East,E10000016,Kent,E07000111,Sevenoaks,E02005097,Sevenoaks West & Chevening,-99,-99,-99,-99,-99,-99,-99,-99,3,-99,-99,4,-99,-99,-99,8,3,-99,-99,-99,-99,-99,-99,-99,-99,-99,-99,-99,4,-99,-99,-99,-99,-99,-99,7,7
E12000008,South East,E10000016,Kent,E07000111,Sevenoaks,E02005098,Sevenoaks Town & Weald,-99,-99,-99,-99,-99,-99,-99,-99,-99,-99,6,4,-99,9,4,-99,-99,3,-99,-99,-99,-99,-99,-99,-99,-99,-99,-99,-99,3,-99,10,-99,-99,-99,13,13
E12000008,South East,E10000016,Kent,E07000111,Sevenoaks,E02005099,Westerham & Brasted,-99,-99,-99,-99,-99,-99,-99,-99,3,-99,-99,-99,-99,-99,-99,-99,-99,-99,-99,-99,-99,-99,-99,-99,-99,-99,-99,-99,-99,-99,-99,-99,-99,-99,-99,6,6
E12000008,South East,E10000016,Kent,E07000111,Sevenoaks,E02005100,Edenbridge,-99,-99,-99,-99,-99,-99,-99,-99,-99,-99,-99,-99,-99,-99,-99,-99,-99,-99,-99,-99,-99,-99,-99,-99,-99,-99,-99,-99,-99,-99,-99,-99,-99,-99,-99,-99,-99
E12000008,South East,E10000016,Kent,E07000111,Sevenoaks,E02005101,"Hever, Leigh & Penshurst",-99,-99,-99,-99,-99,-99,-99,-99,-99,-99,-99,-99,-99,-99,-99,-99,-99,-99,-99,-99,-99,-99,-99,-99,-99,-99,-99,-99,-99,-99,-99,-99,-99,-99,-99,3,3
E12000008,South East,E10000016,Kent,E07000112,Folkestone and Hythe,E02005102,"Lyminge, Densole & Elham",-99,-99,-99,-99,-99,-99,-99,-99,-99,-99,-99,4,-99,5,-99,4,4,-99,-99,-99,-99,-99,-99,-99,-99,-99,-99,-99,-99,-99,-99,-99,-99,-99,-99,-99,-99
E12000008,South East,E10000016,Kent,E07000112,Folkestone and Hythe,E02005103,Hawkinge,-99,-99,-99,-99,-99,-99,-99,-99,-99,3,7,10,13,9,3,-99,4,-99,-99,-99,-99,-99,-99,-99,-99,-99,-99,-99,-99,4,-99,-99,-99,-99,6,-99,-99
E12000008,South East,E10000016,Kent,E07000112,Folkestone and Hythe,E02005104,Folkestone North East,-99,-99,-99,-99,-99,-99,-99,-99,3,-99,3,4,7,7,4,3,6,4,-99,-99,-99,-99,3,-99,-99,-99,-99,-99,-99,-99,-99,-99,-99,-99,-99,-99,-99
E12000008,South East,E10000016,Kent,E07000112,Folkestone and Hythe,E02005105,Folkestone Foord,-99,-99,-99,-99,-99,-99,-99,-99,-99,-99,4,4,3,5,-99,-99,4,4,-99,-99,-99,-99,-99,-99,-99,-99,-99,3,-99,-99,-99,-99,-99,-99,-99,4,4
E12000008,South East,E10000016,Kent,E07000112,Folkestone and Hythe,E02005106,Cheriton & Horn Street,-99,-99,-99,-99,-99,-99,-99,-99,-99,-99,3,7,6,11,16,9,6,11,4,9,5,3,3,-99,-99,-99,-99,-99,-99,3,-99,-99,-99,-99,-99,-99,-99
E12000008,South East,E10000016,Kent,E07000112,Folkestone and Hythe,E02005107,Folkestone Morehall & Sandgate,-99,-99,-99,-99,-99,-99,-99,-99,-99,4,3,6,12,11,9,16,22,9,-99,-99,3,3,-99,-99,-99,-99,-99,-99,-99,-99,-99,-99,-99,-99,-99,-99,-99
E12000008,South East,E10000016,Kent,E07000112,Folkestone and Hythe,E02005109,"Saltwood, Seabrook & Etchinghill",-99,-99,-99,-99,-99,-99,-99,-99,-99,-99,3,4,-99,7,-99,6,-99,-99,-99,-99,9,4,3,-99,-99,-99,6,3,3,-99,-99,-99,-99,-99,3,4,4
E12000008,South East,E10000016,Kent,E07000112,Folkestone and Hythe,E02005110,Lympne & Palmarsh,-99,-99,-99,-99,-99,-99,-99,-99,-99,4,-99,-99,-99,-99,-99,-99,-99,-99,-99,-99,-99,-99,-99,-99,-99,-99,-99,-99,-99,-99,-99,-99,-99,-99,-99,-99,-99
E12000008,South East,E10000016,Kent,E07000112,Folkestone and Hythe,E02005111,Hythe,-99,-99,-99,-99,-99,-99,-99,-99,-99,-99,4,7,5,3,3,7,8,-99,-99,-99,-99,-99,-99,-99,-99,-99,-99,-99,-99,3,-99,-99,-99,-99,-99,-99,-99
E12000008,South East,E10000016,Kent,E07000112,Folkestone and Hythe,E02005112,"Dymchurch, St Mary's Bay & Brookland",-99,-99,-99,-99,-99,-99,-99,-99,-99,-99,5,-99,6,6,-99,7,4,4,-99,-99,7,-99,-99,-99,-99,-99,-99,-99,-99,-99,-99,-99,-99,-99,-99,-99,-99
E12000008,South East,E10000016,Kent,E07000112,Folkestone and Hythe,E02005113,New Romney,-99,-99,-99,-99,-99,-99,-99,-99,-99,-99,-99,3,7,11,13,10,3,-99,-99,-99,-99,6,6,-99,-99,-99,-99,-99,-99,-99,-99,-99,-99,-99,-99,-99,-99
E12000008,South East,E10000016,Kent,E07000112,Folkestone and Hythe,E02005114,Lydd & Dungeness,-99,-99,-99,-99,-99,-99,-99,-99,-99,-99,-99,-99,3,4,4,4,-99,-99,-99,-99,-99,-99,-99,-99,-99,-99,-99,-99,-99,-99,-99,-99,-99,-99,-99,-99,-99
E12000008,South East,E10000016,Kent,E07000113,Swale,E02005115,Sheerness East,-99,-99,-99,-99,-99,-99,-99,-99,-99,-99,-99,-99,-99,-99,-99,-99,-99,-99,-99,-99,-99,-99,-99,-99,-99,-99,-99,-99,-99,-99,-99,-99,-99,-99,-99,5,5
E12000008,South East,E10000016,Kent,E07000113,Swale,E02005116,Sheerness West,-99,-99,-99,-99,-99,-99,-99,-99,-99,-99,-99,4,-99,-99,-99,-99,-99,-99,5,3,-99,-99,-99,-99,-99,-99,-99,-99,-99,-99,-99,-99,-99,-99,-99,12,12
E12000008,South East,E10000016,Kent,E07000113,Swale,E02005117,Minster North,-99,-99,-99,-99,-99,-99,-99,-99,5,-99,-99,-99,-99,-99,-99,-99,-99,-99,-99,-99,-99,-99,-99,-99,-99,-99,-99,-99,-99,-99,-99,-99,-99,-99,3,6,6
E12000008,South East,E10000016,Kent,E07000113,Swale,E02005118,Minster South,-99,-99,-99,-99,-99,-99,-99,-99,-99,4,-99,-99,-99,3,-99,-99,-99,-99,-99,7,-99,-99,-99,-99,-99,-99,-99,-99,-99,-99,-99,-99,-99,3,-99,4,4
E12000008,South East,E10000016,Kent,E07000113,Swale,E02005119,Queenborough,-99,-99,-99,-99,-99,-99,-99,-99,-99,-99,-99,3,-99,-99,-99,3,-99,-99,-99,-99,-99,-99,-99,-99,-99,-99,-99,-99,-99,-99,-99,-99,-99,-99,-99,-99,-99
E12000008,South East,E10000016,Kent,E07000113,Swale,E02005120,Sheppey East,-99,-99,-99,-99,-99,-99,-99,-99,-99,-99,4,5,-99,-99,-99,-99,-99,-99,-99,-99,-99,-99,-99,-99,-99,-99,-99,-99,-99,-99,-99,-99,-99,-99,-99,5,5
E12000008,South East,E10000016,Kent,E07000113,Swale,E02005121,Iwade & Kemsley,-99,-99,-99,-99,-99,-99,-99,-99,-99,5,5,4,4,3,-99,-99,-99,-99,3,-99,-99,-99,-99,-99,-99,-99,-99,-99,-99,-99,3,-99,-99,-99,-99,3,3
E12000008,South East,E10000016,Kent,E07000113,Swale,E02005122,"Newington, Halstow & Upchurch",-99,-99,-99,-99,-99,-99,-99,-99,-99,-99,-99,7,3,3,-99,7,-99,-99,-99,-99,-99,-99,-99,-99,-99,-99,-99,-99,-99,-99,-99,-99,-99,-99,-99,-99,-99
E12000008,South East,E10000016,Kent,E07000113,Swale,E02005123,Borden & The Meads,-99,-99,-99,-99,-99,-99,-99,-99,4,5,11,6,-99,3,-99,-99,-99,-99,-99,-99,-99,-99,-99,-99,-99,6,4,-99,-99,-99,4,3,-99,-99,-99,-99,-99
E12000008,South East,E10000016,Kent,E07000113,Swale,E02005124,Sittingbourne Central & Milton Regis,-99,-99,-99,-99,-99,-99,-99,-99,-99,5,4,-99,6,5,-99,-99,-99,-99,-99,-99,-99,-99,-99,-99,-99,-99,-99,-99,-99,-99,-99,4,-99,-99,-99,4,4
E12000008,South East,E10000016,Kent,E07000113,Swale,E02005125,Sittingbourne East,-99,-99,-99,-99,-99,-99,-99,-99,4,3,6,3,-99,4,-99,-99,-99,-99,-99,-99,-99,-99,-99,-99,-99,-99,-99,-99,-99,-99,-99,12,5,3,-99,-99,-99
E12000008,South East,E10000016,Kent,E07000113,Swale,E02005126,Sittingbourne West,-99,-99,-99,-99,-99,-99,-99,-99,-99,3,-99,5,4,-99,3,-99,-99,-99,-99,-99,-99,-99,-99,-99,-99,-99,-99,-99,-99,-99,-99,-99,-99,-99,-99,-99,-99
E12000008,South East,E10000016,Kent,E07000113,Swale,E02005127,"Sittingbourne South, Bapchild & Bredgar",-99,-99,-99,-99,-99,-99,-99,-99,4,7,-99,3,-99,-99,6,-99,-99,-99,-99,-99,-99,-99,-99,-99,-99,-99,-99,-99,-99,-99,-99,-99,-99,-99,-99,-99,-99
E12000008,South East,E10000016,Kent,E07000113,Swale,E02005128,Faversham West,-99,-99,-99,-99,-99,-99,-99,-99,-99,-99,-99,4,7,4,3,4,-99,3,18,11,-99,-99,-99,-99,-99,-99,-99,-99,-99,-99,-99,-99,-99,-99,-99,-99,-99
E12000008,South East,E10000016,Kent,E07000113,Swale,E02005129,Faversham East,-99,-99,-99,-99,-99,-99,-99,3,-99,-99,16,5,4,9,5,7,-99,3,7,-99,-99,-99,-99,-99,-99,-99,-99,-99,-99,-99,3,-99,-99,-99,-99,-99,-99
E12000008,South East,E10000016,Kent,E07000113,Swale,E02005130,Teynham & Badlesmere,-99,-99,-99,-99,-99,-99,-99,-99,-99,-99,3,3,-99,5,-99,7,-99,-99,3,-99,-99,-99,-99,-99,-99,-99,-99,-99,-99,-99,-99,4,-99,-99,-99,5,5
E12000008,South East,E10000016,Kent,E07000113,Swale,E02005131,Boughton & Selling,-99,-99,-99,-99,-99,-99,-99,-99,-99,-99,3,3,-99,7,10,8,-99,3,-99,-99,-99,-99,-99,-99,-99,-99,-99,-99,-99,-99,-99,-99,-99,-99,-99,3,3
E12000008,South East,E10000016,Kent,E07000114,Thanet,E02005132,Cliftonville West,-99,-99,-99,-99,-99,-99,-99,-99,7,5,6,8,10,7,5,6,7,-99,-99,4,3,-99,-99,-99,-99,4,-99,-99,-99,-99,-99,-99,-99,-99,-99,3,3
E12000008,South East,E10000016,Kent,E07000114,Thanet,E02005133,Cliftonville East & Kingsgate,-99,-99,-99,-99,-99,-99,-99,-99,-99,4,-99,6,8,7,-99,7,8,-99,-99,-99,-99,-99,-99,-99,-99,-99,-99,-99,-99,-99,-99,-99,-99,-99,-99,3,3
E12000008,South East,E10000016,Kent,E07000114,Thanet,E02005134,Margate Town,-99,-99,-99,-99,-99,-99,-99,-99,-99,3,13,20,17,-99,3,6,-99,-99,-99,-99,-99,-99,-99,6,3,-99,3,-99,-99,-99,-99,-99,-99,-99,-99,-99,-99
E12000008,South East,E10000016,Kent,E07000114,Thanet,E02005135,Salmestone,-99,-99,-99,-99,-99,-99,-99,-99,-99,-99,7,10,10,7,5,5,3,3,3,-99,-99,-99,-99,-99,-99,-99,-99,-99,-99,-99,-99,-99,-99,-99,-99,-99,-99
E12000008,South East,E10000016,Kent,E07000114,Thanet,E02005136,Westbrook & Garlinge,-99,-99,-99,-99,-99,-99,-99,-99,-99,7,-99,7,9,5,3,-99,-99,-99,-99,-99,-99,-99,-99,-99,-99,-99,-99,-99,-99,-99,-99,-99,-99,-99,-99,-99,-99
E12000008,South East,E10000016,Kent,E07000114,Thanet,E02005137,Dane Valley & Northdown Hill,-99,-99,-99,-99,-99,-99,-99,-99,-99,3,13,11,5,4,5,-99,-99,-99,-99,-99,-99,-99,-99,-99,-99,-99,-99,-99,-99,-99,-99,-99,-99,-99,-99,-99,-99
E12000008,South East,E10000016,Kent,E07000114,Thanet,E02005138,Westgate,-99,-99,-99,-99,-99,-99,-99,-99,3,-99,15,11,5,7,5,-99,7,-99,-99,-99,3,-99,4,-99,6,3,-99,-99,-99,-99,-99,-99,-99,-99,-99,-99,-99
E12000008,South East,E10000016,Kent,E07000114,Thanet,E02005139,Birchington,-99,-99,-99,-99,-99,-99,-99,-99,-99,-99,5,4,4,4,4,3,4,-99,-99,-99,-99,-99,-99,-99,3,-99,-99,-99,-99,-99,-99,-99,-99,-99,-99,-99,-99
E12000008,South East,E10000016,Kent,E07000114,Thanet,E02005140,Broadstairs North,-99,-99,-99,-99,-99,-99,-99,-99,4,-99,4,-99,4,5,7,6,3,4,-99,-99,-99,-99,-99,3,-99,-99,-99,-99,-99,-99,3,-99,3,-99,-99,-99,-99
E12000008,South East,E10000016,Kent,E07000114,Thanet,E02005141,Broadstairs South,-99,-99,-99,-99,-99,-99,-99,-99,-99,3,6,10,8,4,-99,3,-99,-99,-99,3,-99,-99,-99,-99,-99,-99,-99,-99,-99,-99,-99,-99,-99,-99,-99,-99,-99
E12000008,South East,E10000016,Kent,E07000114,Thanet,E02005142,"Westwood, Northwood & Bromstone",-99,-99,-99,-99,-99,-99,-99,-99,-99,-99,5,10,5,5,5,-99,4,-99,-99,-99,-99,4,3,-99,-99,-99,-99,-99,-99,-99,-99,-99,-99,-99,-99,3,3
E12000008,South East,E10000016,Kent,E07000114,Thanet,E02005143,Dumpton,-99,-99,-99,-99,-99,-99,-99,-99,-99,3,7,7,-99,3,3,-99,-99,-99,-99,-99,-99,-99,-99,-99,-99,-99,-99,-99,-99,-99,-99,-99,-99,-99,-99,-99,-99
E12000008,South East,E10000016,Kent,E07000114,Thanet,E02005144,Newington,-99,-99,-99,-99,-99,-99,-99,-99,-99,-99,7,8,7,5,-99,4,-99,-99,-99,4,3,-99,-99,3,-99,-99,-99,-99,-99,-99,-99,-99,-99,-99,-99,3,3
E12000008,South East,E10000016,Kent,E07000114,Thanet,E02005145,Minster & St-Nicholas-at-Wade,-99,-99,-99,-99,-99,-99,-99,-99,-99,-99,5,8,5,6,-99,3,5,3,-99,-99,-99,-99,-99,-99,-99,-99,-99,-99,-99,-99,-99,-99,-99,-99,-99,-99,-99
E12000008,South East,E10000016,Kent,E07000114,Thanet,E02005146,Ramsgate Ellington,-99,-99,-99,-99,-99,-99,-99,-99,3,-99,6,5,9,3,-99,-99,3,-99,-99,-99,-99,-99,-99,-99,-99,-99,-99,-99,-99,-99,-99,-99,-99,-99,-99,3,3
E12000008,South East,E10000016,Kent,E07000114,Thanet,E02005147,Ramsgate Harbour,-99,-99,-99,-99,-99,-99,-99,-99,-99,-99,6,4,5,-99,4,4,-99,-99,-99,6,-99,3,-99,-99,-99,-99,-99,-99,-99,-99,-99,-99,-99,-99,-99,-99,-99
E12000008,South East,E10000016,Kent,E07000114,Thanet,E02005148,"Nethercourt, Pegwell & Cliffsend",-99,-99,-99,-99,-99,-99,-99,-99,3,3,8,11,6,5,-99,-99,4,-99,-99,-99,-99,-99,-99,-99,-99,-99,-99,-99,-99,-99,-99,-99,3,-99,-99,8,8
E12000008,South East,E10000016,Kent,E07000115,Tonbridge and Malling,E02005149,"Aylesford, Wouldham & Blue Bell Hill",-99,-99,-99,-99,-99,-99,-99,-99,-99,6,5,4,6,8,8,3,5,-99,-99,-99,-99,-99,-99,-99,-99,-99,-99,-99,-99,-99,-99,-99,-99,-99,-99,-99,-99
E12000008,South East,E10000016,Kent,E07000115,Tonbridge and Malling,E02005150,Snodland,-99,-99,-99,-99,-99,-99,-99,-99,-99,-99,3,3,3,-99,3,-99,-99,3,-99,-99,-99,-99,-99,-99,-99,-99,-99,-99,-99,-99,-99,-99,-99,-99,-99,4,4
E12000008,South East,E10000016,Kent,E07000115,Tonbridge and Malling,E02005151,Larkfield & New Hythe,-99,-99,-99,-99,-99,-99,-99,-99,4,6,-99,5,4,5,3,3,-99,-99,-99,-99,-99,-99,-99,-99,-99,5,-99,-99,-99,-99,-99,-99,-99,6,-99,4,4
E12000008,South East,E10000016,Kent,E07000115,Tonbridge and Malling,E02005153,Ditton,-99,-99,-99,-99,-99,-99,-99,-99,-99,-99,-99,8,3,3,-99,-99,-99,-99,-99,-99,-99,-99,-99,-99,-99,-99,-99,-99,-99,-99,-99,4,-99,-99,-99,3,3
E12000008,South East,E10000016,Kent,E07000115,Tonbridge and Malling,E02005154,"Borough Green, Wrotham & Shipbourne",-99,-99,-99,-99,-99,-99,-99,-99,4,3,6,-99,7,6,6,-99,-99,-99,3,-99,-99,-99,-99,-99,-99,-99,-99,-99,-99,-99,-99,-99,3,-99,6,4,4
E12000008,South East,E10000016,Kent,E07000115,Tonbridge and Malling,E02005155,Kings Hill & Wateringbury,-99,-99,-99,-99,-99,-99,-99,-99,6,5,-99,5,-99,-99,-99,3,-99,-99,-99,-99,-99,-99,-99,-99,-99,-99,-99,-99,-99,-99,3,-99,-99,3,-99,3,3
E12000008,South East,E10000016,Kent,E07000115,Tonbridge and Malling,E02005156,Hadlow & East Peckham,-99,-99,-99,-99,-99,-99,-99,-99,-99,3,-99,3,-99,-99,-99,-99,3,-99,3,-99,-99,-99,-99,-99,-99,-99,-99,-99,-99,-99,-99,-99,-99,-99,-99,-99,-99
E12000008,South East,E10000016,Kent,E07000115,Tonbridge and Malling,E02005157,Tonbridge Trench Wood,-99,-99,-99,-99,-99,-99,-99,-99,6,-99,-99,-99,-99,-99,-99,-99,-99,-99,-99,-99,-99,-99,-99,-99,-99,-99,-99,-99,-99,-99,-99,-99,-99,-99,-99,-99,-99
E12000008,South East,E10000016,Kent,E07000115,Tonbridge and Malling,E02005158,Hildenborough,-99,-99,-99,-99,-99,-99,-99,-99,-99,4,-99,-99,-99,-99,-99,-99,-99,-99,-99,-99,-99,-99,-99,-99,-99,-99,-99,-99,-99,-99,-99,-99,-99,-99,-99,3,3
E12000008,South East,E10000016,Kent,E07000115,Tonbridge and Malling,E02005159,Tonbridge Higham Wood,-99,-99,-99,-99,-99,-99,-99,-99,-99,-99,-99,-99,3,-99,-99,-99,-99,-99,-99,-99,-99,-99,-99,-99,-99,-99,-99,-99,-99,-99,-99,-99,-99,-99,-99,-99,-99
E12000008,South East,E10000016,Kent,E07000115,Tonbridge and Malling,E02005160,Tonbridge Town,-99,-99,-99,-99,-99,-99,-99,-99,-99,4,5,6,5,4,3,-99,3,5,-99,-99,-99,-99,-99,-99,-99,-99,-99,5,3,-99,-99,-99,-99,4,-99,5,5
E12000008,South East,E10000016,Kent,E07000115,Tonbridge and Malling,E02005161,Tonbridge South & Haysden,-99,-99,-99,-99,-99,-99,-99,-99,-99,-99,-99,-99,-99,-99,-99,-99,3,-99,4,4,-99,-99,-99,-99,-99,-99,-99,-99,-99,-99,-99,-99,-99,-99,-99,3,3
E12000008,South East,E10000016,Kent,E07000116,Tunbridge Wells,E02005162,Paddock Wood & Five Oak Green,-99,-99,-99,-99,-99,-99,-99,-99,-99,3,3,-99,-99,-99,-99,-99,3,3,-99,-99,-99,-99,-99,-99,-99,3,-99,-99,-99,-99,-99,-99,-99,-99,-99,3,3
E12000008,South East,E10000016,Kent,E07000116,Tunbridge Wells,E02005163,Southborough West,-99,-99,-99,-99,-99,-99,-99,-99,5,-99,5,-99,-99,-99,-99,-99,-99,4,-99,-99,-99,-99,-99,-99,-99,-99,-99,-99,-99,-99,-99,-99,-99,-99,-99,8,8
E12000008,South East,E10000016,Kent,E07000116,Tunbridge Wells,E02005164,Southborough East & Longfield Road,-99,-99,-99,-99,-99,-99,-99,-99,-99,-99,-99,-99,-99,3,-99,-99,4,7,7,-99,-99,-99,-99,-99,-99,-99,-99,-99,-99,-99,-99,-99,3,-99,-99,-99,-99
E12000008,South East,E10000016,Kent,E07000116,Tunbridge Wells,E02005165,Pembury & Matfield,-99,-99,-99,-99,-99,-99,-99,-99,-99,5,4,3,5,-99,-99,-99,30,7,11,11,-99,-99,-99,12,-99,-99,3,-99,-99,-99,-99,5,-99,-99,-99,4,4
E12000008,South East,E10000016,Kent,E07000116,Tunbridge Wells,E02005166,High Brooms & Sherwood,-99,-99,-99,-99,-99,-99,-99,-99,-99,-99,-99,-99,-99,-99,-99,-99,-99,5,4,3,-99,3,-99,5,-99,-99,-99,-99,-99,-99,-99,-99,-99,-99,4,3,3
E12000008,South East,E10000016,Kent,E07000116,Tunbridge Wells,E02005167,"Langton Green, Speldhurst & Bidborough",-99,-99,-99,-99,-99,-99,-99,-99,-99,-99,-99,-99,-99,-99,-99,6,11,-99,-99,3,-99,-99,-99,-99,-99,4,-99,-99,-99,-99,-99,-99,-99,-99,4,-99,-99
E12000008,South East,E10000016,Kent,E07000116,Tunbridge Wells,E02005168,Tunbridge Wells West,-99,-99,-99,-99,-99,-99,-99,-99,-99,-99,-99,-99,-99,-99,3,-99,-99,3,11,3,4,-99,-99,-99,-99,-99,-99,-99,-99,-99,-99,-99,-99,-99,-99,9,9
E12000008,South East,E10000016,Kent,E07000116,Tunbridge Wells,E02005169,Tunbridge Wells Central,-99,-99,-99,-99,-99,-99,-99,-99,-99,3,3,-99,4,6,-99,-99,3,9,4,-99,-99,-99,-99,-99,-99,-99,-99,-99,-99,-99,-99,3,-99,-99,-99,-99,-99
E12000008,South East,E10000016,Kent,E07000116,Tunbridge Wells,E02005170,Ferndale & Hawkenbury,-99,-99,-99,-99,-99,-99,-99,-99,3,-99,3,-99,12,-99,-99,-99,-99,4,7,-99,-99,-99,-99,-99,-99,-99,-99,-99,-99,-99,-99,3,-99,4,-99,5,5
E12000008,South East,E10000016,Kent,E07000116,Tunbridge Wells,E02005171,Ramslye & Rusthall,-99,-99,-99,-99,-99,-99,-99,-99,-99,-99,3,-99,13,8,-99,-99,5,10,3,-99,-99,-99,-99,-99,-99,-99,-99,-99,3,-99,-99,-99,-99,-99,-99,-99,-99
E12000008,South East,E10000016,Kent,E07000116,Tunbridge Wells,E02005172,"Goudhurst, Horsmonden & Lamberhurst",-99,-99,-99,-99,-99,-99,-99,-99,-99,3,-99,-99,-99,-99,-99,-99,-99,-99,-99,-99,-99,-99,-99,-99,-99,-99,-99,-99,-99,-99,-99,-99,-99,-99,-99,5,5
E12000008,South East,E10000016,Kent,E07000116,Tunbridge Wells,E02005173,Tunbridge Wells South,-99,-99,-99,-99,-99,-99,-99,-99,-99,4,-99,-99,-99,5,-99,-99,-99,-99,-99,-99,-99,-99,-99,-99,-99,-99,-99,-99,-99,-99,-99,-99,4,-99,-99,3,3
E12000008,South East,E10000016,Kent,E07000116,Tunbridge Wells,E02005174,"Cranbrook, Sissinghurst & Frittenden",-99,-99,-99,-99,-99,-99,-99,-99,3,-99,-99,-99,-99,-99,-99,-99,-99,-99,-99,-99,-99,-99,-99,-99,-99,-99,-99,-99,-99,-99,-99,-99,-99,-99,-99,5,5
E12000008,South East,E10000016,Kent,E07000116,Tunbridge Wells,E02005175,"Hawkhurst, Benenden & Sandhurst",-99,-99,-99,-99,-99,-99,-99,-99,-99,-99,-99,-99,-99,-99,-99,-99,-99,-99,-99,-99,-99,-99,-99,-99,-99,-99,-99,-99,-99,-99,-99,-99,-99,3,4,9,9
E12000002,North West,E10000017,Lancashire,E07000117,Burnley,E02005176,Harle Syke & Lanehead,-99,-99,-99,-99,-99,-99,-99,-99,3,4,6,4,6,3,5,-99,-99,3,-99,-99,-99,-99,-99,-99,-99,-99,-99,9,-99,-99,3,-99,14,16,28,31,31
E12000002,North West,E10000017,Lancashire,E07000117,Burnley,E02005177,Queensgate,-99,-99,-99,-99,-99,-99,-99,-99,-99,8,3,3,3,-99,3,7,6,-99,6,4,-99,4,-99,3,-99,3,8,9,4,-99,6,16,17,21,15,13,13
E12000002,North West,E10000017,Lancashire,E07000117,Burnley,E02005178,Central Burnley & Daneshouse,-99,-99,-99,-99,-99,-99,-99,-99,-99,-99,-99,5,5,6,8,14,11,4,7,7,8,4,-99,-99,4,13,9,4,5,4,11,14,39,23,27,41,41
E12000002,North West,E10000017,Lancashire,E07000117,Burnley,E02005179,Padiham,-99,-99,-99,-99,-99,-99,-99,-99,-99,7,3,-99,-99,-99,3,-99,-99,-99,-99,-99,-99,-99,-99,-99,-99,-99,4,-99,-99,-99,3,3,5,16,22,14,14
E12000002,North West,E10000017,Lancashire,E07000117,Burnley,E02005180,Habergham & Ightenhill,-99,-99,-99,-99,-99,-99,-99,-99,-99,4,3,-99,-99,-99,-99,-99,-99,3,-99,5,-99,-99,-99,3,-99,-99,-99,-99,-99,-99,-99,-99,4,11,24,39,39
E12000002,North West,E10000017,Lancashire,E07000117,Burnley,E02005181,Whittlefield & Rose Grove,-99,-99,-99,-99,-99,-99,-99,-99,-99,-99,7,3,-99,3,-99,-99,-99,-99,6,-99,-99,-99,-99,-99,4,-99,-99,-99,-99,-99,-99,-99,-99,7,21,20,20
E12000002,North West,E10000017,Lancashire,E07000117,Burnley,E02005182,Bank Hall & Fulledge,-99,-99,-99,-99,-99,-99,-99,-99,-99,-99,-99,-99,-99,-99,4,3,-99,-99,-99,-99,-99,-99,-99,-99,-99,-99,-99,5,3,3,-99,5,7,7,35,27,27
E12000002,North West,E10000017,Lancashire,E07000117,Burnley,E02005183,Brunshaw & Brownside,-99,-99,-99,-99,-99,-99,-99,-99,-99,4,4,3,4,5,-99,-99,-99,4,4,-99,-99,-99,-99,-99,-99,-99,-99,3,4,3,-99,-99,-99,10,31,34,34
E12000002,North West,E10000017,Lancashire,E07000117,Burnley,E02005184,"Cliviger, Worsthorne & Lane Bottom",-99,-99,-99,-99,-99,-99,-99,-99,-99,-99,3,-99,4,-99,4,6,-99,-99,4,-99,-99,-99,-99,-99,-99,-99,-99,-99,-99,-99,-99,-99,5,5,14,30,30
E12000002,North West,E10000017,Lancashire,E07000117,Burnley,E02005185,Barclay Hills & Trinity,-99,-99,-99,-99,-99,-99,-99,-99,-99,3,6,5,-99,3,-99,-99,3,-99,-99,4,-99,5,-99,-99,-99,-99,-99,4,-99,-99,-99,3,9,10,28,32,32
E12000002,North West,E10000017,Lancashire,E07000117,Burnley,E02005186,Hapton & Lowerhouse,-99,-99,-99,-99,-99,-99,-99,-99,-99,3,6,-99,-99,4,-99,-99,4,-99,4,-99,-99,-99,-99,-99,-99,-99,-99,-99,5,-99,-99,4,-99,9,19,24,24
E12000002,North West,E10000017,Lancashire,E07000118,Chorley,E02005189,Clayton Brook,-99,-99,-99,-99,-99,-99,-99,-99,-99,4,5,6,6,7,7,12,6,6,4,-99,3,-99,-99,-99,-99,-99,-99,4,-99,-99,-99,-99,3,-99,4,8,8
E12000002,North West,E10000017,Lancashire,E07000118,Chorley,E02005190,Brindle & Withnell,-99,-99,-99,-99,-99,-99,-99,-99,3,-99,3,3,-99,-99,-99,3,-99,-99,5,-99,-99,-99,-99,-99,-99,-99,-99,-99,-99,-99,-99,-99,-99,5,7,6,6
E12000002,North West,E10000017,Lancashire,E07000118,Chorley,E02005191,Clayton-le-Woods,-99,-99,-99,-99,-99,-99,-99,-99,-99,5,4,7,5,6,4,3,4,-99,5,-99,-99,-99,-99,-99,-99,-99,-99,-99,-99,-99,-99,-99,-99,7,10,20,20
E12000002,North West,E10000017,Lancashire,E07000118,Chorley,E02005192,Whittle-le-Woods & Anglezarke,-99,-99,-99,-99,-99,-99,-99,-99,-99,-99,4,-99,-99,3,3,3,3,3,-99,-99,-99,-99,-99,-99,-99,-99,-99,-99,-99,-99,-99,-99,5,10,11,12,12
E12000002,North West,E10000017,Lancashire,E07000118,Chorley,E02005193,Euxton,-99,-99,-99,-99,-99,-99,-99,-99,-99,4,7,8,5,6,5,-99,-99,6,-99,-99,-99,-99,-99,-99,-99,-99,-99,-99,-99,-99,-99,-99,6,5,10,16,16
E12000002,North West,E10000017,Lancashire,E07000118,Chorley,E02005194,Chorley North,-99,-99,-99,-99,-99,-99,-99,-99,-99,5,-99,10,4,5,-99,6,3,-99,3,-99,-99,-99,-99,-99,-99,-99,-99,-99,-99,-99,-99,-99,5,-99,4,12,12
E12000002,North West,E10000017,Lancashire,E07000118,Chorley,E02005195,Croston & Mawdesley,-99,-99,-99,-99,-99,-99,-99,-99,-99,5,10,9,4,-99,-99,-99,3,-99,-99,3,-99,-99,-99,-99,-99,-99,-99,-99,-99,-99,-99,5,-99,3,6,22,22
E12000002,North West,E10000017,Lancashire,E07000118,Chorley,E02005196,Chorley West,-99,-99,-99,-99,-99,-99,-99,-99,-99,6,7,16,9,15,6,9,5,9,3,-99,-99,-99,-99,-99,-99,-99,-99,-99,-99,-99,-99,-99,5,8,9,16,16
E12000002,North West,E10000017,Lancashire,E07000118,Chorley,E02005197,Chorley East,-99,-99,-99,-99,-99,-99,-99,-99,3,3,-99,7,10,6,3,3,3,5,3,-99,3,-99,-99,-99,-99,-99,-99,-99,-99,-99,-99,-99,-99,5,-99,6,6
E12000002,North West,E10000017,Lancashire,E07000118,Chorley,E02005198,Chorley Town & South,-99,-99,-99,-99,-99,-99,-99,-99,-99,4,5,8,8,5,6,4,-99,-99,-99,6,-99,-99,-99,-99,-99,-99,-99,-99,-99,-99,-99,-99,3,-99,5,11,11
E12000002,North West,E10000017,Lancashire,E07000118,Chorley,E02005199,Eccleston & Charnock Richard,-99,-99,-99,-99,-99,-99,-99,-99,-99,7,5,6,-99,-99,-99,3,3,3,3,-99,-99,-99,-99,-99,-99,-99,-99,-99,-99,-99,-99,5,6,4,-99,20,20
E12000002,North West,E10000017,Lancashire,E07000118,Chorley,E02005200,Chorley South West,-99,-99,-99,-99,-99,-99,-99,-99,-99,4,-99,7,4,-99,8,5,4,5,-99,-99,-99,-99,-99,-99,-99,-99,-99,-99,-99,3,-99,-99,4,9,5,11,11
E12000002,North West,E10000017,Lancashire,E07000118,Chorley,E02005201,Coppull,-99,-99,-99,-99,-99,-99,-99,-99,3,3,-99,4,-99,10,-99,3,9,6,-99,4,-99,-99,-99,-99,-99,-99,-99,-99,-99,-99,-99,-99,7,6,10,5,5
E12000002,North West,E10000017,Lancashire,E07000118,Chorley,E02005202,Adlington & Rivington,-99,-99,-99,-99,-99,-99,-99,-99,4,3,-99,7,5,-99,6,4,-99,-99,-99,-99,-99,-99,-99,-99,-99,-99,-99,-99,4,-99,-99,3,9,6,14,29,29
E12000002,North West,E10000017,Lancashire,E07000119,Fylde,E02005203,"Elswick, Singleton & Weeton",-99,-99,-99,-99,-99,-99,-99,-99,3,5,5,5,-99,4,-99,-99,-99,-99,3,-99,-99,-99,-99,-99,3,-99,-99,-99,-99,-99,-99,-99,6,4,13,13,13
E12000002,North West,E10000017,Lancashire,E07000119,Fylde,E02005204,Kirkham & Wesham,-99,-99,-99,-99,-99,-99,-99,-99,-99,3,-99,4,12,12,4,-99,10,6,-99,-99,-99,-99,-99,-99,-99,-99,-99,-99,-99,-99,-99,-99,3,16,14,31,31
E12000002,North West,E10000017,Lancashire,E07000119,Fylde,E02005205,Clifton & Newton-with-Scales,-99,-99,-99,-99,-99,-99,-99,-99,-99,-99,3,-99,-99,4,-99,-99,5,-99,3,-99,-99,-99,6,-99,-99,-99,-99,-99,-99,-99,-99,-99,-99,7,8,6,6
E12000002,North West,E10000017,Lancashire,E07000119,Fylde,E02005206,St Annes North & Airport,-99,-99,-99,-99,-99,-99,-99,-99,-99,3,6,4,3,7,3,-99,7,3,-99,-99,-99,-99,-99,-99,-99,-99,-99,-99,4,-99,-99,-99,-99,3,9,4,4
E12000002,North West,E10000017,Lancashire,E07000119,Fylde,E02005207,Heyhouses & Park,-99,-99,-99,-99,-99,-99,-99,-99,-99,4,-99,3,9,-99,-99,3,4,6,4,-99,-99,-99,-99,-99,-99,-99,-99,-99,-99,-99,-99,4,-99,-99,7,7,7
E12000002,North West,E10000017,Lancashire,E07000119,Fylde,E02005208,St Annes Town,-99,-99,-99,-99,-99,-99,-99,-99,-99,3,6,11,11,4,5,5,4,4,3,3,-99,-99,-99,-99,-99,-99,-99,-99,-99,-99,-99,-99,-99,7,9,7,7
E12000002,North West,E10000017,Lancashire,E07000119,Fylde,E02005209,Warton & Freckleton,-99,-99,-99,-99,-99,-99,-99,-99,-99,-99,-99,3,7,9,13,-99,4,6,3,5,-99,-99,-99,-99,-99,-99,-99,-99,-99,-99,-99,-99,7,4,10,11,11
E12000002,North West,E10000017,Lancashire,E07000119,Fylde,E02005210,Ansdell & Fairhaven,-99,-99,-99,-99,-99,-99,-99,-99,-99,7,6,11,8,7,3,-99,8,6,6,-99,-99,-99,-99,-99,-99,-99,-99,-99,-99,-99,-99,3,5,6,18,29,29
E12000002,North West,E10000017,Lancashire,E07000119,Fylde,E02005211,Lytham,-99,-99,-99,-99,-99,-99,-99,-99,-99,-99,-99,5,4,3,-99,-99,-99,-99,-99,17,-99,-99,-99,4,-99,-99,-99,-99,-99,-99,-99,-99,4,7,10,16,16
E12000002,North West,E10000017,Lancashire,E07000120,Hyndburn,E02005212,Great Harwood,-99,-99,-99,-99,-99,-99,-99,-99,-99,4,7,5,-99,3,-99,-99,-99,-99,-99,-99,-99,-99,-99,-99,9,-99,-99,-99,-99,-99,-99,9,11,12,15,29,29
E12000002,North West,E10000017,Lancashire,E07000120,Hyndburn,E02005213,Clayton-le-Moors & Huncoat,-99,-99,-99,-99,-99,-99,-99,-99,-99,-99,3,7,10,5,4,6,4,-99,5,-99,-99,-99,-99,-99,-99,-99,-99,4,-99,-99,4,7,10,21,30,21,21
E12000002,North West,E10000017,Lancashire,E07000120,Hyndburn,E02005214,Rishton,-99,-99,-99,-99,-99,-99,-99,-99,-99,-99,-99,-99,-99,4,-99,-99,3,-99,-99,-99,-99,-99,-99,-99,-99,-99,-99,-99,5,4,4,-99,6,7,15,11,11
E12000002,North West,E10000017,Lancashire,E07000120,Hyndburn,E02005215,Accrington North East,-99,-99,-99,-99,-99,-99,-99,-99,-99,8,7,4,4,8,10,21,6,-99,-99,-99,3,-99,-99,-99,-99,-99,-99,-99,-99,4,3,5,12,25,30,45,45
E12000002,North West,E10000017,Lancashire,E07000120,Hyndburn,E02005216,Church,-99,-99,-99,-99,-99,-99,-99,-99,-99,3,5,-99,4,-99,3,-99,-99,3,-99,-99,-99,-99,-99,-99,-99,-99,-99,-99,-99,-99,-99,6,10,11,7,7,7
E12000002,North West,E10000017,Lancashire,E07000120,Hyndburn,E02005217,Accrington West,-99,-99,-99,-99,-99,-99,-99,-99,-99,-99,5,-99,3,6,5,15,-99,4,-99,4,4,-99,-99,-99,15,18,7,17,15,6,-99,9,19,31,35,50,50
E12000002,North West,E10000017,Lancashire,E07000120,Hyndburn,E02005218,Oswaldtwistle,-99,-99,-99,-99,-99,-99,-99,-99,-99,3,-99,-99,11,6,-99,-99,-99,5,-99,3,-99,-99,-99,-99,-99,-99,-99,-99,3,-99,-99,-99,20,20,24,21,21
E12000002,North West,E10000017,Lancashire,E07000120,Hyndburn,E02005219,Accrington South East,-99,-99,-99,-99,-99,-99,-99,-99,-99,-99,3,-99,-99,-99,3,6,-99,-99,-99,-99,-99,-99,-99,-99,6,-99,-99,-99,-99,-99,-99,9,9,17,27,23,23
E12000002,North West,E10000017,Lancashire,E07000120,Hyndburn,E02005220,Broadfield & Knuzden,-99,-99,-99,-99,-99,-99,-99,-99,-99,3,3,-99,-99,-99,-99,-99,-99,4,-99,-99,-99,-99,-99,-99,-99,-99,5,-99,-99,-99,-99,4,12,16,9,22,22
E12000002,North West,E10000017,Lancashire,E07000121,Lancaster,E02005221,"Carnforth, Silverdale & Warton",-99,-99,-99,-99,-99,-99,-99,3,8,17,7,6,-99,-99,-99,-99,-99,5,-99,-99,-99,-99,-99,-99,-99,-99,-99,-99,-99,-99,-99,-99,4,-99,-99,9,9
E12000002,North West,E10000017,Lancashire,E07000121,Lancaster,E02005222,Kellet & Lune Valley,-99,-99,-99,-99,-99,-99,-99,3,5,-99,4,3,6,-99,-99,-99,-99,-99,-99,-99,-99,-99,-99,-99,-99,-99,-99,-99,-99,-99,-99,-99,7,3,6,4,4
E12000002,North West,E10000017,Lancashire,E07000121,Lancaster,E02005223,Hest Bank & Bolton-le-Sands,-99,-99,-99,-99,-99,-99,-99,4,4,11,4,6,5,-99,7,3,-99,-99,-99,-99,-99,-99,-99,-99,-99,-99,-99,-99,-99,-99,-99,-99,-99,-99,5,8,8
E12000002,North West,E10000017,Lancashire,E07000121,Lancaster,E02005224,Bare,-99,-99,-99,-99,-99,-99,-99,-99,4,5,4,-99,-99,15,-99,3,-99,-99,-99,-99,-99,-99,-99,-99,-99,-99,-99,-99,-99,-99,-99,-99,-99,-99,5,3,3
E12000002,North West,E10000017,Lancashire,E07000121,Lancaster,E02005225,Halton & Caton,-99,-99,-99,-99,-99,-99,-99,-99,5,7,3,6,3,-99,-99,-99,-99,-99,-99,-99,-99,-99,-99,-99,-99,-99,-99,-99,-99,-99,-99,-99,-99,3,7,4,4
E12000002,North West,E10000017,Lancashire,E07000121,Lancaster,E02005226,Morecambe Town,-99,-99,-99,-99,-99,-99,-99,-99,7,10,5,4,15,-99,23,-99,-99,-99,-99,-99,-99,-99,-99,-99,-99,-99,-99,-99,-99,-99,-99,-99,-99,-99,6,5,5
E12000002,North West,E10000017,Lancashire,E07000121,Lancaster,E02005228,Morecambe South West,-99,-99,-99,-99,-99,-99,-99,-99,-99,8,8,3,7,3,-99,-99,-99,-99,-99,-99,-99,-99,-99,-99,-99,-99,-99,-99,-99,-99,-99,-99,-99,-99,3,6,6
E12000002,North West,E10000017,Lancashire,E07000121,Lancaster,E02005229,Morecambe West End,-99,-99,-99,-99,-99,-99,-99,-99,3,7,7,3,4,-99,-99,-99,-99,-99,-99,-99,-99,-99,-99,-99,-99,-99,-99,-99,-99,-99,-99,-99,-99,-99,-99,4,4
E12000002,North West,E10000017,Lancashire,E07000121,Lancaster,E02005230,Morecambe Westgate,-99,-99,-99,-99,-99,-99,-99,-99,5,7,3,-99,6,-99,-99,-99,-99,-99,-99,-99,-99,-99,-99,-99,-99,-99,-99,-99,-99,-99,-99,-99,-99,-99,3,11,11
E12000002,North West,E10000017,Lancashire,E07000121,Lancaster,E02005231,Skerton & Vale,-99,-99,-99,-99,-99,-99,-99,-99,6,13,8,6,7,-99,-99,-99,-99,-99,-99,-99,-99,-99,-99,-99,-99,-99,-99,-99,-99,-99,-99,-99,-99,6,10,7,7
E12000002,North West,E10000017,Lancashire,E07000121,Lancaster,E02005233,Lancaster East,-99,-99,-99,-99,-99,-99,-99,-99,10,12,20,5,3,-99,-99,-99,-99,4,-99,-99,-99,-99,-99,-99,-99,-99,-99,-99,-99,-99,-99,-99,-99,5,4,10,10
E12000002,North West,E10000017,Lancashire,E07000121,Lancaster,E02005234,Lancaster Central,-99,-99,-99,-99,-99,-99,-99,3,13,16,12,8,6,4,-99,-99,-99,-99,-99,-99,-99,-99,-99,-99,-99,-99,-99,-99,-99,-99,-99,4,-99,-99,8,27,27
E12000002,North West,E10000017,Lancashire,E07000121,Lancaster,E02005235,Moorlands & Greaves,-99,-99,-99,-99,-99,-99,-99,4,11,4,-99,-99,-99,-99,-99,-99,-99,-99,-99,-99,-99,-99,-99,-99,-99,-99,-99,-99,-99,-99,-99,-99,-99,4,5,6,6
E12000002,North West,E10000017,Lancashire,E07000121,Lancaster,E02005236,Heysham & Overton,-99,-99,-99,-99,-99,-99,-99,4,12,25,18,6,9,11,3,5,-99,-99,-99,-99,-99,-99,-99,-99,-99,-99,-99,-99,-99,-99,-99,-99,-99,3,16,20,20
E12000002,North West,E10000017,Lancashire,E07000121,Lancaster,E02005237,"Marsh, Haverbreaks & Scotforth West",-99,-99,-99,-99,-99,-99,-99,4,11,14,11,9,12,8,-99,-99,-99,-99,-99,-99,-99,-99,-99,-99,-99,-99,-99,4,-99,5,-99,6,12,11,10,22,22
E12000002,North West,E10000017,Lancashire,E07000121,Lancaster,E02005238,Scotforth East & Bowerham,-99,-99,-99,-99,-99,-99,-99,-99,10,11,11,10,-99,4,-99,-99,-99,-99,-99,-99,-99,-99,-99,-99,-99,-99,-99,-99,-99,-99,-99,-99,-99,-99,-99,17,17
E12000002,North West,E10000017,Lancashire,E07000121,Lancaster,E02005239,"University, Galgate & Dolphinholme",-99,-99,-99,-99,-99,-99,-99,-99,6,9,10,-99,-99,4,-99,-99,-99,-99,-99,-99,-99,-99,-99,-99,-99,-99,-99,-99,-99,-99,-99,-99,4,4,12,41,41
E12000002,North West,E10000017,Lancashire,E07000122,Pendle,E02005240,Barnoldswick North,-99,-99,-99,-99,-99,-99,-99,-99,-99,-99,-99,-99,6,3,-99,-99,-99,-99,-99,-99,-99,-99,-99,-99,-99,-99,-99,-99,-99,-99,-99,-99,-99,4,8,17,17
E12000002,North West,E10000017,Lancashire,E07000122,Pendle,E02005241,Barnoldswick South,-99,-99,-99,-99,-99,-99,-99,-99,-99,-99,3,-99,3,-99,3,4,4,-99,-99,-99,-99,-99,-99,-99,-99,-99,-99,-99,-99,-99,-99,3,3,3,11,8,8
E12000002,North West,E10000017,Lancashire,E07000122,Pendle,E02005242,Earby & Salterforth,-99,-99,-99,-99,-99,-99,-99,-99,-99,-99,7,-99,4,3,-99,-99,-99,-99,-99,-99,-99,-99,-99,-99,-99,-99,-99,-99,-99,-99,-99,-99,-99,3,14,9,9
E12000002,North West,E10000017,Lancashire,E07000122,Pendle,E02005243,Colne Horsfield,-99,-99,-99,-99,-99,-99,-99,-99,3,-99,4,3,3,3,3,-99,-99,-99,-99,-99,-99,-99,-99,-99,-99,-99,-99,5,-99,-99,-99,-99,-99,-99,12,18,18
E12000002,North West,E10000017,Lancashire,E07000122,Pendle,E02005244,Colne Vivary Bridge,-99,-99,-99,-99,-99,-99,-99,-99,-99,-99,-99,-99,-99,-99,-99,5,-99,-99,-99,-99,3,-99,-99,-99,-99,-99,3,-99,-99,-99,-99,-99,6,-99,6,16,16
E12000002,North West,E10000017,Lancashire,E07000122,Pendle,E02005245,"East Colne, Foulridge & Trawden",-99,-99,-99,-99,-99,-99,-99,-99,-99,-99,3,-99,-99,-99,-99,-99,-99,-99,-99,-99,-99,-99,-99,-99,-99,-99,-99,-99,-99,-99,-99,-99,5,5,16,14,14
E12000002,North West,E10000017,Lancashire,E07000122,Pendle,E02005246,Colne Waterside,-99,-99,-99,-99,-99,-99,-99,-99,-99,4,-99,10,4,4,-99,3,-99,-99,-99,-99,-99,-99,-99,-99,-99,-99,-99,-99,3,-99,-99,-99,4,-99,11,16,16
E12000002,North West,E10000017,Lancashire,E07000122,Pendle,E02005247,"Barrowford, Higham & Pendleside",-99,-99,-99,-99,-99,-99,-99,-99,-99,3,-99,3,-99,4,3,-99,-99,-99,-99,-99,6,-99,-99,-99,-99,-99,-99,4,3,-99,5,4,5,4,20,30,30
E12000002,North West,E10000017,Lancashire,E07000122,Pendle,E02005248,Nelson Bradley,-99,-99,-99,-99,-99,-99,-99,-99,5,3,3,-99,-99,6,-99,-99,-99,3,-99,-99,-99,-99,-99,14,-99,6,8,17,10,8,11,6,5,16,34,28,28
E12000002,North West,E10000017,Lancashire,E07000122,Pendle,E02005249,Nelson East,-99,-99,-99,-99,-99,-99,-99,-99,-99,4,-99,5,4,7,6,3,-99,-99,-99,-99,-99,3,-99,8,4,9,8,14,14,14,14,9,10,13,23,26,26
E12000002,North West,E10000017,Lancashire,E07000122,Pendle,E02005250,Nelson West,-99,-99,-99,-99,-99,-99,-99,-99,-99,8,-99,-99,3,-99,6,5,-99,-99,-99,5,-99,-99,7,20,11,14,25,34,36,18,15,10,11,20,26,34,34
E12000002,North West,E10000017,Lancashire,E07000122,Pendle,E02005251,Marsden,-99,-99,-99,-99,-99,-99,-99,-99,-99,3,3,6,-99,-99,3,4,3,-99,-99,-99,-99,3,-99,7,4,-99,7,3,10,-99,4,5,-99,19,20,29,29
E12000002,North West,E10000017,Lancashire,E07000122,Pendle,E02005252,Brierfield & Reedley,-99,-99,-99,-99,-99,-99,-99,-99,4,-99,-99,-99,5,4,3,10,18,6,-99,10,24,4,7,19,6,-99,7,10,5,9,15,10,12,61,34,31,31
E12000002,North West,E10000017,Lancashire,E07000123,Preston,E02005253,Grimsargh & Goosnargh,-99,-99,-99,-99,-99,-99,-99,-99,-99,4,4,10,-99,3,4,-99,3,-99,3,-99,-99,-99,-99,-99,-99,-99,-99,-99,-99,-99,-99,3,-99,4,8,18,18
E12000002,North West,E10000017,Lancashire,E07000123,Preston,E02005254,Broughton & Wychnor,-99,-99,-99,-99,-99,-99,-99,-99,-99,6,-99,-99,8,9,6,7,7,4,-99,-99,-99,-99,-99,-99,-99,-99,-99,-99,-99,-99,-99,4,6,9,9,31,31
E12000002,North West,E10000017,Lancashire,E07000123,Preston,E02005255,Fulwood,-99,-99,-99,-99,-99,-99,-99,-99,4,14,7,9,8,8,4,3,7,7,-99,3,5,-99,-99,-99,-99,-99,-99,-99,-99,3,4,4,14,8,13,29,29
E12000002,North West,E10000017,Lancashire,E07000123,Preston,E02005256,Longsands,-99,-99,-99,-99,-99,-99,-99,-99,-99,5,12,4,25,23,13,41,13,8,-99,3,-99,-99,-99,-99,-99,-99,-99,6,4,-99,3,3,9,5,16,11,11
E12000002,North West,E10000017,Lancashire,E07000123,Preston,E02005257,Ingol,-99,-99,-99,-99,-99,-99,-99,-99,-99,4,3,-99,4,8,10,13,14,6,9,5,3,-99,-99,-99,-99,-99,-99,-99,-99,-99,-99,-99,3,5,4,14,14
E12000002,North West,E10000017,Lancashire,E07000123,Preston,E02005258,Cadley & College,-99,-99,-99,-99,-99,-99,-99,-99,-99,4,7,7,4,4,-99,-99,5,3,-99,3,5,-99,-99,-99,-99,-99,5,4,-99,-99,-99,7,21,21,10,18,18
E12000002,North West,E10000017,Lancashire,E07000123,Preston,E02005259,Brookfield & Holme Slack,-99,-99,-99,-99,-99,-99,-99,-99,-99,6,5,3,8,4,3,9,7,-99,3,3,-99,-99,-99,-99,-99,6,-99,9,3,-99,-99,4,11,20,36,54,54
E12000002,North West,E10000017,Lancashire,E07000123,Preston,E02005260,Haslam Park,-99,-99,-99,-99,-99,-99,-99,-99,4,-99,5,-99,5,4,5,6,9,4,5,-99,-99,-99,-99,-99,-99,-99,-99,3,6,-99,-99,6,6,19,7,18,18
E12000002,North West,E10000017,Lancashire,E07000123,Preston,E02005261,Ribbleton,-99,-99,-99,-99,-99,-99,-99,-99,4,4,3,4,5,15,6,7,7,14,-99,-99,6,-99,-99,-99,-99,-99,-99,-99,3,-99,4,5,7,12,15,36,36
E12000002,North West,E10000017,Lancashire,E07000123,Preston,E02005262,Lea & Marina,-99,-99,-99,-99,-99,-99,-99,-99,-99,3,4,8,5,-99,4,4,3,4,-99,-99,-99,-99,-99,-99,-99,-99,-99,-99,5,-99,3,5,12,8,4,13,13
E12000002,North West,E10000017,Lancashire,E07000123,Preston,E02005263,Moor Park,-99,-99,-99,-99,-99,-99,-99,-99,-99,7,-99,3,8,7,4,3,5,5,3,3,4,-99,-99,-99,-99,-99,4,5,5,11,9,13,26,39,35,33,33
E12000002,North West,E10000017,Lancashire,E07000123,Preston,E02005264,Plungington & University,-99,-99,-99,-99,-99,-99,-99,-99,-99,3,3,7,14,9,4,6,6,4,-99,-99,-99,-99,-99,3,-99,-99,3,6,9,6,3,7,18,19,21,24,24
E12000002,North West,E10000017,Lancashire,E07000123,Preston,E02005265,Ashton-on-Ribble & Larches,-99,-99,-99,-99,-99,-99,-99,-99,-99,3,6,5,10,-99,3,5,16,15,5,-99,3,-99,-99,-99,-99,-99,3,-99,3,-99,5,11,8,21,21,19,19
E12000002,North West,E10000017,Lancashire,E07000123,Preston,E02005266,St Matthew's,-99,-99,-99,-99,-99,-99,-99,-99,-99,4,4,3,5,4,6,17,15,14,10,3,3,-99,-99,-99,-99,-99,-99,5,-99,-99,-99,-99,8,23,38,15,15
E12000002,North West,E10000017,Lancashire,E07000123,Preston,E02005267,St George's,-99,-99,-99,-99,-99,-99,-99,-99,-99,-99,6,-99,5,-99,-99,3,-99,5,-99,-99,4,-99,-99,-99,-99,10,4,3,-99,-99,4,8,14,18,29,28,28
E12000002,North West,E10000017,Lancashire,E07000123,Preston,E02005268,Frenchwood & Fishwick,-99,-99,-99,-99,-99,-99,-99,-99,-99,-99,-99,6,8,8,-99,14,9,5,9,5,3,5,3,5,-99,5,3,9,-99,6,12,15,13,23,33,33,33
E12000002,North West,E10000017,Lancashire,E07000123,Preston,E02005269,Preston Town Centre,-99,-99,-99,-99,-99,-99,-99,-99,-99,3,3,4,-99,4,4,11,7,3,-99,3,5,-99,-99,-99,-99,-99,13,8,-99,-99,-99,8,7,10,21,45,45
E12000002,North West,E10000017,Lancashire,E07000124,Ribble Valley,E02005270,"Waddington, Gisburn & Slaidburn",-99,-99,-99,-99,-99,-99,-99,-99,-99,-99,6,-99,-99,-99,-99,-99,-99,-99,-99,-99,-99,-99,-99,-99,-99,-99,-99,-99,-99,3,-99,-99,4,4,5,11,11
E12000002,North West,E10000017,Lancashire,E07000124,Ribble Valley,E02005271,Clitheroe North,-99,-99,-99,-99,-99,-99,-99,-99,-99,6,-99,-99,5,5,-99,-99,-99,4,8,-99,-99,-99,-99,-99,-99,-99,-99,-99,-99,-99,-99,-99,-99,3,6,16,16
E12000002,North West,E10000017,Lancashire,E07000124,Ribble Valley,E02005272,Clitheroe South,-99,-99,-99,-99,-99,-99,-99,-99,-99,-99,-99,4,4,-99,3,-99,3,-99,-99,-99,-99,3,-99,-99,-99,-99,-99,-99,-99,-99,-99,-99,-99,-99,19,15,15
E12000002,North West,E10000017,Lancashire,E07000124,Ribble Valley,E02005273,"Longridge North, Ribchester & Chipping",-99,-99,-99,-99,-99,-99,-99,-99,-99,-99,-99,3,-99,-99,-99,-99,-99,-99,-99,-99,-99,-99,4,-99,-99,-99,-99,-99,-99,-99,-99,-99,-99,5,11,26,26
E12000002,North West,E10000017,Lancashire,E07000124,Ribble Valley,E02005274,"Read, Sabden & Chatburn",-99,-99,-99,-99,-99,-99,-99,-99,-99,-99,-99,-99,4,4,-99,-99,-99,-99,-99,-99,-99,-99,-99,-99,-99,-99,-99,-99,-99,-99,-99,-99,-99,3,5,22,22
E12000002,North West,E10000017,Lancashire,E07000124,Ribble Valley,E02005275,Longridge South,-99,-99,-99,-99,-99,-99,-99,-99,-99,3,-99,4,-99,5,-99,-99,-99,-99,-99,-99,4,-99,3,-99,-99,-99,-99,-99,-99,-99,-99,-99,-99,-99,12,8,8
E12000002,North West,E10000017,Lancashire,E07000124,Ribble Valley,E02005276,Whalley & Brockhall,-99,-99,-99,-99,-99,-99,-99,-99,-99,-99,5,3,-99,-99,-99,-99,-99,-99,-99,-99,-99,-99,-99,-99,-99,-99,-99,-99,-99,-99,8,-99,-99,3,8,22,22
E12000002,North West,E10000017,Lancashire,E07000124,Ribble Valley,E02005277,Wilpshire & Mellor,-99,-99,-99,-99,-99,-99,-99,-99,-99,-99,4,6,4,8,-99,-99,5,-99,-99,-99,-99,-99,-99,-99,-99,-99,-99,-99,-99,-99,-99,4,-99,9,8,23,23
E12000002,North West,E10000017,Lancashire,E07000125,Rossendale,E02005278,"Crawshawbooth, Reedsholme & Water",-99,-99,-99,-99,-99,-99,-99,-99,-99,3,3,-99,6,3,9,-99,3,-99,-99,-99,-99,-99,-99,-99,-99,-99,-99,3,-99,-99,3,4,3,14,19,25,25
E12000002,North West,E10000017,Lancashire,E07000125,Rossendale,E02005279,Haslingden,-99,-99,-99,-99,-99,-99,-99,-99,-99,5,-99,3,5,5,3,-99,-99,-99,-99,-99,-99,-99,-99,-99,-99,-99,4,-99,-99,-99,6,-99,17,28,25,37,37
E12000002,North West,E10000017,Lancashire,E07000125,Rossendale,E02005280,Bacup,-99,-99,-99,-99,-99,-99,-99,-99,-99,3,-99,6,7,3,-99,5,-99,-99,-99,-99,-99,-99,-99,-99,-99,-99,-99,-99,-99,4,11,9,8,7,10,21,21
E12000002,North West,E10000017,Lancashire,E07000125,Rossendale,E02005281,Rawtenstall,-99,-99,-99,-99,-99,-99,-99,-99,-99,8,-99,5,4,-99,3,-99,-99,-99,-99,-99,-99,-99,-99,-99,-99,-99,-99,-99,-99,-99,5,-99,4,12,7,25,25
E12000002,North West,E10000017,Lancashire,E07000125,Rossendale,E02005284,Helmshore,-99,-99,-99,-99,-99,-99,-99,-99,-99,-99,-99,8,10,6,3,-99,-99,4,-99,-99,-99,-99,-99,-99,-99,-99,-99,-99,-99,-99,5,4,13,15,9,20,20
E12000002,North West,E10000017,Lancashire,E07000125,Rossendale,E02005285,Townsend Fold & Edenfield,-99,-99,-99,-99,-99,-99,-99,-99,-99,-99,-99,3,6,-99,-99,-99,-99,4,-99,-99,-99,-99,-99,-99,-99,-99,-99,-99,-99,-99,4,3,5,14,18,13,13
E12000002,North West,E10000017,Lancashire,E07000125,Rossendale,E02005286,Whitworth,-99,-99,-99,-99,-99,-99,-99,-99,-99,-99,5,9,5,14,5,-99,-99,-99,3,-99,-99,-99,-99,-99,-99,-99,-99,-99,-99,-99,9,6,12,6,9,12,12
E12000002,North West,E10000017,Lancashire,E07000126,South Ribble,E02005287,Penwortham North,-99,-99,-99,-99,-99,-99,-99,-99,-99,-99,-99,-99,6,-99,-99,3,-99,5,4,-99,-99,-99,-99,-99,-99,-99,-99,-99,3,-99,-99,3,-99,-99,12,17,17
E12000002,North West,E10000017,Lancashire,E07000126,South Ribble,E02005288,Gregson Lane & Coupe Green,-99,-99,-99,-99,-99,-99,-99,-99,-99,-99,-99,-99,3,-99,5,-99,-99,-99,4,-99,-99,-99,-99,-99,-99,-99,-99,-99,-99,-99,-99,-99,-99,5,14,19,19
E12000002,North West,E10000017,Lancashire,E07000126,South Ribble,E02005289,Penwortham South,-99,-99,-99,-99,-99,-99,-99,-99,-99,4,-99,3,-99,-99,-99,-99,3,-99,-99,-99,-99,-99,-99,-99,-99,-99,-99,-99,-99,-99,-99,5,4,-99,4,27,27
E12000002,North West,E10000017,Lancashire,E07000126,South Ribble,E02005290,Walton-le-Dale,-99,-99,-99,-99,-99,-99,-99,-99,-99,-99,-99,-99,-99,8,6,4,-99,-99,-99,-99,4,-99,-99,3,-99,-99,-99,-99,-99,-99,-99,7,3,3,5,16,16
E12000002,North West,E10000017,Lancashire,E07000126,South Ribble,E02005291,Lower Penwortham North,-99,-99,-99,-99,-99,-99,-99,-99,-99,-99,3,4,-99,-99,3,-99,4,4,-99,-99,-99,-99,-99,-99,-99,-99,-99,-99,-99,-99,-99,-99,7,-99,7,8,8
E12000002,North West,E10000017,Lancashire,E07000126,South Ribble,E02005292,Lower Penwortham South,-99,-99,-99,-99,-99,-99,-99,-99,-99,4,7,-99,5,4,4,5,5,-99,-99,-99,-99,-99,-99,-99,-99,-99,3,-99,-99,-99,-99,-99,-99,-99,-99,3,3
E12000002,North West,E10000017,Lancashire,E07000126,South Ribble,E02005293,Bamber Bridge West,-99,-99,-99,-99,-99,-99,-99,-99,-99,-99,3,-99,-99,-99,-99,3,-99,-99,-99,-99,-99,-99,-99,-99,-99,-99,-99,-99,-99,-99,-99,-99,4,-99,6,8,8
E12000002,North West,E10000017,Lancashire,E07000126,South Ribble,E02005294,Bamber Bridge East,-99,-99,-99,-99,-99,-99,-99,-99,-99,-99,5,4,4,-99,4,4,6,-99,-99,-99,-99,3,3,-99,-99,-99,-99,-99,-99,-99,-99,-99,-99,3,4,15,15
E12000002,North West,E10000017,Lancashire,E07000126,South Ribble,E02005295,Lostock Hall,-99,-99,-99,-99,-99,-99,-99,-99,4,5,6,-99,8,5,-99,-99,3,-99,-99,-99,-99,-99,-99,-99,-99,-99,-99,4,-99,-99,-99,9,5,-99,10,15,15
E12000002,North West,E10000017,Lancashire,E07000126,South Ribble,E02005296,New Longton & Hutton,-99,-99,-99,-99,-99,-99,-99,-99,-99,-99,3,-99,-99,-99,-99,4,3,-99,-99,-99,-99,-99,-99,-99,-99,-99,-99,-99,-99,-99,-99,-99,-99,5,9,8,8
E12000002,North West,E10000017,Lancashire,E07000126,South Ribble,E02005297,Longton & Walmer Bridge,-99,-99,-99,-99,-99,-99,-99,-99,-99,-99,3,4,6,-99,-99,5,3,3,-99,-99,-99,-99,-99,-99,-99,-99,-99,-99,-99,-99,-99,-99,3,4,14,11,11
E12000002,North West,E10000017,Lancashire,E07000126,South Ribble,E02005298,Farington,-99,-99,-99,-99,-99,-99,-99,-99,-99,4,-99,-99,-99,3,4,-99,-99,-99,-99,-99,-99,-99,-99,-99,-99,-99,-99,-99,-99,-99,-99,4,5,6,8,20,20
E12000002,North West,E10000017,Lancashire,E07000126,South Ribble,E02005299,Leyland North,-99,-99,-99,-99,-99,-99,-99,-99,-99,-99,4,3,4,-99,3,4,7,-99,-99,4,-99,-99,-99,-99,-99,-99,-99,-99,-99,-99,-99,4,6,7,9,13,13
E12000002,North West,E10000017,Lancashire,E07000126,South Ribble,E02005300,Moss Side,-99,-99,-99,-99,-99,-99,-99,-99,-99,-99,-99,5,3,-99,-99,3,4,-99,-99,-99,-99,-99,-99,-99,-99,-99,-99,-99,-99,-99,-99,-99,-99,3,-99,5,5
E12000002,North West,E10000017,Lancashire,E07000126,South Ribble,E02005301,Leyland South West,-99,-99,-99,-99,-99,-99,-99,-99,-99,4,4,3,3,7,-99,5,7,4,-99,-99,3,-99,-99,-99,-99,-99,-99,-99,-99,-99,-99,-99,3,-99,6,7,7
E12000002,North West,E10000017,Lancashire,E07000126,South Ribble,E02005302,Leyland South East & Buckshaw Village,-99,-99,-99,-99,-99,-99,-99,-99,-99,-99,-99,4,8,3,-99,-99,-99,-99,-99,-99,-99,-99,-99,-99,-99,-99,-99,-99,-99,-99,3,-99,4,7,3,20,20
E12000002,North West,E10000017,Lancashire,E07000126,South Ribble,E02005303,Seven Stars,-99,-99,-99,-99,-99,-99,-99,-99,-99,3,7,7,4,-99,3,3,5,-99,-99,-99,-99,-99,-99,-99,-99,-99,-99,-99,-99,-99,-99,-99,4,3,5,12,12
E12000002,North West,E10000017,Lancashire,E07000127,West Lancashire,E02005304,Hesketh Bank & Tarleton,-99,-99,-99,-99,-99,-99,-99,-99,-99,-99,3,-99,10,5,-99,-99,9,-99,3,-99,-99,-99,-99,-99,-99,-99,-99,4,-99,-99,-99,-99,-99,5,7,21,21
E12000002,North West,E10000017,Lancashire,E07000127,West Lancashire,E02005305,Rufford & Banks,-99,-99,-99,-99,-99,-99,-99,-99,-99,8,3,-99,4,19,20,6,-99,-99,5,-99,3,3,-99,-99,3,-99,7,3,-99,-99,-99,-99,4,4,11,22,22
E12000002,North West,E10000017,Lancashire,E07000127,West Lancashire,E02005306,"Scarisbrick, Halsall & Haskayne",-99,-99,-99,-99,-99,-99,-99,-99,3,3,5,3,7,7,9,7,-99,-99,-99,-99,-99,-99,-99,-99,-99,-99,-99,-99,-99,-99,-99,-99,-99,-99,12,29,29
E12000002,North West,E10000017,Lancashire,E07000127,West Lancashire,E02005307,Burscough,-99,-99,-99,-99,-99,-99,-99,-99,3,3,10,9,11,15,12,20,6,8,10,-99,-99,-99,-99,-99,-99,-99,-99,-99,-99,-99,-99,5,4,6,10,20,20
E12000002,North West,E10000017,Lancashire,E07000127,West Lancashire,E02005308,"Parbold, Appley Bridge & Wrightington",-99,-99,-99,-99,-99,-99,-99,-99,-99,5,4,4,4,5,5,-99,-99,3,-99,-99,-99,-99,-99,-99,-99,-99,-99,-99,-99,-99,3,-99,3,3,-99,20,20
E12000002,North West,E10000017,Lancashire,E07000127,West Lancashire,E02005309,Ormskirk North & West,-99,-99,-99,-99,-99,-99,-99,-99,-99,10,8,3,4,4,5,4,3,3,-99,-99,-99,-99,-99,-99,-99,-99,-99,-99,-99,-99,-99,3,4,9,20,24,24
E12000002,North West,E10000017,Lancashire,E07000127,West Lancashire,E02005310,Ormskirk Town & East,-99,-99,-99,-99,-99,-99,-99,-99,3,10,-99,8,15,-99,3,-99,3,-99,-99,-99,-99,-99,-99,-99,-99,-99,-99,-99,-99,-99,-99,3,4,10,16,29,29
E12000002,North West,E10000017,Lancashire,E07000127,West Lancashire,E02005311,Bickerstaffe & Newburgh,-99,-99,-99,-99,-99,-99,-99,-99,-99,3,4,6,-99,7,-99,-99,-99,-99,-99,-99,-99,-99,-99,-99,-99,-99,-99,-99,3,-99,-99,-99,5,5,3,20,20
E12000002,North West,E10000017,Lancashire,E07000127,West Lancashire,E02005312,Skelmersdale Ashurst,-99,-99,-99,-99,-99,-99,-99,-99,-99,6,8,-99,3,4,-99,6,-99,-99,-99,-99,-99,-99,-99,-99,-99,-99,-99,-99,-99,-99,-99,-99,-99,6,13,24,24
E12000002,North West,E10000017,Lancashire,E07000127,West Lancashire,E02005313,Skelmersdale Central,-99,-99,-99,-99,-99,-99,-99,-99,-99,4,8,11,9,9,5,-99,-99,3,-99,-99,-99,3,-99,-99,-99,4,-99,-99,-99,-99,-99,5,7,13,12,12,12
E12000002,North West,E10000017,Lancashire,E07000127,West Lancashire,E02005314,Skelmersdale West,-99,-99,-99,-99,-99,-99,-99,-99,-99,5,-99,4,5,3,-99,6,-99,-99,-99,4,-99,-99,-99,-99,-99,3,-99,-99,-99,-99,-99,-99,-99,4,11,16,16
E12000002,North West,E10000017,Lancashire,E07000127,West Lancashire,E02005315,Aughton,-99,-99,-99,-99,-99,-99,-99,-99,3,10,4,5,4,-99,4,3,-99,-99,-99,-99,-99,-99,-99,-99,-99,-99,-99,-99,-99,-99,-99,3,4,6,8,26,26
E12000002,North West,E10000017,Lancashire,E07000127,West Lancashire,E02005316,Skelmersdale East,-99,-99,-99,-99,-99,-99,-99,-99,-99,8,-99,6,4,6,-99,-99,-99,-99,-99,-99,-99,-99,-99,-99,-99,4,-99,-99,-99,-99,-99,8,-99,6,12,13,13
E12000002,North West,E10000017,Lancashire,E07000127,West Lancashire,E02005317,Skelmersdale South East,-99,-99,-99,-99,-99,-99,-99,-99,3,3,3,5,5,7,4,4,-99,4,-99,-99,-99,-99,-99,-99,-99,-99,-99,3,-99,-99,-99,5,-99,7,16,14,14
E12000002,North West,E10000017,Lancashire,E07000127,West Lancashire,E02005318,Upholland,-99,-99,-99,-99,-99,-99,-99,-99,3,7,-99,5,3,5,-99,-99,4,3,-99,-99,-99,-99,-99,-99,-99,-99,-99,-99,-99,-99,-99,6,-99,4,15,31,31
E12000002,North West,E10000017,Lancashire,E07000128,Wyre,E02005319,Fleetwood Town,-99,-99,-99,-99,-99,-99,-99,-99,-99,3,3,3,15,12,-99,-99,3,4,-99,-99,-99,-99,-99,-99,-99,-99,-99,-99,-99,-99,-99,-99,5,-99,7,13,13
E12000002,North West,E10000017,Lancashire,E07000128,Wyre,E02005320,Fleetwood Warren,-99,-99,-99,-99,-99,-99,-99,-99,-99,3,-99,-99,9,11,7,12,-99,3,-99,-99,-99,-99,-99,-99,-99,-99,-99,-99,-99,-99,-99,-99,-99,-99,9,13,13
E12000002,North West,E10000017,Lancashire,E07000128,Wyre,E02005321,Fleetwood Rossall & Chatsworth,-99,-99,-99,-99,-99,-99,-99,-99,-99,-99,4,3,-99,5,-99,-99,5,5,-99,-99,-99,-99,-99,-99,-99,-99,-99,-99,3,-99,-99,3,4,-99,4,6,6
E12000002,North West,E10000017,Lancashire,E07000128,Wyre,E02005322,"Preesall, Stalmine & Hambleton",-99,-99,-99,-99,-99,-99,-99,-99,6,6,9,3,3,3,7,14,22,-99,3,-99,-99,4,-99,-99,-99,-99,-99,-99,-99,-99,-99,-99,3,3,9,4,4
E12000002,North West,E10000017,Lancashire,E07000128,Wyre,E02005323,Fleetwood South East,-99,-99,-99,-99,-99,-99,-99,-99,-99,-99,-99,-99,7,7,4,4,8,4,-99,-99,-99,-99,-99,-99,-99,-99,-99,-99,-99,-99,-99,-99,-99,5,7,13,13
E12000002,North West,E10000017,Lancashire,E07000128,Wyre,E02005324,"Bonds, Bilsborrow & Wyresdale",-99,-99,-99,-99,-99,-99,-99,-99,-99,4,7,-99,3,3,3,-99,-99,-99,-99,-99,-99,-99,-99,-99,-99,-99,-99,-99,-99,-99,-99,-99,4,3,4,11,11
E12000002,North West,E10000017,Lancashire,E07000128,Wyre,E02005325,Garstang & Catterall,-99,-99,-99,-99,-99,-99,-99,-99,4,7,8,3,-99,-99,-99,-99,-99,-99,-99,-99,-99,-99,-99,-99,-99,-99,-99,-99,-99,-99,-99,-99,5,-99,11,12,12
E12000002,North West,E10000017,Lancashire,E07000128,Wyre,E02005326,Cleveleys West,-99,-99,-99,-99,-99,-99,-99,-99,-99,5,3,4,3,10,4,3,-99,7,7,-99,3,-99,-99,-99,-99,-99,-99,-99,-99,-99,-99,-99,3,3,3,7,7
E12000002,North West,E10000017,Lancashire,E07000128,Wyre,E02005327,"Pilling, Great Eccleston & Inksip",-99,-99,-99,-99,-99,-99,-99,-99,-99,-99,-99,3,-99,-99,-99,-99,3,-99,-99,-99,-99,-99,-99,-99,-99,-99,-99,-99,-99,-99,-99,-99,-99,5,5,9,9
E12000002,North West,E10000017,Lancashire,E07000128,Wyre,E02005328,Cleveleys East,-99,-99,-99,-99,-99,-99,-99,-99,-99,-99,4,6,9,3,10,-99,5,-99,-99,-99,-99,-99,-99,-99,-99,-99,-99,-99,-99,-99,-99,3,5,8,7,12,12
E12000002,North West,E10000017,Lancashire,E07000128,Wyre,E02005329,Thornton West,-99,-99,-99,-99,-99,-99,-99,-99,-99,-99,3,5,6,12,5,3,-99,3,3,-99,-99,-99,-99,-99,-99,-99,-99,-99,-99,-99,-99,5,-99,5,6,9,9
E12000002,North West,E10000017,Lancashire,E07000128,Wyre,E02005330,Thornton East & Carleton West,-99,-99,-99,-99,-99,-99,-99,-99,-99,-99,3,3,4,-99,-99,-99,-99,-99,-99,-99,-99,-99,-99,-99,-99,-99,-99,-99,-99,-99,-99,-99,7,3,13,13,13
E12000002,North West,E10000017,Lancashire,E07000128,Wyre,E02005331,Poulton North & Carleton East,-99,-99,-99,-99,-99,-99,-99,-99,-99,4,8,7,7,9,7,-99,-99,4,3,-99,-99,-99,-99,-99,-99,-99,-99,-99,-99,-99,-99,-99,3,5,6,11,11
E12000002,North West,E10000017,Lancashire,E07000128,Wyre,E02005332,Poulton South,-99,-99,-99,-99,-99,-99,-99,-99,-99,5,5,7,4,6,4,3,4,3,-99,-99,3,-99,-99,-99,-99,-99,-99,-99,-99,-99,-99,4,18,9,11,8,8
E12000004,East Midlands,E10000018,Leicestershire,E07000129,Blaby,E02005334,Leicester Forest East,-99,-99,-99,-99,-99,-99,-99,-99,-99,-99,3,-99,-99,-99,3,-99,-99,4,-99,5,-99,-99,-99,-99,-99,3,-99,4,-99,-99,-99,4,6,6,7,4,4
E12000004,East Midlands,E10000018,Leicestershire,E07000129,Blaby,E02005335,Kirby Muxloe & Thurlaston,-99,-99,-99,-99,-99,-99,-99,-99,3,-99,-99,18,-99,-99,-99,-99,-99,-99,-99,3,-99,-99,-99,-99,-99,-99,-99,-99,-99,-99,-99,-99,3,9,3,7,7
E12000004,East Midlands,E10000018,Leicestershire,E07000129,Blaby,E02005336,Thorpe Astley,-99,-99,-99,-99,-99,-99,-99,-99,-99,-99,4,-99,-99,6,-99,-99,-99,5,-99,7,-99,4,7,3,-99,-99,-99,-99,-99,5,-99,5,7,6,3,-99,-99
E12000004,East Midlands,E10000018,Leicestershire,E07000129,Blaby,E02005337,Braunstone Town,-99,-99,-99,-99,-99,-99,-99,-99,-99,4,6,4,5,5,13,7,9,6,-99,4,-99,3,6,-99,-99,-99,-99,-99,-99,-99,-99,14,8,8,11,7,7
E12000004,East Midlands,E10000018,Leicestershire,E07000129,Blaby,E02005338,Enderby & Glen Parva,-99,-99,-99,-99,-99,-99,-99,-99,-99,-99,4,-99,10,-99,6,3,3,5,-99,-99,3,4,-99,-99,6,-99,-99,-99,-99,-99,-99,7,6,3,5,13,13
E12000004,East Midlands,E10000018,Leicestershire,E07000129,Blaby,E02005339,Narborough,-99,-99,-99,-99,-99,-99,-99,-99,3,-99,-99,-99,-99,-99,-99,-99,-99,-99,3,-99,-99,-99,-99,-99,-99,-99,-99,-99,-99,5,-99,-99,6,10,5,9,9
E12000004,East Midlands,E10000018,Leicestershire,E07000129,Blaby,E02005340,Blaby Village,-99,-99,-99,-99,-99,-99,-99,-99,-99,3,-99,-99,-99,4,-99,8,6,-99,-99,4,-99,-99,3,-99,-99,-99,-99,-99,-99,-99,-99,-99,6,5,3,6,6
E12000004,East Midlands,E10000018,Leicestershire,E07000129,Blaby,E02005341,Whetstone,-99,-99,-99,-99,-99,-99,-99,-99,-99,-99,-99,-99,-99,4,5,10,9,-99,-99,-99,4,-99,5,-99,-99,-99,-99,-99,-99,-99,3,7,9,5,7,8,8
E12000004,East Midlands,E10000018,Leicestershire,E07000129,Blaby,E02005342,"Cosby, Croft & Elmesthorpe",-99,-99,-99,-99,-99,-99,-99,-99,-99,-99,-99,3,3,-99,-99,4,4,3,-99,-99,3,-99,-99,-99,-99,-99,-99,-99,-99,-99,-99,-99,-99,-99,3,5,5
E12000004,East Midlands,E10000018,Leicestershire,E07000129,Blaby,E02005343,Countesthorpe & Kilby,-99,-99,-99,-99,-99,-99,-99,4,-99,-99,-99,5,3,5,-99,5,3,-99,-99,-99,-99,-99,-99,-99,-99,-99,-99,-99,-99,-99,-99,6,4,5,6,15,15
E12000004,East Midlands,E10000018,Leicestershire,E07000129,Blaby,E02005344,"Stoney Stanton, Sapcote & Sharnton",-99,-99,-99,-99,-99,-99,-99,-99,-99,-99,-99,-99,-99,3,-99,-99,-99,-99,-99,-99,3,-99,-99,-99,-99,-99,-99,-99,-99,-99,-99,4,-99,3,-99,3,3
E12000004,East Midlands,E10000018,Leicestershire,E07000130,Charnwood,E02005345,Loughborough Dishley & Hathern,-99,-99,-99,-99,-99,-99,-99,-99,-99,-99,-99,-99,-99,-99,-99,-99,-99,-99,-99,-99,-99,-99,3,-99,-99,-99,-99,-99,-99,-99,-99,-99,-99,3,6,9,9
E12000004,East Midlands,E10000018,Leicestershire,E07000130,Charnwood,E02005346,Loughborough Lemyngton & Hastings,-99,-99,-99,-99,-99,-99,-99,-99,-99,3,4,3,-99,5,9,15,14,5,-99,5,-99,-99,-99,-99,-99,-99,-99,5,6,-99,-99,3,9,12,11,11,11
E12000004,East Midlands,E10000018,Leicestershire,E07000130,Charnwood,E02005347,Loughborough Storer & Queen's Park,-99,-99,-99,-99,-99,-99,-99,-99,-99,-99,-99,-99,-99,-99,-99,10,29,5,-99,-99,-99,-99,3,3,-99,-99,-99,-99,-99,-99,-99,-99,3,3,4,15,15
E12000004,East Midlands,E10000018,Leicestershire,E07000130,Charnwood,E02005348,Loughborough Garendon,-99,-99,-99,-99,-99,-99,-99,-99,-99,-99,-99,-99,3,5,3,6,8,-99,13,-99,-99,-99,-99,-99,-99,-99,-99,-99,-99,-99,-99,-99,-99,-99,-99,-99,-99
E12000004,East Midlands,E10000018,Leicestershire,E07000130,Charnwood,E02005349,Shepshed West,-99,-99,-99,-99,-99,-99,-99,-99,-99,-99,-99,4,-99,-99,-99,-99,3,5,-99,-99,-99,-99,-99,-99,-99,-99,-99,-99,-99,-99,-99,-99,3,-99,-99,7,7
E12000004,East Midlands,E10000018,Leicestershire,E07000130,Charnwood,E02005350,Shepshed East,-99,-99,-99,-99,-99,-99,-99,-99,-99,-99,3,8,5,5,3,4,-99,-99,-99,-99,-99,-99,-99,-99,-99,-99,-99,-99,-99,-99,-99,-99,-99,-99,4,3,3
E12000004,East Midlands,E10000018,Leicestershire,E07000130,Charnwood,E02005351,Loughborough - University,-99,-99,-99,-99,-99,-99,-99,-99,-99,-99,-99,-99,-99,-99,-99,-99,4,-99,-99,-99,-99,-99,-99,-99,-99,-99,-99,-99,-99,-99,-99,3,3,7,3,26,26
E12000004,East Midlands,E10000018,Leicestershire,E07000130,Charnwood,E02005352,"Wymeswold, Rearsby & Cossington",-99,-99,-99,-99,-99,-99,-99,-99,-99,-99,-99,-99,-99,4,3,-99,-99,-99,-99,-99,4,-99,-99,-99,-99,-99,-99,-99,-99,-99,-99,-99,-99,-99,-99,3,3
E12000004,East Midlands,E10000018,Leicestershire,E07000130,Charnwood,E02005353,Loughborough - Shelthorpe & Woodthorpe,-99,-99,-99,-99,-99,-99,-99,-99,-99,-99,-99,3,-99,5,3,7,-99,4,-99,-99,-99,-99,-99,-99,-99,5,-99,-99,-99,-99,-99,-99,4,12,8,3,3
E12000004,East Midlands,E10000018,Leicestershire,E07000130,Charnwood,E02005354,Loughborough - Outwoods,-99,-99,-99,-99,-99,-99,-99,-99,-99,3,3,3,-99,-99,-99,4,3,-99,3,-99,-99,-99,-99,-99,-99,-99,-99,-99,-99,-99,-99,-99,3,9,3,9,9
E12000004,East Midlands,E10000018,Leicestershire,E07000130,Charnwood,E02005355,Barrow upon Soar,-99,-99,-99,-99,-99,-99,-99,-99,-99,4,-99,-99,-99,-99,-99,-99,-99,-99,-99,-99,-99,-99,-99,-99,-99,-99,3,-99,-99,-99,-99,-99,-99,-99,-99,9,9
E12000004,East Midlands,E10000018,Leicestershire,E07000130,Charnwood,E02005356,Quorn & Mountsorrel Castle,-99,-99,-99,-99,-99,-99,-99,-99,-99,-99,-99,-99,3,-99,-99,-99,3,-99,-99,-99,-99,-99,-99,-99,-99,-99,3,-99,-99,-99,-99,-99,3,4,5,8,8
E12000004,East Midlands,E10000018,Leicestershire,E07000130,Charnwood,E02005357,Sileby,-99,-99,-99,-99,-99,-99,-99,-99,-99,-99,-99,6,-99,3,-99,-99,-99,-99,-99,-99,-99,-99,-99,-99,-99,-99,3,-99,-99,-99,-99,-99,5,-99,12,3,3
E12000004,East Midlands,E10000018,Leicestershire,E07000130,Charnwood,E02005358,Mountsorrel & Rothley,-99,-99,-99,-99,-99,-99,-99,-99,-99,-99,-99,-99,-99,-99,6,4,-99,-99,4,-99,-99,-99,-99,-99,-99,-99,-99,3,-99,-99,-99,-99,4,16,-99,11,11
E12000004,East Midlands,E10000018,Leicestershire,E07000130,Charnwood,E02005359,East Goscote & Queniborough,-99,-99,-99,-99,-99,-99,-99,-99,3,3,-99,-99,3,5,-99,-99,-99,-99,-99,3,-99,-99,-99,-99,-99,-99,-99,-99,-99,-99,-99,-99,6,-99,-99,8,8
E12000004,East Midlands,E10000018,Leicestershire,E07000130,Charnwood,E02005360,"Thurcaston, Woodhouse & Bradgate",-99,-99,-99,-99,-99,-99,-99,-99,-99,4,-99,-99,-99,-99,-99,3,-99,-99,-99,-99,-99,-99,-99,-99,-99,-99,-99,-99,-99,-99,-99,-99,5,3,8,19,19
E12000004,East Midlands,E10000018,Leicestershire,E07000130,Charnwood,E02005361,Syston West,-99,-99,-99,-99,-99,-99,-99,-99,-99,-99,-99,-99,3,3,6,3,-99,-99,4,-99,-99,-99,-99,-99,-99,-99,-99,-99,-99,-99,-99,-99,-99,-99,3,10,10
E12000004,East Midlands,E10000018,Leicestershire,E07000130,Charnwood,E02005362,Syston East,-99,-99,-99,-99,-99,-99,-99,-99,-99,4,4,3,4,6,6,-99,3,-99,3,5,-99,3,3,-99,-99,-99,-99,-99,-99,-99,-99,4,-99,3,3,8,8
E12000004,East Midlands,E10000018,Leicestershire,E07000130,Charnwood,E02005363,Birstall Wanlip & Riverside,-99,-99,-99,-99,-99,-99,-99,-99,-99,4,-99,5,6,9,10,4,12,4,-99,-99,3,4,-99,4,-99,-99,7,-99,3,-99,3,3,4,-99,4,8,8
E12000004,East Midlands,E10000018,Leicestershire,E07000130,Charnwood,E02005364,Birstall Central,-99,-99,-99,-99,-99,-99,-99,-99,-99,-99,-99,-99,-99,-99,-99,8,-99,-99,-99,-99,-99,4,-99,3,3,-99,-99,-99,5,-99,-99,3,-99,3,-99,4,4
E12000004,East Midlands,E10000018,Leicestershire,E07000130,Charnwood,E02005365,Thurmaston,-99,-99,-99,-99,-99,-99,-99,-99,-99,10,3,4,9,8,9,11,10,5,4,7,6,-99,6,-99,-99,-99,8,-99,7,3,-99,4,4,4,7,3,3
E12000004,East Midlands,E10000018,Leicestershire,E07000130,Charnwood,E02005366,Anstey,-99,-99,-99,-99,-99,-99,-99,-99,-99,-99,-99,3,4,3,4,3,-99,-99,-99,-99,3,-99,-99,-99,-99,-99,-99,-99,-99,-99,-99,4,5,-99,-99,8,8
E12000004,East Midlands,E10000018,Leicestershire,E07000131,Harborough,E02005368,"Tilton, Billesdon & Great Easton",-99,-99,-99,-99,-99,-99,-99,-99,-99,-99,3,-99,-99,-99,-99,-99,-99,-99,-99,-99,-99,-99,-99,-99,-99,-99,-99,3,-99,-99,-99,-99,4,-99,6,4,4
E12000004,East Midlands,E10000018,Leicestershire,E07000131,Harborough,E02005369,Kibworth & Great Glen,-99,-99,-99,-99,-99,-99,-99,-99,-99,-99,4,4,4,10,3,-99,-99,-99,4,3,4,-99,-99,3,-99,-99,-99,-99,-99,-99,-99,5,4,4,7,10,10
E12000004,East Midlands,E10000018,Leicestershire,E07000131,Harborough,E02005370,Broughton Astley,-99,-99,-99,-99,-99,-99,-99,-99,-99,3,-99,-99,-99,3,3,3,4,5,-99,-99,-99,-99,-99,-99,-99,-99,-99,-99,-99,-99,-99,-99,-99,5,4,5,5
E12000004,East Midlands,E10000018,Leicestershire,E07000131,Harborough,E02005371,"Fleckney, Kilworth & Foxton",-99,-99,-99,-99,-99,-99,-99,-99,-99,-99,6,4,-99,-99,-99,-99,4,-99,-99,3,-99,-99,-99,-99,-99,-99,-99,-99,-99,-99,4,-99,9,3,-99,9,9
E12000004,East Midlands,E10000018,Leicestershire,E07000131,Harborough,E02005372,"Dunton Bassett, Claybrooke & Swinford",-99,-99,-99,-99,-99,-99,-99,-99,-99,-99,-99,3,-99,4,-99,-99,-99,-99,-99,-99,-99,-99,-99,-99,-99,-99,-99,-99,-99,-99,-99,-99,-99,-99,5,4,4
E12000004,East Midlands,E10000018,Leicestershire,E07000131,Harborough,E02005373,"Market Harborough West, Great Bowden & Lubenham",-99,-99,-99,-99,-99,-99,-99,-99,-99,4,-99,-99,4,-99,4,6,-99,-99,-99,-99,-99,-99,-99,-99,-99,-99,-99,-99,-99,-99,-99,-99,3,3,-99,10,10
E12000004,East Midlands,E10000018,Leicestershire,E07000131,Harborough,E02005374,Market Harborough Central,-99,-99,-99,-99,-99,-99,3,-99,-99,4,-99,-99,4,7,3,-99,3,-99,-99,-99,5,-99,4,-99,-99,-99,-99,-99,-99,-99,-99,-99,-99,-99,-99,5,5
E12000004,East Midlands,E10000018,Leicestershire,E07000131,Harborough,E02005375,Market Harborough South & Little Bowden,-99,-99,-99,-99,-99,-99,-99,-99,-99,-99,3,-99,9,11,4,7,5,-99,5,-99,-99,-99,-99,-99,-99,-99,-99,-99,-99,-99,-99,-99,-99,4,4,6,6
E12000004,East Midlands,E10000018,Leicestershire,E07000131,Harborough,E02005376,Lutterworth,-99,-99,-99,-99,-99,-99,-99,-99,-99,-99,-99,-99,5,3,-99,3,-99,5,6,-99,-99,-99,-99,-99,-99,-99,-99,-99,-99,-99,7,3,-99,-99,4,7,7
E12000004,East Midlands,E10000018,Leicestershire,E07000132,Hinckley and Bosworth,E02005377,Markfield & Thornton,-99,-99,-99,-99,-99,-99,-99,-99,-99,-99,3,3,-99,-99,-99,-99,-99,-99,-99,5,-99,-99,3,-99,-99,-99,-99,-99,-99,-99,-99,-99,-99,3,-99,5,5
E12000004,East Midlands,E10000018,Leicestershire,E07000132,Hinckley and Bosworth,E02005378,Groby East,-99,-99,-99,-99,-99,-99,-99,-99,-99,-99,-99,4,3,-99,-99,-99,3,-99,-99,3,-99,-99,3,-99,-99,-99,-99,-99,-99,-99,-99,-99,4,-99,3,-99,-99
E12000004,East Midlands,E10000018,Leicestershire,E07000132,Hinckley and Bosworth,E02005379,Groby West & Ratby,-99,-99,-99,-99,-99,-99,-99,-99,-99,-99,-99,-99,-99,-99,3,4,-99,-99,-99,3,-99,-99,-99,-99,-99,-99,-99,-99,-99,-99,-99,-99,3,3,3,3,3
E12000004,East Midlands,E10000018,Leicestershire,E07000132,Hinckley and Bosworth,E02005380,"Market Bosworth, Barlestone & Sheepy Magna",-99,-99,-99,-99,-99,-99,-99,-99,4,-99,-99,-99,4,-99,-99,-99,-99,-99,-99,-99,-99,-99,-99,-99,-99,-99,-99,-99,-99,-99,-99,-99,-99,-99,3,6,6
E12000004,East Midlands,E10000018,Leicestershire,E07000132,Hinckley and Bosworth,E02005381,Desford & Newbold Verdon,-99,-99,-99,-99,-99,-99,-99,-99,-99,-99,4,-99,11,6,-99,-99,3,3,3,-99,8,-99,-99,-99,-99,-99,-99,-99,-99,-99,6,-99,3,-99,4,10,10
E12000004,East Midlands,E10000018,Leicestershire,E07000132,Hinckley and Bosworth,E02005382,Earl Shilton,-99,-99,-99,-99,-99,-99,-99,-99,5,-99,4,9,8,10,3,5,-99,-99,-99,3,-99,-99,-99,-99,-99,-99,-99,3,-99,-99,-99,-99,5,5,4,-99,-99
E12000004,East Midlands,E10000018,Leicestershire,E07000132,Hinckley and Bosworth,E02005383,Barwell,-99,-99,-99,-99,-99,-99,-99,-99,-99,3,-99,4,4,6,-99,5,6,5,-99,-99,-99,-99,-99,-99,-99,-99,-99,-99,-99,-99,-99,-99,-99,-99,5,-99,-99
E12000004,East Midlands,E10000018,Leicestershire,E07000132,Hinckley and Bosworth,E02005384,"Stoke Golding, Higham & Fenny Drayton",-99,-99,-99,-99,-99,-99,-99,3,-99,4,-99,8,-99,9,8,5,-99,-99,-99,-99,-99,-99,-99,-99,-99,-99,-99,-99,-99,-99,-99,-99,-99,-99,4,6,6
E12000004,East Midlands,E10000018,Leicestershire,E07000132,Hinckley and Bosworth,E02005385,Hinckley East,-99,-99,-99,-99,-99,-99,-99,-99,-99,-99,-99,-99,-99,4,6,-99,-99,-99,-99,-99,-99,-99,-99,-99,3,-99,-99,-99,-99,-99,-99,-99,-99,-99,3,8,8
E12000004,East Midlands,E10000018,Leicestershire,E07000132,Hinckley and Bosworth,E02005386,Hinckley Central,-99,-99,-99,-99,-99,-99,-99,-99,-99,-99,5,4,7,8,4,5,-99,5,-99,26,8,8,-99,-99,-99,-99,4,-99,-99,-99,-99,-99,3,-99,5,11,11
E12000004,East Midlands,E10000018,Leicestershire,E07000132,Hinckley and Bosworth,E02005387,Hinckley West,-99,-99,-99,-99,-99,-99,-99,-99,-99,4,3,3,5,-99,-99,4,-99,-99,-99,-99,-99,-99,-99,-99,-99,-99,-99,-99,-99,-99,-99,-99,-99,-99,10,7,7
E12000004,East Midlands,E10000018,Leicestershire,E07000132,Hinckley and Bosworth,E02005388,Hinckley Clarendon Park,-99,-99,-99,-99,-99,-99,-99,-99,-99,-99,-99,-99,4,-99,-99,-99,3,-99,6,3,-99,-99,-99,-99,-99,-99,-99,-99,-99,5,-99,-99,-99,3,11,3,3
E12000004,East Midlands,E10000018,Leicestershire,E07000132,Hinckley and Bosworth,E02005389,Burbage St Catherines,-99,-99,-99,-99,-99,-99,-99,-99,-99,-99,5,10,-99,5,-99,4,-99,-99,-99,3,-99,-99,-99,-99,-99,-99,-99,-99,-99,-99,-99,-99,-99,-99,-99,6,6
E12000004,East Midlands,E10000018,Leicestershire,E07000132,Hinckley and Bosworth,E02005390,Burbage Sketchley & Stretton,-99,-99,-99,-99,-99,-99,-99,4,-99,4,8,-99,5,3,-99,-99,-99,-99,-99,5,-99,-99,-99,-99,-99,-99,-99,-99,3,-99,-99,3,3,-99,-99,9,9
E12000004,East Midlands,E10000018,Leicestershire,E07000133,Melton,E02005391,"Bottesford, Harby & Croxton Kerrial",-99,-99,-99,-99,-99,-99,-99,-99,-99,-99,-99,-99,-99,-99,-99,-99,-99,-99,-99,-99,-99,-99,-99,-99,-99,-99,-99,-99,-99,-99,-99,8,5,-99,3,16,16
E12000004,East Midlands,E10000018,Leicestershire,E07000133,Melton,E02005392,Melton Mowbray North,-99,-99,-99,-99,-99,-99,-99,-99,-99,3,-99,3,-99,-99,-99,3,6,-99,-99,-99,-99,-99,-99,-99,-99,6,6,-99,3,-99,-99,-99,-99,-99,-99,5,5
E12000004,East Midlands,E10000018,Leicestershire,E07000133,Melton,E02005393,"Asfordby, Frisby & Old Dalby",-99,-99,-99,-99,-99,-99,-99,-99,3,4,-99,-99,3,3,4,3,5,-99,-99,-99,-99,-99,-99,-99,-99,-99,-99,-99,-99,-99,-99,-99,-99,-99,-99,-99,-99
E12000004,East Midlands,E10000018,Leicestershire,E07000133,Melton,E02005394,Melton Mowbray West,-99,-99,-99,-99,-99,-99,-99,-99,-99,-99,-99,-99,-99,-99,5,-99,3,-99,-99,-99,-99,-99,-99,-99,-99,6,9,3,7,-99,-99,5,-99,-99,4,5,5
E12000004,East Midlands,E10000018,Leicestershire,E07000133,Melton,E02005395,Melton Mowbray South,-99,-99,-99,-99,-99,-99,-99,-99,-99,6,-99,-99,3,4,5,-99,6,-99,-99,-99,-99,-99,3,-99,-99,-99,-99,-99,-99,-99,-99,-99,3,-99,-99,-99,-99
E12000004,East Midlands,E10000018,Leicestershire,E07000133,Melton,E02005396,"Waltham, Wymondham & Great Dalby",-99,-99,-99,-99,-99,-99,-99,-99,-99,-99,-99,-99,-99,-99,-99,-99,3,-99,5,-99,-99,-99,-99,-99,-99,-99,-99,-99,-99,-99,-99,-99,-99,-99,-99,10,10
E12000004,East Midlands,E10000018,Leicestershire,E07000134,North West Leicestershire,E02005397,Castle Donington,-99,-99,-99,-99,-99,-99,-99,3,3,-99,-99,5,-99,-99,-99,3,-99,-99,-99,-99,-99,-99,-99,-99,-99,-99,-99,-99,-99,-99,3,-99,-99,-99,4,4,4
E12000004,East Midlands,E10000018,Leicestershire,E07000134,North West Leicestershire,E02005398,Kegworth & Belton,-99,-99,-99,-99,-99,-99,-99,-99,-99,4,-99,-99,-99,-99,-99,-99,-99,-99,-99,-99,-99,-99,-99,-99,-99,-99,-99,-99,-99,-99,-99,-99,-99,-99,-99,3,3
E12000004,East Midlands,E10000018,Leicestershire,E07000134,North West Leicestershire,E02005399,Ashby de la Zouch North,-99,-99,-99,-99,-99,-99,-99,-99,3,-99,3,-99,4,3,-99,-99,-99,-99,-99,-99,-99,-99,-99,-99,-99,-99,-99,-99,-99,-99,-99,-99,-99,-99,3,5,5
E12000004,East Midlands,E10000018,Leicestershire,E07000134,North West Leicestershire,E02005400,Thringstone & Swannington,-99,-99,-99,-99,-99,-99,-99,-99,3,-99,-99,3,4,-99,-99,3,-99,-99,-99,-99,-99,-99,-99,-99,-99,-99,-99,-99,-99,-99,-99,-99,-99,-99,4,-99,-99
E12000004,East Midlands,E10000018,Leicestershire,E07000134,North West Leicestershire,E02005401,"Packington, Ravenstone & Coleorton",-99,-99,-99,-99,-99,-99,-99,-99,-99,-99,4,-99,-99,-99,-99,-99,-99,-99,-99,-99,-99,-99,-99,-99,-99,-99,-99,-99,-99,-99,-99,-99,-99,-99,3,9,9
E12000004,East Midlands,E10000018,Leicestershire,E07000134,North West Leicestershire,E02005402,Ashby de la Zouch South,-99,-99,-99,-99,-99,-99,-99,-99,-99,5,7,3,-99,-99,-99,3,-99,-99,-99,-99,3,6,-99,-99,-99,-99,-99,-99,-99,-99,-99,-99,-99,3,5,3,3
E12000004,East Midlands,E10000018,Leicestershire,E07000134,North West Leicestershire,E02005403,Whitwick,-99,-99,-99,-99,-99,-99,-99,-99,-99,3,-99,-99,-99,-99,-99,-99,-99,3,-99,-99,-99,-99,3,-99,-99,-99,-99,-99,-99,-99,-99,-99,-99,5,3,3,3
E12000004,East Midlands,E10000018,Leicestershire,E07000134,North West Leicestershire,E02005404,Donisthope & Blackfordby,-99,-99,-99,-99,-99,-99,-99,-99,-99,-99,-99,5,-99,-99,-99,-99,-99,-99,-99,-99,-99,-99,-99,-99,-99,-99,-99,-99,-99,-99,-99,-99,-99,-99,-99,4,4
E12000004,East Midlands,E10000018,Leicestershire,E07000134,North West Leicestershire,E02005405,Agar Nook,-99,-99,-99,-99,-99,-99,-99,-99,-99,-99,-99,-99,4,-99,-99,-99,-99,4,-99,-99,-99,-99,-99,-99,-99,-99,-99,-99,-99,-99,-99,-99,-99,-99,5,3,3
E12000004,East Midlands,E10000018,Leicestershire,E07000134,North West Leicestershire,E02005406,Coalville,-99,-99,-99,-99,-99,-99,-99,4,-99,6,4,8,-99,-99,-99,-99,-99,-99,-99,-99,-99,4,-99,-99,-99,-99,-99,-99,-99,-99,-99,-99,-99,-99,4,-99,-99
E12000004,East Midlands,E10000018,Leicestershire,E07000134,North West Leicestershire,E02005407,Hugglescote & Bardon Hill,-99,-99,-99,-99,-99,-99,-99,-99,-99,-99,3,-99,3,-99,-99,3,-99,-99,-99,5,4,-99,-99,-99,-99,-99,-99,-99,-99,-99,-99,-99,-99,-99,-99,5,5
E12000004,East Midlands,E10000018,Leicestershire,E07000134,North West Leicestershire,E02005408,Measham & Appleby Magna,-99,-99,-99,-99,-99,-99,-99,-99,-99,-99,-99,-99,-99,-99,-99,-99,-99,-99,-99,-99,-99,-99,-99,-99,-99,-99,-99,-99,-99,-99,-99,-99,-99,-99,-99,4,4
E12000004,East Midlands,E10000018,Leicestershire,E07000134,North West Leicestershire,E02005409,Ibstock & Ellistown,-99,-99,-99,-99,-99,-99,-99,-99,-99,6,-99,3,4,3,-99,5,3,-99,-99,-99,-99,3,-99,-99,-99,3,-99,-99,-99,-99,-99,5,-99,4,6,5,5
E12000004,East Midlands,E10000018,Leicestershire,E07000135,Oadby and Wigston,E02005412,Oadby South & West,-99,-99,-99,-99,-99,-99,-99,4,-99,4,-99,3,-99,4,-99,3,5,5,5,-99,6,8,8,7,10,-99,-99,-99,-99,6,3,12,26,6,5,16,16
E12000004,East Midlands,E10000018,Leicestershire,E07000135,Oadby and Wigston,E02005414,Wigston Town,-99,-99,-99,-99,-99,-99,-99,-99,-99,4,6,18,4,17,8,5,10,-99,10,6,-99,5,-99,-99,6,3,-99,-99,-99,6,-99,-99,7,5,4,7,7
E12000004,East Midlands,E10000018,Leicestershire,E07000135,Oadby and Wigston,E02005415,South Wigston,-99,-99,-99,-99,-99,-99,-99,-99,-99,-99,3,3,-99,-99,4,7,6,-99,-99,5,-99,-99,3,-99,3,-99,-99,-99,-99,-99,-99,-99,-99,5,-99,3,3
E12000004,East Midlands,E10000018,Leicestershire,E07000135,Oadby and Wigston,E02005416,Wigston Harcourt & Little Hill,-99,-99,-99,-99,-99,-99,-99,-99,-99,-99,-99,-99,-99,3,3,4,3,-99,-99,-99,-99,4,3,-99,5,-99,-99,-99,-99,-99,-99,-99,4,6,5,-99,-99
E12000004,East Midlands,E10000019,Lincolnshire,E07000136,Boston,E02005417,Leake & Butterwick,-99,-99,-99,-99,-99,-99,-99,-99,-99,3,5,9,-99,5,6,-99,-99,-99,-99,-99,-99,-99,-99,-99,-99,-99,-99,-99,-99,-99,-99,-99,-99,-99,-99,-99,-99
E12000004,East Midlands,E10000019,Lincolnshire,E07000136,Boston,E02005418,Fenside & Lister Way,-99,-99,-99,-99,-99,-99,-99,-99,3,-99,5,10,-99,6,8,5,12,5,14,4,3,-99,3,-99,-99,-99,-99,-99,-99,-99,-99,-99,-99,-99,-99,-99,-99
E12000004,East Midlands,E10000019,Lincolnshire,E07000136,Boston,E02005419,Boston Central & North,-99,-99,-99,-99,-99,-99,-99,-99,-99,-99,8,14,5,7,3,8,3,3,6,3,-99,-99,-99,-99,-99,-99,-99,-99,-99,-99,-99,-99,-99,-99,-99,4,4
E12000004,East Midlands,E10000019,Lincolnshire,E07000136,Boston,E02005420,Skirbeck,-99,-99,-99,-99,-99,-99,-99,-99,-99,3,9,7,7,8,-99,9,4,3,-99,9,-99,-99,-99,-99,3,-99,-99,-99,-99,-99,-99,-99,-99,-99,-99,4,4
E12000004,East Midlands,E10000019,Lincolnshire,E07000136,Boston,E02005422,"Swineshead, Bicker & Holland Fen",-99,-99,-99,-99,-99,-99,-99,-99,-99,-99,-99,-99,5,5,3,4,-99,-99,4,-99,-99,-99,-99,-99,-99,-99,-99,-99,-99,-99,-99,-99,-99,-99,-99,3,3
E12000004,East Midlands,E10000019,Lincolnshire,E07000136,Boston,E02005423,"Kirkton, Frampton & Algarkirk",-99,-99,-99,-99,-99,-99,-99,-99,-99,5,10,-99,9,4,7,5,26,5,4,3,-99,-99,-99,-99,-99,-99,-99,-99,-99,-99,-99,-99,-99,-99,3,3,3
E12000004,East Midlands,E10000019,Lincolnshire,E07000137,East Lindsey,E02005424,"Holton-le-Clay, Binbrook & Tetney",-99,-99,-99,-99,-99,-99,-99,-99,-99,-99,-99,-99,-99,-99,-99,3,-99,-99,-99,-99,-99,-99,-99,-99,-99,-99,-99,-99,-99,-99,-99,-99,-99,-99,-99,7,7
E12000004,East Midlands,E10000019,Lincolnshire,E07000137,East Lindsey,E02005425,"Marshchapel, Somercotes & Grimoldby",-99,-99,-99,-99,-99,-99,-99,-99,-99,-99,-99,-99,-99,-99,-99,-99,-99,-99,-99,-99,-99,-99,-99,-99,-99,-99,-99,-99,-99,-99,-99,-99,-99,-99,-99,5,5
E12000004,East Midlands,E10000019,Lincolnshire,E07000137,East Lindsey,E02005426,Louth North & East,-99,-99,-99,-99,-99,-99,-99,-99,-99,-99,-99,-99,-99,-99,-99,-99,-99,-99,-99,-99,-99,-99,-99,-99,-99,-99,-99,-99,-99,-99,-99,-99,3,-99,-99,3,3
E12000004,East Midlands,E10000019,Lincolnshire,E07000137,East Lindsey,E02005427,Louth Central & South,-99,-99,-99,-99,-99,-99,-99,-99,-99,-99,-99,-99,-99,-99,-99,-99,-99,-99,-99,-99,-99,-99,-99,-99,-99,-99,-99,-99,-99,-99,-99,-99,-99,-99,-99,-99,-99
E12000004,East Midlands,E10000019,Lincolnshire,E07000137,East Lindsey,E02005428,Mablethorpe,-99,-99,-99,-99,-99,-99,-99,-99,-99,3,-99,5,5,11,8,-99,-99,-99,-99,-99,-99,-99,-99,-99,-99,-99,-99,-99,-99,-99,-99,-99,-99,-99,-99,-99,-99
E12000004,East Midlands,E10000019,Lincolnshire,E07000137,East Lindsey,E02005429,Sutton-on-Sea,-99,-99,-99,-99,-99,-99,-99,-99,-99,3,-99,-99,-99,-99,-99,-99,-99,-99,-99,-99,-99,-99,-99,-99,-99,-99,-99,-99,-99,-99,-99,-99,3,-99,-99,-99,-99
E12000004,East Midlands,E10000019,Lincolnshire,E07000137,East Lindsey,E02005430,"Wragby, Roughton & Ludford",-99,-99,-99,-99,-99,-99,-99,-99,-99,-99,-99,-99,-99,-99,-99,-99,-99,-99,-99,-99,-99,-99,-99,-99,-99,-99,-99,-99,-99,-99,-99,-99,3,-99,-99,-99,-99
E12000004,East Midlands,E10000019,Lincolnshire,E07000137,East Lindsey,E02005431,"Alford, Withern & Willoughby",-99,-99,-99,-99,-99,-99,-99,-99,-99,-99,3,-99,-99,-99,-99,-99,-99,-99,-99,-99,-99,-99,-99,-99,-99,-99,-99,-99,-99,-99,-99,-99,-99,-99,-99,-99,-99
E12000004,East Midlands,E10000019,Lincolnshire,E07000137,East Lindsey,E02005432,Little Cawthorpe & South Wolds,-99,-99,-99,-99,-99,-99,-99,-99,-99,-99,-99,3,-99,-99,-99,-99,-99,-99,-99,-99,-99,-99,-99,-99,-99,-99,-99,-99,-99,-99,-99,-99,-99,-99,-99,-99,-99
E12000004,East Midlands,E10000019,Lincolnshire,E07000137,East Lindsey,E02005433,Ingoldmells & Chapel St Leonards,-99,-99,-99,-99,-99,-99,-99,-99,-99,-99,-99,-99,-99,-99,-99,-99,-99,-99,-99,-99,-99,-99,-99,-99,-99,-99,-99,-99,-99,-99,-99,-99,-99,-99,-99,6,6
E12000004,East Midlands,E10000019,Lincolnshire,E07000137,East Lindsey,E02005434,Horncastle,-99,-99,-99,-99,-99,-99,-99,-99,-99,3,3,-99,3,-99,-99,-99,-99,-99,-99,-99,-99,-99,-99,-99,-99,-99,-99,-99,-99,-99,-99,-99,-99,-99,-99,3,3
E12000004,East Midlands,E10000019,Lincolnshire,E07000137,East Lindsey,E02005435,Skegness North,-99,-99,-99,-99,-99,-99,-99,-99,-99,-99,3,5,3,-99,-99,-99,-99,-99,-99,-99,-99,-99,-99,-99,-99,-99,-99,-99,-99,-99,-99,-99,-99,-99,-99,-99,-99
E12000004,East Midlands,E10000019,Lincolnshire,E07000137,East Lindsey,E02005436,Spilsby & Burgh le Marsh,-99,-99,-99,-99,-99,-99,-99,-99,-99,-99,-99,4,-99,-99,-99,-99,-99,-99,-99,-99,-99,-99,-99,-99,-99,-99,-99,-99,-99,-99,-99,-99,-99,3,-99,-99,-99
E12000004,East Midlands,E10000019,Lincolnshire,E07000137,East Lindsey,E02005437,Skegness Town,-99,-99,-99,-99,-99,-99,-99,-99,-99,-99,3,-99,-99,-99,-99,-99,-99,-99,-99,-99,-99,-99,-99,-99,-99,-99,-99,-99,-99,-99,-99,-99,-99,-99,-99,-99,-99
E12000004,East Midlands,E10000019,Lincolnshire,E07000137,East Lindsey,E02005438,Skegness South,-99,-99,-99,-99,-99,-99,-99,-99,-99,-99,-99,-99,-99,-99,-99,-99,-99,-99,-99,-99,-99,-99,-99,-99,-99,-99,-99,-99,-99,-99,-99,-99,-99,-99,-99,-99,-99
E12000004,East Midlands,E10000019,Lincolnshire,E07000137,East Lindsey,E02005439,Coningsby & Woodhall Spa,-99,-99,-99,-99,-99,-99,-99,-99,-99,4,-99,3,3,-99,-99,-99,-99,-99,-99,-99,-99,-99,-99,-99,-99,3,-99,-99,-99,-99,-99,-99,-99,3,5,-99,-99
E12000004,East Midlands,E10000019,Lincolnshire,E07000137,East Lindsey,E02005440,Wainfleet All Saints,-99,-99,-99,-99,-99,-99,-99,-99,-99,3,3,3,-99,-99,-99,-99,-99,-99,-99,-99,-99,-99,-99,-99,-99,-99,-99,-99,-99,-99,-99,-99,-99,-99,-99,-99,-99
E12000004,East Midlands,E10000019,Lincolnshire,E07000137,East Lindsey,E02005441,"Mareham, Sibsey & New Leake",-99,-99,-99,-99,-99,-99,-99,-99,-99,4,4,5,-99,-99,-99,-99,-99,-99,-99,-99,-99,-99,-99,-99,-99,-99,-99,-99,-99,-99,-99,-99,-99,-99,-99,-99,-99
E12000004,East Midlands,E10000019,Lincolnshire,E07000138,Lincoln,E02005442,Ermine,-99,-99,-99,-99,-99,-99,-99,-99,-99,-99,-99,-99,-99,-99,-99,-99,-99,-99,-99,-99,-99,-99,-99,-99,-99,-99,5,-99,-99,-99,3,3,-99,4,3,4,4
E12000004,East Midlands,E10000019,Lincolnshire,E07000138,Lincoln,E02005443,Glebe Park,-99,-99,-99,-99,-99,-99,-99,-99,-99,3,-99,-99,5,-99,-99,-99,-99,-99,-99,-99,-99,-99,-99,-99,-99,-99,-99,-99,-99,-99,-99,-99,-99,-99,-99,5,5
E12000004,East Midlands,E10000019,Lincolnshire,E07000138,Lincoln,E02005444,Cathedral & West Common,-99,-99,-99,-99,-99,-99,-99,-99,3,3,6,8,8,12,-99,9,-99,-99,-99,-99,-99,-99,-99,-99,3,-99,-99,-99,-99,-99,-99,7,-99,4,6,17,17
E12000004,East Midlands,E10000019,Lincolnshire,E07000138,Lincoln,E02005445,"Monks Road, St Giles & Greetwell",-99,-99,-99,-99,-99,-99,-99,-99,-99,-99,6,3,-99,3,-99,3,-99,-99,-99,-99,-99,-99,-99,-99,-99,-99,-99,3,-99,-99,-99,10,-99,6,4,10,10
E12000004,East Midlands,E10000019,Lincolnshire,E07000138,Lincoln,E02005446,Wharf & University,-99,-99,-99,-99,-99,-99,-99,-99,-99,-99,3,-99,3,-99,-99,-99,-99,-99,-99,-99,-99,-99,-99,-99,-99,-99,-99,-99,-99,-99,-99,4,-99,3,3,9,9
E12000004,East Midlands,E10000019,Lincolnshire,E07000138,Lincoln,E02005447,Pelham Bridge & South Common,-99,-99,-99,-99,-99,-99,-99,-99,-99,-99,-99,-99,-99,-99,3,4,-99,11,-99,4,-99,-99,-99,-99,-99,-99,-99,3,4,5,-99,-99,-99,4,4,6,6
E12000004,East Midlands,E10000019,Lincolnshire,E07000138,Lincoln,E02005448,Birchwood West,-99,-99,-99,-99,-99,-99,-99,-99,-99,-99,3,-99,-99,3,-99,-99,-99,-99,-99,-99,-99,-99,-99,-99,-99,-99,-99,-99,-99,-99,-99,3,4,-99,6,3,3
E12000004,East Midlands,E10000019,Lincolnshire,E07000138,Lincoln,E02005449,Boultham & New Boultham,-99,-99,-99,-99,-99,-99,-99,-99,-99,-99,-99,-99,-99,4,-99,-99,-99,-99,-99,-99,-99,-99,-99,-99,-99,-99,-99,-99,-99,-99,-99,5,-99,-99,7,9,9
E12000004,East Midlands,E10000019,Lincolnshire,E07000138,Lincoln,E02005450,Hartsholme & Birchwood East,-99,-99,-99,-99,-99,-99,-99,-99,-99,4,-99,-99,3,-99,-99,-99,3,-99,-99,-99,5,-99,-99,-99,-99,-99,-99,-99,3,-99,-99,3,4,-99,4,-99,-99
E12000004,East Midlands,E10000019,Lincolnshire,E07000138,Lincoln,E02005451,Bracebridge North & Boultham Moor,-99,-99,-99,-99,-99,-99,-99,-99,-99,-99,-99,4,-99,-99,3,-99,-99,-99,-99,-99,-99,-99,-99,-99,-99,-99,-99,3,-99,-99,-99,5,-99,-99,-99,3,3
E12000004,East Midlands,E10000019,Lincolnshire,E07000138,Lincoln,E02005452,Bracebridge South & Swallow Beck,-99,-99,-99,-99,-99,-99,-99,-99,-99,-99,3,3,-99,8,-99,4,4,5,-99,-99,-99,3,-99,-99,-99,-99,-99,3,-99,-99,-99,-99,5,7,21,13,13
E12000004,East Midlands,E10000019,Lincolnshire,E07000139,North Kesteven,E02005453,Washingborough & Branston,-99,-99,-99,-99,-99,-99,-99,-99,-99,-99,-99,-99,-99,3,-99,-99,-99,-99,-99,-99,-99,-99,-99,-99,-99,-99,-99,-99,-99,-99,-99,-99,3,4,-99,3,3
E12000004,East Midlands,E10000019,Lincolnshire,E07000139,North Kesteven,E02005455,"Skellingthorpe, Witham & Bassingham",-99,-99,-99,-99,-99,-99,-99,-99,4,3,5,-99,4,-99,-99,-99,8,-99,-99,-99,-99,-99,-99,-99,-99,-99,-99,-99,-99,-99,-99,4,3,4,-99,11,11
E12000004,East Midlands,E10000019,Lincolnshire,E07000139,North Kesteven,E02005456,Bracebridge Heath & Waddington,-99,-99,-99,-99,-99,-99,-99,-99,4,5,-99,-99,-99,-99,-99,-99,-99,-99,-99,-99,-99,-99,-99,-99,-99,-99,-99,-99,-99,-99,-99,4,7,-99,7,13,13
E12000004,East Midlands,E10000019,Lincolnshire,E07000139,North Kesteven,E02005457,"Metheringham, Nocton & Potterhanworth",-99,-99,-99,-99,-99,-99,-99,-99,3,3,-99,-99,-99,-99,-99,3,-99,-99,-99,-99,-99,-99,-99,-99,-99,-99,-99,-99,-99,-99,-99,-99,-99,-99,3,-99,-99
E12000004,East Midlands,E10000019,Lincolnshire,E07000139,North Kesteven,E02005458,"Navenby, Harmston & Brant Broughton",-99,-99,-99,-99,-99,-99,-99,-99,4,-99,-99,-99,-99,-99,-99,-99,-99,-99,-99,-99,-99,-99,-99,-99,-99,-99,-99,-99,-99,-99,-99,4,-99,-99,-99,-99,-99
E12000004,East Midlands,E10000019,Lincolnshire,E07000139,North Kesteven,E02005459,Ruskington North & Billinghay,-99,-99,-99,-99,-99,-99,-99,-99,-99,3,-99,3,-99,3,-99,-99,-99,-99,-99,-99,-99,-99,-99,-99,-99,-99,-99,-99,-99,-99,-99,-99,-99,-99,4,-99,-99
E12000004,East Midlands,E10000019,Lincolnshire,E07000139,North Kesteven,E02005460,Ruskington West & Cranwell,-99,-99,-99,-99,-99,-99,-99,-99,-99,-99,-99,-99,-99,-99,-99,3,-99,-99,-99,-99,-99,-99,-99,-99,-99,-99,-99,-99,-99,-99,-99,-99,4,-99,4,4,4
E12000004,East Midlands,E10000019,Lincolnshire,E07000139,North Kesteven,E02005461,"Ruskington South, Leasingham & Osbournby",-99,-99,-99,-99,-99,-99,-99,-99,-99,7,-99,-99,-99,-99,-99,-99,-99,-99,-99,-99,-99,-99,-99,-99,-99,-99,-99,-99,-99,-99,-99,-99,-99,-99,-99,-99,-99
E12000004,East Midlands,E10000019,Lincolnshire,E07000139,North Kesteven,E02005462,Sleaford East,-99,-99,-99,-99,-99,-99,-99,-99,6,3,-99,-99,-99,-99,-99,-99,-99,-99,-99,-99,-99,-99,-99,-99,-99,-99,-99,-99,-99,-99,-99,3,-99,-99,3,7,7
E12000004,East Midlands,E10000019,Lincolnshire,E07000139,North Kesteven,E02005463,Sleaford West,-99,-99,-99,-99,-99,-99,-99,-99,-99,3,-99,3,-99,-99,-99,-99,-99,-99,-99,-99,-99,-99,-99,-99,-99,-99,-99,-99,-99,-99,-99,-99,-99,-99,4,4,4
E12000004,East Midlands,E10000019,Lincolnshire,E07000139,North Kesteven,E02005464,Heckington,-99,-99,-99,-99,-99,-99,-99,-99,-99,3,4,-99,-99,-99,-99,-99,-99,-99,-99,-99,-99,-99,-99,-99,-99,-99,-99,-99,-99,-99,-99,-99,-99,-99,5,4,4
E12000004,East Midlands,E10000019,Lincolnshire,E07000140,South Holland,E02005465,"Donington, Quadring & Gosberton",-99,-99,-99,-99,-99,-99,-99,-99,-99,5,3,-99,4,4,6,3,-99,5,-99,-99,-99,-99,-99,-99,-99,-99,-99,-99,-99,-99,-99,-99,-99,-99,-99,-99,-99
E12000004,East Midlands,E10000019,Lincolnshire,E07000140,South Holland,E02005466,"Long Sutton West, Gedney & Holbeach Hurn",-99,-99,-99,-99,-99,-99,-99,-99,3,-99,6,-99,-99,4,-99,-99,-99,-99,-99,-99,-99,-99,-99,-99,-99,-99,-99,-99,-99,-99,-99,-99,-99,-99,-99,5,5
E12000004,East Midlands,E10000019,Lincolnshire,E07000140,South Holland,E02005467,Holbeach,-99,-99,-99,-99,-99,-99,-99,-99,-99,-99,5,-99,3,7,4,7,-99,3,5,-99,-99,-99,-99,-99,-99,-99,-99,-99,-99,-99,-99,-99,-99,-99,-99,4,4
E12000004,East Midlands,E10000019,Lincolnshire,E07000140,South Holland,E02005468,"Moulton, Weston & Whaplode",-99,-99,-99,-99,-99,-99,-99,-99,-99,-99,-99,-99,-99,-99,-99,4,-99,-99,-99,4,-99,-99,-99,-99,-99,-99,-99,-99,-99,-99,-99,-99,-99,-99,-99,-99,-99
E12000004,East Midlands,E10000019,Lincolnshire,E07000140,South Holland,E02005469,Pinchbeck & Deeping St Nicholas,-99,-99,-99,-99,-99,-99,-99,-99,-99,3,-99,-99,-99,9,16,6,3,-99,3,-99,-99,-99,-99,-99,-99,-99,-99,-99,-99,-99,-99,-99,-99,-99,-99,-99,-99
E12000004,East Midlands,E10000019,Lincolnshire,E07000140,South Holland,E02005470,Spalding North,-99,-99,-99,-99,-99,-99,-99,-99,-99,4,-99,6,7,24,46,21,12,10,22,9,5,-99,-99,-99,-99,-99,-99,-99,-99,-99,-99,-99,7,-99,3,6,6
E12000004,East Midlands,E10000019,Lincolnshire,E07000140,South Holland,E02005471,Spalding East,-99,-99,-99,-99,-99,-99,-99,-99,-99,-99,-99,-99,-99,13,34,16,5,16,7,4,-99,-99,3,-99,-99,-99,-99,-99,-99,-99,-99,-99,-99,-99,-99,3,3
E12000004,East Midlands,E10000019,Lincolnshire,E07000140,South Holland,E02005472,Long Sutton East & Sutton Bridge,-99,-99,-99,-99,-99,-99,-99,-99,-99,-99,3,6,12,6,-99,-99,6,-99,-99,3,-99,-99,-99,3,-99,-99,-99,-99,-99,-99,-99,-99,3,-99,-99,-99,-99
E12000004,East Midlands,E10000019,Lincolnshire,E07000140,South Holland,E02005473,Spalding South West,-99,-99,-99,-99,-99,-99,-99,-99,-99,-99,3,-99,7,25,42,47,11,5,10,5,3,-99,-99,-99,-99,-99,-99,-99,-99,-99,-99,-99,-99,-99,-99,-99,-99
E12000004,East Midlands,E10000019,Lincolnshire,E07000140,South Holland,E02005474,Fleet Hargate & Holbeach St Johns,-99,-99,-99,-99,-99,-99,-99,-99,-99,-99,-99,-99,6,-99,-99,-99,-99,-99,-99,-99,-99,-99,-99,-99,-99,-99,-99,-99,-99,-99,-99,-99,-99,-99,3,4,4
E12000004,East Midlands,E10000019,Lincolnshire,E07000140,South Holland,E02005475,Crowland & Cowbit,-99,-99,-99,-99,-99,-99,-99,-99,-99,-99,-99,-99,6,6,5,4,3,3,-99,-99,-99,-99,-99,-99,-99,-99,-99,-99,-99,-99,-99,-99,-99,-99,-99,-99,-99
E12000004,East Midlands,E10000019,Lincolnshire,E07000141,South Kesteven,E02005476,"Ancaster, Caythorpe & Claypole",-99,-99,-99,-99,-99,-99,-99,-99,-99,-99,-99,-99,-99,-99,-99,-99,-99,-99,-99,-99,-99,-99,-99,-99,-99,-99,-99,3,-99,-99,-99,-99,6,4,-99,4,4
E12000004,East Midlands,E10000019,Lincolnshire,E07000141,South Kesteven,E02005477,"Long Bennington, Allington & Barrowby",-99,-99,-99,-99,-99,-99,3,-99,-99,3,-99,-99,-99,-99,-99,-99,-99,-99,-99,-99,-99,-99,-99,-99,-99,-99,-99,-99,-99,-99,-99,-99,-99,4,-99,17,17
E12000004,East Midlands,E10000019,Lincolnshire,E07000141,South Kesteven,E02005478,Grantham North East,-99,-99,-99,-99,-99,-99,-99,-99,-99,-99,-99,-99,-99,-99,-99,-99,-99,-99,-99,-99,-99,-99,-99,-99,-99,-99,-99,-99,-99,-99,-99,-99,-99,-99,6,4,4
E12000004,East Midlands,E10000019,Lincolnshire,E07000141,South Kesteven,E02005479,Grantham North West,-99,-99,-99,-99,-99,-99,-99,-99,-99,6,4,3,-99,-99,5,-99,-99,-99,-99,4,-99,-99,-99,-99,-99,4,-99,-99,-99,-99,-99,4,-99,5,4,8,8
E12000004,East Midlands,E10000019,Lincolnshire,E07000141,South Kesteven,E02005480,Grantham South West,-99,-99,-99,-99,-99,-99,-99,-99,-99,-99,-99,-99,-99,-99,-99,-99,3,-99,-99,-99,-99,-99,-99,-99,-99,-99,-99,-99,-99,-99,-99,-99,-99,-99,-99,13,13
E12000004,East Midlands,E10000019,Lincolnshire,E07000141,South Kesteven,E02005481,Grantham South East,-99,-99,-99,-99,-99,-99,-99,-99,-99,5,-99,-99,3,-99,-99,-99,-99,-99,-99,4,-99,-99,-99,-99,-99,-99,-99,-99,-99,-99,-99,3,3,-99,-99,13,13
E12000004,East Midlands,E10000019,Lincolnshire,E07000141,South Kesteven,E02005482,"Corby Glen, Ropsley & Grantham Outskirts",-99,-99,-99,-99,-99,-99,-99,-99,4,4,-99,-99,-99,-99,-99,-99,-99,-99,-99,-99,-99,-99,-99,-99,-99,-99,-99,-99,-99,-99,-99,-99,-99,-99,-99,11,11
E12000004,East Midlands,E10000019,Lincolnshire,E07000141,South Kesteven,E02005483,Morton & Billingborough,-99,-99,-99,-99,-99,-99,-99,-99,-99,-99,-99,5,-99,3,-99,-99,3,-99,-99,3,-99,-99,-99,-99,-99,-99,-99,-99,-99,-99,-99,-99,6,-99,-99,3,3
E12000004,East Midlands,E10000019,Lincolnshire,E07000141,South Kesteven,E02005484,"Harlaxton, Colsterworth & South Witham",-99,-99,-99,-99,-99,-99,-99,-99,-99,-99,3,-99,-99,-99,-99,-99,-99,-99,-99,-99,-99,-99,-99,-99,-99,-99,-99,-99,-99,-99,-99,-99,-99,-99,-99,6,6
E12000004,East Midlands,E10000019,Lincolnshire,E07000141,South Kesteven,E02005485,Bourne West,-99,-99,-99,-99,-99,-99,-99,-99,-99,-99,7,6,7,11,4,4,6,4,-99,-99,-99,-99,-99,-99,-99,-99,-99,-99,-99,-99,-99,-99,7,-99,3,-99,-99
E12000004,East Midlands,E10000019,Lincolnshire,E07000141,South Kesteven,E02005486,Bourne East,-99,-99,-99,-99,-99,-99,-99,-99,-99,5,4,5,3,3,9,11,9,-99,-99,-99,-99,-99,4,-99,-99,-99,-99,-99,3,-99,-99,-99,-99,-99,-99,-99,-99
E12000004,East Midlands,E10000019,Lincolnshire,E07000141,South Kesteven,E02005487,"Langtoft, Thurlby & Uffington",-99,-99,-99,-99,-99,-99,-99,-99,-99,-99,-99,-99,-99,4,-99,3,-99,-99,-99,-99,-99,-99,-99,-99,-99,-99,-99,-99,-99,-99,-99,-99,-99,-99,-99,4,4
E12000004,East Midlands,E10000019,Lincolnshire,E07000141,South Kesteven,E02005488,Market Deeping,-99,-99,-99,-99,-99,-99,-99,-99,-99,-99,-99,-99,-99,5,7,5,11,4,-99,-99,-99,-99,-99,-99,-99,-99,-99,-99,-99,-99,-99,-99,-99,4,-99,5,5
E12000004,East Midlands,E10000019,Lincolnshire,E07000141,South Kesteven,E02005489,Deeping St James & Frognall,-99,-99,-99,-99,-99,-99,-99,-99,-99,-99,-99,-99,-99,5,13,3,4,-99,-99,-99,-99,-99,-99,-99,-99,-99,-99,-99,-99,-99,-99,-99,-99,-99,3,-99,-99
E12000004,East Midlands,E10000019,Lincolnshire,E07000141,South Kesteven,E02005490,Stamford North,-99,-99,-99,-99,-99,-99,-99,-99,-99,3,3,-99,-99,-99,-99,4,3,3,-99,-99,-99,-99,-99,-99,3,-99,-99,-99,-99,-99,-99,4,-99,-99,-99,5,5
E12000004,East Midlands,E10000019,Lincolnshire,E07000141,South Kesteven,E02005491,"Stamford Central, West and South",-99,-99,-99,-99,-99,-99,-99,-99,-99,-99,-99,-99,-99,-99,5,-99,-99,-99,-99,-99,-99,-99,-99,-99,-99,-99,-99,-99,-99,-99,3,-99,-99,-99,11,3,3
E12000004,East Midlands,E10000019,Lincolnshire,E07000142,West Lindsey,E02005492,"Caistor, Kelsey & Keelby",-99,-99,-99,-99,-99,-99,-99,-99,-99,-99,4,-99,4,-99,-99,-99,-99,-99,-99,-99,-99,-99,-99,-99,-99,-99,-99,-99,-99,-99,-99,-99,-99,3,-99,-99,-99
E12000004,East Midlands,E10000019,Lincolnshire,E07000142,West Lindsey,E02005493,"Morton, Blyton & Scotter",-99,-99,-99,-99,-99,-99,-99,-99,-99,3,-99,4,5,-99,-99,-99,-99,-99,-99,-99,-99,-99,-99,-99,-99,-99,-99,-99,-99,-99,-99,-99,4,3,4,7,7
E12000004,East Midlands,E10000019,Lincolnshire,E07000142,West Lindsey,E02005494,Market Rasen & Brookenby,-99,-99,-99,-99,-99,-99,-99,-99,-99,-99,-99,-99,3,-99,-99,-99,-99,-99,-99,-99,-99,-99,-99,-99,-99,-99,-99,-99,-99,-99,-99,-99,-99,-99,-99,4,4
E12000004,East Midlands,E10000019,Lincolnshire,E07000142,West Lindsey,E02005495,Gainsborough West,-99,-99,-99,-99,-99,-99,-99,-99,3,-99,-99,-99,-99,-99,3,-99,-99,-99,-99,-99,-99,-99,-99,-99,-99,-99,-99,-99,-99,-99,-99,-99,-99,4,3,20,20
E12000004,East Midlands,E10000019,Lincolnshire,E07000142,West Lindsey,E02005496,Hemswell & Spital,-99,-99,-99,-99,-99,-99,-99,-99,-99,-99,-99,-99,-99,-99,-99,-99,-99,-99,-99,-99,-99,-99,-99,-99,-99,-99,-99,-99,-99,-99,-99,-99,-99,3,-99,10,10
E12000004,East Midlands,E10000019,Lincolnshire,E07000142,West Lindsey,E02005497,Gainsborough East,-99,-99,-99,-99,-99,-99,-99,-99,-99,-99,-99,-99,-99,3,-99,-99,3,-99,3,-99,-99,-99,-99,-99,-99,-99,-99,-99,-99,-99,-99,-99,-99,3,-99,-99,-99
E12000004,East Midlands,E10000019,Lincolnshire,E07000142,West Lindsey,E02005498,Torksey & Stow,-99,-99,-99,-99,-99,-99,-99,-99,-99,-99,-99,-99,-99,-99,-99,-99,-99,-99,-99,-99,-99,-99,-99,-99,-99,-99,-99,-99,-99,-99,-99,-99,-99,-99,-99,6,6
E12000004,East Midlands,E10000019,Lincolnshire,E07000142,West Lindsey,E02005499,Dunholme & Welton,-99,-99,-99,-99,-99,-99,-99,-99,-99,3,-99,-99,-99,4,-99,-99,-99,-99,-99,-99,-99,-99,-99,-99,-99,-99,-99,-99,-99,-99,-99,-99,-99,-99,4,13,13
E12000004,East Midlands,E10000019,Lincolnshire,E07000142,West Lindsey,E02005500,Saxilby & Scampton,-99,-99,-99,-99,-99,-99,-99,-99,-99,-99,-99,-99,-99,4,-99,-99,-99,-99,-99,-99,-99,-99,-99,-99,-99,-99,-99,-99,-99,-99,-99,3,-99,7,-99,5,5
E12000004,East Midlands,E10000019,Lincolnshire,E07000142,West Lindsey,E02005501,"Nettleham, Sudbrooke & Scothern",-99,-99,-99,-99,-99,-99,-99,-99,-99,-99,-99,-99,-99,-99,-99,-99,-99,-99,-99,-99,-99,-99,-99,-99,-99,-99,-99,-99,-99,-99,-99,3,4,-99,-99,3,3
E12000004,East Midlands,E10000019,Lincolnshire,E07000142,West Lindsey,E02005502,Cherry Willingham & Bardney,-99,-99,-99,-99,-99,-99,-99,-99,-99,-99,-99,8,-99,-99,6,-99,-99,-99,-99,-99,-99,-99,-99,-99,-99,-99,-99,-99,-99,-99,-99,-99,9,-99,3,27,27
E12000006,East of England,E10000020,Norfolk,E07000143,Breckland,E02005503,"Bawdeswell, Swanton Morley & North Elmham",-99,-99,-99,-99,-99,-99,-99,-99,-99,-99,-99,-99,-99,-99,-99,-99,-99,-99,-99,-99,-99,-99,-99,-99,-99,-99,-99,-99,-99,-99,-99,-99,-99,3,-99,-99,-99
E12000006,East of England,E10000020,Norfolk,E07000143,Breckland,E02005504,"Whissonsett, Litcham & Narborough",-99,-99,-99,-99,-99,-99,-99,-99,-99,-99,-99,-99,-99,4,-99,-99,-99,-99,-99,-99,-99,-99,-99,-99,-99,-99,-99,-99,-99,-99,-99,-99,-99,-99,-99,7,7
E12000006,East of England,E10000020,Norfolk,E07000143,Breckland,E02005505,Dereham North & Neatherd,-99,-99,-99,-99,-99,-99,-99,-99,-99,-99,5,4,9,7,-99,3,-99,-99,-99,3,-99,-99,-99,-99,-99,-99,-99,-99,-99,-99,-99,-99,-99,-99,-99,-99,-99
E12000006,East of England,E10000020,Norfolk,E07000143,Breckland,E02005506,"Dereham West, Necton & Gressenhall",-99,-99,-99,-99,-99,-99,-99,-99,-99,3,-99,-99,3,6,4,-99,-99,-99,-99,-99,-99,-99,-99,-99,-99,-99,-99,-99,-99,-99,-99,-99,-99,-99,-99,-99,-99
E12000006,East of England,E10000020,Norfolk,E07000143,Breckland,E02005507,Dereham Central & Toftwood,-99,-99,-99,-99,-99,-99,-99,-99,-99,-99,-99,13,7,-99,5,3,-99,-99,-99,-99,-99,-99,-99,-99,-99,-99,-99,-99,-99,-99,-99,4,-99,-99,-99,-99,-99
E12000006,East of England,E10000020,Norfolk,E07000143,Breckland,E02005508,"Hockering, Mattishall & Cranworth",-99,-99,-99,-99,-99,-99,-99,-99,-99,-99,5,5,-99,5,-99,-99,-99,-99,-99,-99,-99,-99,-99,-99,-99,-99,-99,-99,-99,-99,-99,-99,-99,-99,-99,-99,-99
E12000006,East of England,E10000020,Norfolk,E07000143,Breckland,E02005509,Swaffham,-99,-99,-99,-99,-99,-99,-99,-99,-99,9,4,11,16,11,7,14,-99,-99,-99,-99,-99,-99,-99,-99,-99,-99,-99,-99,-99,-99,-99,-99,-99,-99,-99,3,3
E12000006,East of England,E10000020,Norfolk,E07000143,Breckland,E02005510,"Shipdham, Bradenham & Saham Toney",-99,-99,-99,-99,-99,-99,-99,-99,-99,5,-99,-99,-99,-99,3,-99,-99,-99,-99,-99,-99,-99,-99,-99,-99,-99,-99,-99,-99,-99,-99,-99,-99,-99,-99,4,4
E12000006,East of England,E10000020,Norfolk,E07000143,Breckland,E02005511,Watton,-99,-99,-99,-99,-99,-99,-99,-99,-99,3,-99,-99,-99,4,-99,-99,-99,-99,-99,-99,-99,-99,-99,-99,-99,-99,-99,-99,-99,-99,3,-99,-99,-99,-99,-99,-99
E12000006,East of England,E10000020,Norfolk,E07000143,Breckland,E02005512,"Wayland, Ellingham & Great Hockham",-99,-99,-99,-99,-99,-99,-99,-99,3,-99,3,-99,-99,4,-99,13,-99,3,-99,-99,-99,-99,-99,-99,-99,-99,-99,-99,-99,-99,-99,-99,-99,-99,-99,3,3
E12000006,East of England,E10000020,Norfolk,E07000143,Breckland,E02005513,Attleborough,-99,-99,-99,-99,-99,-99,-99,-99,-99,-99,3,-99,-99,3,7,7,3,-99,-99,-99,-99,-99,-99,-99,-99,-99,-99,-99,-99,-99,29,4,5,3,-99,-99,-99
E12000006,East of England,E10000020,Norfolk,E07000143,Breckland,E02005514,"Mundford, Weeting & Forest",-99,-99,-99,-99,-99,-99,-99,-99,-99,-99,-99,5,-99,7,5,-99,-99,-99,-99,-99,-99,-99,-99,-99,-99,-99,-99,-99,-99,-99,-99,-99,-99,-99,-99,-99,-99
E12000006,East of England,E10000020,Norfolk,E07000143,Breckland,E02005515,Buckenhams & Snetterton,-99,-99,-99,-99,-99,-99,-99,-99,-99,3,5,4,-99,-99,3,-99,-99,-99,-99,-99,-99,-99,-99,-99,-99,-99,-99,-99,-99,-99,4,-99,5,-99,-99,-99,-99
E12000006,East of England,E10000020,Norfolk,E07000143,Breckland,E02005516,"East Harling, Garboldisham & Kenninghall",-99,-99,-99,-99,-99,-99,-99,-99,-99,-99,-99,-99,-99,-99,-99,-99,-99,-99,-99,-99,-99,-99,-99,-99,-99,-99,-99,-99,-99,-99,-99,-99,-99,-99,-99,-99,-99
E12000006,East of England,E10000020,Norfolk,E07000143,Breckland,E02005517,Thetford North,-99,-99,-99,-99,-99,-99,-99,-99,-99,-99,-99,-99,-99,-99,-99,-99,-99,-99,-99,-99,-99,-99,-99,-99,-99,-99,-99,-99,-99,-99,-99,-99,-99,-99,-99,3,3
E12000006,East of England,E10000020,Norfolk,E07000143,Breckland,E02005518,Thetford Central & East,-99,-99,-99,-99,-99,-99,-99,-99,3,-99,-99,-99,5,6,-99,-99,-99,3,-99,-99,-99,-99,-99,-99,-99,-99,-99,-99,-99,-99,-99,-99,3,-99,-99,-99,-99
E12000006,East of England,E10000020,Norfolk,E07000143,Breckland,E02005519,Thetford South,-99,-99,-99,-99,-99,-99,-99,-99,-99,-99,3,-99,-99,7,-99,-99,5,-99,-99,-99,-99,-99,-99,-99,-99,-99,-99,-99,-99,-99,5,-99,-99,-99,-99,-99,-99
E12000006,East of England,E10000020,Norfolk,E07000144,Broadland,E02005520,Aylsham,-99,-99,-99,-99,-99,-99,-99,-99,-99,-99,-99,-99,-99,3,4,-99,-99,-99,-99,-99,-99,-99,-99,-99,-99,-99,-99,-99,-99,-99,-99,-99,-99,3,-99,4,4
E12000006,East of England,E10000020,Norfolk,E07000144,Broadland,E02005521,"Reepham, Cawston & Lenwade",-99,-99,-99,-99,-99,-99,-99,-99,-99,-99,4,5,-99,-99,-99,-99,4,-99,-99,-99,-99,-99,-99,-99,-99,-99,-99,-99,-99,-99,-99,-99,3,-99,-99,3,3
E12000006,East of England,E10000020,Norfolk,E07000144,Broadland,E02005522,"Coltishall, Buxton & Frettenham",-99,-99,-99,-99,-99,-99,-99,-99,-99,-99,-99,-99,-99,4,16,-99,-99,-99,-99,-99,-99,-99,-99,-99,-99,-99,-99,-99,-99,-99,-99,4,-99,-99,-99,-99,-99
E12000006,East of England,E10000020,Norfolk,E07000144,Broadland,E02005523,"Horsford, Hainford & Hevingham",-99,-99,-99,-99,-99,-99,-99,-99,-99,-99,3,-99,-99,-99,-99,3,-99,-99,-99,-99,-99,-99,-99,-99,-99,-99,-99,-99,-99,-99,-99,-99,-99,-99,-99,-99,-99
E12000006,East of England,E10000020,Norfolk,E07000144,Broadland,E02005524,Spixworth & St Faiths,-99,-99,-99,-99,-99,-99,-99,-99,-99,-99,-99,-99,-99,4,3,3,-99,-99,-99,-99,-99,-99,-99,-99,-99,-99,-99,-99,-99,-99,-99,-99,-99,-99,-99,4,4
E12000006,East of England,E10000020,Norfolk,E07000144,Broadland,E02005525,Taverham,-99,-99,-99,-99,-99,-99,-99,-99,-99,4,3,-99,-99,4,4,-99,6,-99,-99,16,7,-99,-99,-99,-99,-99,-99,-99,-99,-99,-99,-99,-99,-99,-99,-99,-99
E12000006,East of England,E10000020,Norfolk,E07000144,Broadland,E02005526,Drayton & Thorpe Marriott,-99,-99,-99,-99,-99,-99,-99,-99,-99,-99,-99,3,-99,-99,14,5,4,-99,-99,-99,-99,-99,-99,-99,-99,-99,-99,-99,-99,-99,-99,-99,-99,-99,-99,-99,-99
E12000006,East of England,E10000020,Norfolk,E07000144,Broadland,E02005527,"Wroxham, Rackheath & the Plumsteads",-99,-99,-99,-99,-99,-99,-99,-99,-99,-99,5,3,6,13,-99,-99,-99,-99,-99,-99,-99,-99,-99,-99,-99,-99,-99,-99,-99,-99,-99,-99,-99,-99,-99,3,3
E12000006,East of England,E10000020,Norfolk,E07000144,Broadland,E02005528,Old Catton,-99,-99,-99,-99,-99,-99,-99,-99,-99,3,4,3,3,3,-99,-99,-99,-99,-99,-99,-99,-99,-99,-99,-99,-99,-99,-99,-99,-99,-99,-99,-99,-99,-99,-99,-99
E12000006,East of England,E10000020,Norfolk,E07000144,Broadland,E02005529,Hellesdon North West,-99,-99,-99,-99,-99,-99,-99,-99,-99,-99,-99,-99,-99,-99,-99,-99,-99,-99,-99,-99,-99,-99,-99,-99,-99,-99,-99,-99,-99,-99,-99,-99,-99,-99,-99,4,4
E12000006,East of England,E10000020,Norfolk,E07000144,Broadland,E02005530,Hellesdon South East,-99,-99,-99,-99,-99,-99,-99,-99,-99,-99,-99,-99,-99,4,-99,-99,-99,-99,-99,-99,-99,-99,-99,-99,-99,-99,-99,-99,-99,-99,3,-99,-99,-99,-99,-99,-99
E12000006,East of England,E10000020,Norfolk,E07000144,Broadland,E02005531,Sprowston Central,-99,-99,-99,-99,-99,-99,-99,-99,-99,-99,-99,-99,5,-99,3,-99,-99,-99,4,-99,-99,-99,-99,-99,-99,-99,-99,-99,-99,-99,-99,-99,-99,-99,-99,-99,-99
E12000006,East of England,E10000020,Norfolk,E07000144,Broadland,E02005532,Sprowston East,-99,-99,-99,-99,-99,-99,-99,-99,-99,-99,-99,-99,-99,-99,-99,-99,-99,-99,-99,-99,4,-99,-99,-99,-99,-99,-99,-99,-99,-99,-99,-99,-99,-99,-99,-99,-99
E12000006,East of England,E10000020,Norfolk,E07000144,Broadland,E02005533,"Blofield, Lingwood & Upton",-99,-99,-99,-99,-99,-99,-99,-99,-99,4,-99,3,6,5,5,5,4,-99,-99,-99,-99,-99,-99,-99,-99,-99,-99,-99,-99,-99,-99,-99,-99,-99,-99,3,3
E12000006,East of England,E10000020,Norfolk,E07000144,Broadland,E02005534,Thorpe St Andrew North,-99,-99,-99,-99,-99,-99,-99,-99,-99,-99,4,-99,4,-99,-99,-99,-99,-99,-99,-99,-99,-99,-99,-99,-99,-99,-99,-99,-99,-99,-99,-99,-99,-99,-99,-99,-99
E12000006,East of England,E10000020,Norfolk,E07000144,Broadland,E02005535,Thorpe St Andrew South & Dussindale,-99,-99,-99,-99,-99,-99,-99,-99,-99,-99,-99,3,-99,7,12,3,5,-99,4,-99,-99,-99,-99,-99,-99,-99,-99,5,-99,-99,-99,-99,-99,-99,-99,-99,-99
E12000006,East of England,E10000020,Norfolk,E07000144,Broadland,E02005536,Brundall & Cantley,-99,-99,-99,-99,-99,-99,-99,-99,-99,3,-99,-99,-99,-99,3,5,-99,-99,-99,-99,-99,-99,-99,-99,-99,-99,-99,-99,-99,-99,-99,-99,-99,-99,-99,-99,-99
E12000006,East of England,E10000020,Norfolk,E07000144,Broadland,E02005537,Acle & Reedham,-99,-99,-99,-99,-99,-99,-99,-99,4,-99,-99,-99,-99,-99,-99,3,-99,-99,-99,-99,-99,-99,-99,-99,-99,-99,-99,-99,-99,-99,-99,-99,-99,-99,3,-99,-99
E12000006,East of England,E10000020,Norfolk,E07000145,Great Yarmouth,E02005538,Hemsby & Ormesby,-99,-99,-99,-99,-99,-99,-99,-99,4,-99,3,3,-99,-99,-99,-99,3,-99,-99,-99,-99,-99,-99,-99,-99,-99,-99,-99,-99,-99,-99,-99,-99,4,4,4,4
E12000006,East of England,E10000020,Norfolk,E07000145,Great Yarmouth,E02005539,"Fleggburgh, Rollesby & Martham",-99,-99,-99,-99,-99,-99,-99,-99,3,5,3,-99,-99,-99,-99,-99,18,4,-99,-99,-99,-99,-99,-99,-99,-99,-99,-99,-99,-99,-99,-99,-99,-99,-99,3,3
E12000006,East of England,E10000020,Norfolk,E07000145,Great Yarmouth,E02005540,Caister on Sea,-99,-99,-99,-99,-99,-99,-99,-99,-99,-99,8,3,-99,-99,-99,-99,-99,-99,-99,-99,-99,-99,-99,-99,-99,-99,-99,3,-99,-99,-99,-99,-99,-99,4,10,10
E12000006,East of England,E10000020,Norfolk,E07000145,Great Yarmouth,E02005541,Yarmouth North,-99,-99,-99,-99,-99,-99,-99,-99,4,-99,-99,4,3,-99,4,-99,-99,-99,-99,-99,-99,-99,-99,-99,-99,-99,-99,-99,-99,-99,3,3,-99,-99,5,8,8
E12000006,East of England,E10000020,Norfolk,E07000145,Great Yarmouth,E02005542,Yarmouth Central & Northgate,-99,-99,-99,-99,-99,-99,-99,-99,-99,-99,-99,-99,-99,3,-99,-99,-99,-99,-99,-99,-99,-99,-99,-99,-99,-99,-99,-99,-99,-99,7,4,-99,-99,13,15,15
E12000006,East of England,E10000020,Norfolk,E07000145,Great Yarmouth,E02005543,Yarmouth Parade,-99,-99,-99,-99,-99,-99,-99,-99,3,-99,-99,-99,-99,-99,-99,-99,-99,3,-99,-99,-99,-99,-99,-99,-99,-99,-99,-99,-99,-99,16,5,5,-99,20,14,14
E12000006,East of England,E10000020,Norfolk,E07000145,Great Yarmouth,E02005544,Southtown & Cobholm,-99,-99,-99,-99,-99,-99,-99,-99,-99,-99,-99,-99,-99,-99,-99,-99,5,-99,-99,-99,-99,-99,-99,-99,-99,-99,-99,-99,-99,-99,7,-99,-99,-99,9,4,4
E12000006,East of England,E10000020,Norfolk,E07000145,Great Yarmouth,E02005545,Bradwell North,-99,-99,-99,-99,-99,-99,-99,-99,-99,4,3,4,-99,-99,-99,-99,-99,-99,-99,-99,-99,-99,-99,-99,-99,-99,3,5,-99,-99,-99,-99,-99,-99,3,-99,-99
E12000006,East of England,E10000020,Norfolk,E07000145,Great Yarmouth,E02005546,Gorleston North,-99,-99,-99,-99,-99,-99,-99,-99,-99,-99,4,3,-99,-99,-99,-99,-99,-99,-99,-99,-99,-99,-99,-99,-99,-99,-99,-99,-99,-99,-99,-99,-99,-99,-99,4,4
E12000006,East of England,E10000020,Norfolk,E07000145,Great Yarmouth,E02005547,Gorleston South & Beach,-99,-99,-99,-99,-99,-99,-99,-99,3,3,16,11,-99,-99,-99,6,3,-99,-99,-99,-99,-99,-99,-99,-99,-99,-99,-99,-99,-99,-99,-99,-99,-99,-99,-99,-99
E12000006,East of England,E10000020,Norfolk,E07000145,Great Yarmouth,E02005548,Gorleston West,-99,-99,-99,-99,-99,-99,-99,-99,-99,3,18,13,-99,3,-99,3,7,-99,-99,-99,-99,-99,-99,-99,-99,-99,-99,-99,-99,-99,-99,-99,4,5,-99,10,10
E12000006,East of England,E10000020,Norfolk,E07000145,Great Yarmouth,E02005549,Belton,-99,-99,-99,-99,-99,-99,-99,-99,-99,5,-99,3,-99,-99,4,-99,-99,-99,-99,-99,-99,-99,-99,-99,-99,-99,-99,-99,-99,-99,-99,-99,-99,-99,-99,3,3
E12000006,East of England,E10000020,Norfolk,E07000145,Great Yarmouth,E02005550,Bradwell South & Hopton,-99,-99,-99,-99,-99,-99,-99,-99,5,-99,5,-99,-99,-99,5,-99,-99,-99,-99,-99,-99,-99,-99,-99,-99,-99,-99,-99,-99,-99,-99,-99,-99,-99,-99,4,4
E12000006,East of England,E10000020,Norfolk,E07000146,King's Lynn and West Norfolk,E02005551,Hunstanton,-99,-99,-99,-99,-99,-99,-99,-99,-99,-99,-99,6,-99,3,-99,-99,-99,-99,8,-99,-99,-99,-99,-99,-99,-99,-99,-99,-99,-99,-99,-99,-99,-99,-99,-99,-99
E12000006,East of England,E10000020,Norfolk,E07000146,King's Lynn and West Norfolk,E02005552,"Brancaster, Burnham Market & Docking",-99,-99,-99,-99,-99,-99,-99,-99,-99,-99,-99,-99,3,-99,-99,-99,-99,-99,-99,-99,-99,-99,-99,-99,-99,-99,-99,-99,-99,-99,-99,-99,-99,-99,-99,-99,-99
E12000006,East of England,E10000020,Norfolk,E07000146,King's Lynn and West Norfolk,E02005553,Heacham & Snettisham,-99,-99,-99,-99,-99,-99,-99,-99,-99,3,4,5,6,29,4,-99,3,-99,-99,-99,-99,-99,-99,-99,-99,-99,-99,-99,-99,-99,-99,-99,-99,-99,-99,4,4
E12000006,East of England,E10000020,Norfolk,E07000146,King's Lynn and West Norfolk,E02005554,"Dersingham, Sandringham & Massingham",-99,-99,-99,-99,-99,-99,-99,-99,-99,4,-99,3,-99,6,-99,-99,-99,-99,-99,-99,-99,-99,-99,-99,-99,-99,-99,-99,-99,-99,-99,-99,-99,-99,-99,3,3
E12000006,East of England,E10000020,Norfolk,E07000146,King's Lynn and West Norfolk,E02005555,Wootton,-99,-99,-99,-99,-99,-99,-99,-99,-99,-99,5,8,15,8,-99,4,-99,-99,-99,-99,-99,-99,-99,-99,-99,-99,-99,-99,-99,-99,-99,-99,-99,-99,-99,4,4
E12000006,East of England,E10000020,Norfolk,E07000146,King's Lynn and West Norfolk,E02005556,Gaywood North Bank,-99,-99,-99,-99,-99,-99,-99,-99,-99,3,9,21,6,14,14,3,-99,-99,-99,-99,-99,-99,-99,-99,-99,-99,-99,-99,-99,-99,-99,-99,-99,-99,3,3,3
E12000006,East of England,E10000020,Norfolk,E07000146,King's Lynn and West Norfolk,E02005557,North Lynn,-99,-99,-99,-99,-99,-99,-99,-99,-99,-99,5,-99,5,5,3,-99,-99,-99,-99,-99,-99,-99,-99,-99,-99,-99,-99,-99,-99,-99,-99,-99,-99,-99,-99,-99,-99
E12000006,East of England,E10000020,Norfolk,E07000146,King's Lynn and West Norfolk,E02005558,Terrington & Clenchwarton,-99,-99,-99,-99,-99,-99,-99,-99,-99,-99,5,7,11,11,-99,-99,-99,-99,-99,3,-99,-99,-99,-99,-99,-99,-99,-99,-99,-99,-99,-99,-99,3,-99,-99,-99
E12000006,East of England,E10000020,Norfolk,E07000146,King's Lynn and West Norfolk,E02005559,Gaywood Chase & Old Gaywood,-99,-99,-99,-99,-99,-99,-99,-99,5,-99,4,13,6,10,10,3,-99,-99,5,-99,-99,-99,-99,-99,-99,-99,-99,-99,-99,-99,-99,-99,-99,-99,-99,-99,-99
E12000006,East of England,E10000020,Norfolk,E07000146,King's Lynn and West Norfolk,E02005560,Fairstead & Springwood,-99,-99,-99,-99,-99,-99,-99,-99,-99,8,51,54,27,21,19,-99,8,-99,-99,-99,-99,-99,-99,-99,-99,-99,-99,-99,-99,-99,-99,-99,-99,-99,-99,-99,-99
E12000006,East of England,E10000020,Norfolk,E07000146,King's Lynn and West Norfolk,E02005561,"Town, South Lynn & West Lynn",-99,-99,-99,-99,-99,-99,-99,-99,-99,6,8,8,9,3,11,6,-99,-99,-99,-99,5,-99,-99,-99,-99,-99,-99,-99,-99,-99,-99,-99,-99,-99,-99,-99,-99
E12000006,East of England,E10000020,Norfolk,E07000146,King's Lynn and West Norfolk,E02005562,"Grimston, Gayton & East Winch",-99,-99,-99,-99,-99,-99,-99,-99,-99,-99,3,9,5,3,4,-99,-99,-99,-99,-99,-99,-99,-99,-99,-99,-99,-99,-99,-99,-99,-99,-99,-99,-99,-99,-99,-99
E12000006,East of England,E10000020,Norfolk,E07000146,King's Lynn and West Norfolk,E02005563,"Marshland, Walpole & Walton",-99,-99,-99,-99,-99,-99,-99,-99,-99,-99,6,-99,5,6,-99,3,-99,-99,-99,-99,-99,-99,-99,-99,-99,-99,-99,-99,-99,-99,-99,-99,-99,-99,-99,3,3
E12000006,East of England,E10000020,Norfolk,E07000146,King's Lynn and West Norfolk,E02005564,"West Winch, Marham & Shouldham",-99,-99,-99,-99,-99,-99,-99,-99,-99,-99,6,4,6,3,7,-99,4,-99,-99,-99,-99,-99,-99,-99,-99,-99,-99,-99,-99,-99,-99,-99,-99,-99,-99,-99,-99
E12000006,East of England,E10000020,Norfolk,E07000146,King's Lynn and West Norfolk,E02005565,"Watlington, Wiggenhall & Terrington St John",-99,-99,-99,-99,-99,-99,-99,-99,-99,-99,-99,3,5,4,3,-99,-99,-99,-99,-99,-99,-99,-99,-99,-99,-99,-99,-99,-99,-99,-99,-99,-99,-99,-99,9,9
E12000006,East of England,E10000020,Norfolk,E07000146,King's Lynn and West Norfolk,E02005566,"Upwell, Delph & Emneth",-99,-99,-99,-99,-99,-99,-99,-99,3,-99,-99,3,5,9,4,-99,-99,-99,-99,-99,-99,-99,-99,-99,-99,-99,-99,-99,-99,-99,-99,-99,-99,-99,-99,3,3
E12000006,East of England,E10000020,Norfolk,E07000146,King's Lynn and West Norfolk,E02005567,Downham Market,-99,-99,-99,-99,-99,-99,-99,-99,5,3,7,6,11,5,4,3,-99,-99,-99,-99,-99,-99,-99,-99,-99,-99,-99,-99,-99,-99,-99,-99,3,5,-99,3,3
E12000006,East of England,E10000020,Norfolk,E07000146,King's Lynn and West Norfolk,E02005568,"Stoke Ferry, Hilgay & Wimbotsham",-99,-99,-99,-99,-99,-99,-99,-99,-99,4,-99,-99,5,3,-99,-99,-99,-99,-99,-99,-99,-99,-99,-99,-99,-99,-99,-99,-99,-99,-99,-99,-99,-99,-99,-99,-99
E12000006,East of England,E10000020,Norfolk,E07000146,King's Lynn and West Norfolk,E02005569,"Southery, Feltwell & Hockwold",-99,-99,-99,-99,-99,-99,-99,-99,-99,3,-99,-99,5,6,-99,4,-99,-99,-99,-99,-99,-99,-99,-99,-99,-99,-99,-99,-99,-99,-99,-99,-99,-99,-99,4,4
E12000006,East of England,E10000020,Norfolk,E07000147,North Norfolk,E02005570,Sheringham,-99,-99,-99,-99,-99,-99,-99,-99,-99,-99,-99,4,-99,-99,-99,-99,-99,-99,-99,-99,-99,-99,-99,-99,-99,-99,-99,-99,-99,-99,-99,-99,-99,-99,-99,-99,-99
E12000006,East of England,E10000020,Norfolk,E07000147,North Norfolk,E02005571,Wells & Blakeney,-99,-99,-99,-99,-99,-99,-99,-99,-99,-99,-99,-99,-99,-99,-99,-99,-99,-99,-99,-99,-99,-99,-99,-99,-99,-99,-99,-99,-99,-99,-99,-99,-99,-99,3,-99,-99
E12000006,East of England,E10000020,Norfolk,E07000147,North Norfolk,E02005572,Cromer,-99,-99,-99,-99,-99,-99,-99,-99,-99,3,4,3,20,-99,11,3,-99,-99,-99,-99,-99,-99,-99,-99,-99,-99,-99,-99,-99,-99,-99,-99,-99,-99,-99,-99,-99
E12000006,East of England,E10000020,Norfolk,E07000147,North Norfolk,E02005573,Holt & Weybourne,-99,-99,-99,-99,-99,-99,-99,-99,-99,-99,-99,-99,-99,-99,-99,-99,-99,-99,-99,-99,-99,-99,-99,-99,-99,-99,-99,-99,-99,-99,-99,-99,-99,-99,-99,-99,-99
E12000006,East of England,E10000020,Norfolk,E07000147,North Norfolk,E02005574,"Overstrand, Roughton & the Runtons",-99,-99,-99,-99,-99,-99,-99,-99,-99,-99,-99,-99,-99,-99,-99,23,-99,-99,-99,-99,-99,-99,-99,-99,-99,-99,-99,-99,-99,-99,-99,-99,-99,-99,-99,-99,-99
E12000006,East of England,E10000020,Norfolk,E07000147,North Norfolk,E02005575,"Beeston Regis, Saxthorpe & Aldborough",-99,-99,-99,-99,-99,-99,-99,-99,-99,-99,-99,-99,-99,-99,-99,-99,-99,-99,-99,-99,-99,-99,-99,-99,-99,-99,-99,-99,-99,-99,-99,-99,-99,-99,-99,3,3
E12000006,East of England,E10000020,Norfolk,E07000147,North Norfolk,E02005576,"Mundesley, Trunch & Bacton",-99,-99,-99,-99,-99,-99,-99,-99,-99,-99,-99,-99,-99,-99,3,-99,-99,-99,-99,-99,-99,-99,-99,-99,-99,-99,-99,-99,-99,-99,-99,-99,-99,-99,-99,-99,-99
E12000006,East of England,E10000020,Norfolk,E07000147,North Norfolk,E02005577,"Melton Constable, Briston & Little Snoring",-99,-99,-99,-99,-99,-99,-99,-99,-99,-99,-99,-99,-99,-99,-99,-99,-99,-99,-99,-99,-99,-99,-99,-99,-99,-99,-99,-99,-99,-99,-99,-99,-99,-99,-99,-99,-99
E12000006,East of England,E10000020,Norfolk,E07000147,North Norfolk,E02005578,Walsingham & Raynham,-99,-99,-99,-99,-99,-99,-99,-99,-99,-99,-99,-99,-99,3,-99,-99,-99,-99,-99,-99,-99,-99,-99,-99,-99,-99,-99,-99,-99,-99,-99,-99,-99,-99,-99,-99,-99
E12000006,East of England,E10000020,Norfolk,E07000147,North Norfolk,E02005579,North Walsham,-99,-99,-99,-99,-99,-99,-99,-99,-99,-99,4,-99,5,4,4,-99,6,-99,-99,-99,-99,-99,-99,-99,-99,-99,-99,-99,-99,-99,-99,-99,-99,-99,-99,-99,-99
E12000006,East of England,E10000020,Norfolk,E07000147,North Norfolk,E02005580,Fakenham,-99,-99,-99,-99,-99,-99,-99,-99,-99,-99,-99,3,-99,-99,-99,-99,-99,-99,-99,-99,-99,-99,-99,-99,-99,-99,-99,-99,-99,-99,-99,-99,-99,-99,-99,-99,-99
E12000006,East of England,E10000020,Norfolk,E07000147,North Norfolk,E02005581,"Felmingham, Worstead & Happisburgh",-99,-99,-99,-99,-99,-99,-99,-99,-99,-99,-99,-99,-99,-99,-99,-99,3,-99,-99,-99,-99,-99,-99,-99,-99,-99,-99,-99,-99,-99,-99,-99,-99,-99,-99,3,3
E12000006,East of England,E10000020,Norfolk,E07000147,North Norfolk,E02005582,Stalham & Sea Palling,-99,-99,-99,-99,-99,-99,-99,-99,-99,-99,-99,-99,-99,-99,-99,-99,-99,-99,-99,-99,-99,-99,-99,-99,-99,-99,-99,-99,-99,-99,-99,-99,-99,-99,-99,-99,-99
E12000006,East of England,E10000020,Norfolk,E07000147,North Norfolk,E02005583,"Hoveton, Horning & Potter Heigham",-99,-99,-99,-99,-99,-99,-99,-99,-99,-99,-99,-99,-99,-99,3,-99,-99,-99,-99,-99,-99,-99,-99,-99,-99,-99,-99,-99,-99,-99,-99,-99,-99,-99,-99,-99,-99
E12000006,East of England,E10000020,Norfolk,E07000148,Norwich,E02005584,Catton Grove & Airport,-99,-99,-99,-99,-99,-99,-99,-99,-99,4,-99,4,-99,5,-99,-99,-99,-99,-99,-99,-99,-99,-99,-99,-99,-99,-99,-99,-99,-99,3,-99,-99,-99,-99,4,4
E12000006,East of England,E10000020,Norfolk,E07000148,Norwich,E02005585,Mile Cross,-99,-99,-99,-99,-99,-99,-99,-99,-99,-99,-99,-99,-99,5,-99,-99,-99,-99,-99,-99,-99,-99,-99,-99,-99,-99,-99,-99,-99,-99,-99,4,-99,-99,-99,3,3
E12000006,East of England,E10000020,Norfolk,E07000148,Norwich,E02005586,New Catton & Mousehold North,-99,-99,-99,-99,-99,-99,-99,-99,-99,-99,-99,-99,4,3,4,-99,-99,-99,-99,-99,-99,-99,-99,-99,-99,-99,-99,-99,-99,-99,-99,-99,-99,-99,-99,3,3
E12000006,East of England,E10000020,Norfolk,E07000148,Norwich,E02005587,Heartsease & Pilling Park,-99,-99,-99,-99,-99,-99,-99,-99,-99,3,-99,-99,-99,-99,-99,-99,-99,-99,-99,-99,-99,-99,-99,-99,-99,-99,-99,-99,-99,-99,-99,-99,-99,-99,-99,3,3
E12000006,East of England,E10000020,Norfolk,E07000148,Norwich,E02005588,Bowthorpe & West Earlham,-99,-99,-99,-99,-99,-99,-99,-99,-99,6,13,-99,10,18,3,4,3,-99,-99,-99,-99,-99,-99,-99,-99,-99,-99,-99,-99,-99,-99,-99,-99,-99,-99,5,5
E12000006,East of England,E10000020,Norfolk,E07000148,Norwich,E02005589,Earlham,-99,-99,-99,-99,-99,-99,-99,-99,-99,7,5,-99,-99,7,-99,-99,-99,-99,-99,-99,-99,-99,-99,-99,-99,-99,-99,-99,-99,-99,4,3,3,3,-99,-99,-99
E12000006,East of England,E10000020,Norfolk,E07000148,Norwich,E02005590,City Centre West,-99,-99,-99,-99,-99,-99,-99,-99,-99,-99,4,4,8,3,-99,-99,-99,3,-99,-99,-99,-99,-99,-99,-99,-99,-99,-99,-99,-99,7,3,3,-99,3,-99,-99
E12000006,East of England,E10000020,Norfolk,E07000148,Norwich,E02005592,Earlham Road & College Road,-99,-99,-99,-99,-99,-99,-99,-99,-99,-99,3,-99,-99,3,-99,-99,-99,-99,-99,-99,-99,-99,-99,-99,-99,-99,-99,-99,-99,-99,-99,-99,-99,-99,-99,6,6
E12000006,East of England,E10000020,Norfolk,E07000148,Norwich,E02005593,University & Avenues,-99,-99,-99,-99,-99,-99,-99,-99,-99,-99,-99,3,5,3,5,-99,3,-99,4,-99,-99,-99,-99,-99,-99,3,-99,-99,-99,-99,5,5,-99,-99,-99,29,29
E12000006,East of England,E10000020,Norfolk,E07000148,Norwich,E02005594,Town Close,-99,-99,-99,-99,-99,-99,-99,-99,-99,-99,-99,-99,3,-99,-99,-99,-99,-99,-99,-99,-99,-99,-99,-99,-99,-99,-99,-99,-99,-99,-99,-99,-99,4,-99,-99,-99
E12000006,East of England,E10000020,Norfolk,E07000148,Norwich,E02005595,Eaton,-99,-99,-99,-99,-99,-99,-99,-99,-99,-99,-99,-99,-99,6,-99,-99,-99,-99,-99,-99,-99,-99,-99,-99,-99,-99,-99,-99,-99,-99,-99,-99,-99,-99,-99,-99,-99
E12000006,East of England,E10000020,Norfolk,E07000148,Norwich,E02005596,Lakenham & Tuckswood,-99,-99,-99,-99,-99,-99,-99,-99,-99,-99,-99,-99,3,-99,-99,-99,-99,-99,-99,-99,3,-99,-99,-99,-99,-99,-99,-99,-99,-99,-99,-99,-99,-99,-99,3,3
E12000006,East of England,E10000020,Norfolk,E07000149,South Norfolk,E02005597,Costessey & Queens Hills,-99,-99,-99,-99,-99,-99,-99,-99,-99,3,6,6,10,6,4,-99,-99,-99,-99,-99,-99,-99,-99,-99,-99,-99,-99,-99,-99,-99,5,-99,-99,-99,-99,6,6
E12000006,East of England,E10000020,Norfolk,E07000149,South Norfolk,E02005598,"Cringleford, Little Melton & Easton",-99,-99,-99,-99,-99,-99,-99,-99,-99,4,4,10,-99,-99,-99,-99,-99,-99,-99,-99,-99,-99,-99,-99,-99,-99,-99,-99,-99,-99,-99,-99,-99,-99,3,5,5
E12000006,East of England,E10000020,Norfolk,E07000149,South Norfolk,E02005599,Hethersett,-99,-99,-99,-99,-99,-99,-99,-99,-99,-99,-99,-99,-99,-99,-99,-99,-99,-99,-99,-99,-99,-99,-99,-99,-99,-99,-99,-99,-99,-99,-99,-99,-99,-99,-99,-99,-99
E12000006,East of England,E10000020,Norfolk,E07000149,South Norfolk,E02005600,"Hingham, Morley & Barnham Broom",-99,-99,-99,-99,-99,-99,-99,-99,-99,3,-99,-99,-99,-99,-99,-99,-99,-99,-99,-99,-99,-99,-99,-99,-99,-99,-99,-99,-99,-99,3,-99,-99,-99,-99,3,3
E12000006,East of England,E10000020,Norfolk,E07000149,South Norfolk,E02005601,Wymondham West,-99,-99,-99,-99,-99,-99,-99,-99,-99,3,-99,-99,-99,-99,-99,-99,-99,-99,-99,-99,-99,-99,-99,-99,-99,-99,-99,-99,-99,-99,-99,-99,-99,-99,-99,-99,-99
E12000006,East of England,E10000020,Norfolk,E07000149,South Norfolk,E02005602,"Trowse, Poringland & Stoke Holy Cross",-99,-99,-99,-99,-99,-99,-99,-99,-99,-99,4,6,10,5,4,-99,-99,-99,-99,-99,-99,-99,-99,-99,-99,-99,-99,-99,-99,-99,-99,-99,-99,-99,3,3,3
E12000006,East of England,E10000020,Norfolk,E07000149,South Norfolk,E02005603,Wymondham East & Spooner Row,-99,-99,-99,-99,-99,-99,-99,-99,-99,4,5,-99,4,5,-99,-99,-99,-99,-99,-99,-99,-99,-99,-99,-99,-99,-99,-99,-99,-99,-99,-99,-99,-99,3,3,3
E12000006,East of England,E10000020,Norfolk,E07000149,South Norfolk,E02005604,"Loddon, Surlingham & Alpington",-99,-99,-99,-99,-99,-99,-99,-99,-99,-99,-99,-99,3,-99,-99,-99,-99,-99,-99,-99,-99,-99,-99,-99,-99,-99,-99,-99,-99,-99,-99,-99,-99,-99,-99,-99,-99
E12000006,East of England,E10000020,Norfolk,E07000149,South Norfolk,E02005605,"Mulbarton, Tasburgh & Saxlingham Nethergate",-99,-99,-99,-99,-99,-99,-99,-99,-99,-99,-99,-99,5,-99,-99,-99,-99,-99,-99,-99,-99,-99,-99,-99,-99,-99,-99,-99,-99,-99,-99,-99,-99,-99,3,-99,-99
E12000006,East of England,E10000020,Norfolk,E07000149,South Norfolk,E02005606,"Thurlton, Haddiscoe & Geldeston",-99,-99,-99,-99,-99,-99,-99,-99,-99,-99,-99,-99,-99,-99,-99,-99,-99,-99,-99,-99,-99,-99,-99,-99,-99,-99,-99,-99,-99,-99,-99,-99,-99,-99,-99,4,4
E12000006,East of England,E10000020,Norfolk,E07000149,South Norfolk,E02005607,"Long Stratton, Carlton Rode & Tibenham",-99,-99,-99,-99,-99,-99,-99,-99,-99,-99,-99,3,-99,3,5,-99,-99,-99,-99,-99,-99,-99,-99,-99,-99,-99,-99,-99,-99,-99,-99,-99,4,-99,9,4,4
E12000006,East of England,E10000020,Norfolk,E07000149,South Norfolk,E02005608,"Hempnall, Ditchingham & Wortwell",-99,-99,-99,-99,-99,-99,-99,-99,-99,3,-99,3,8,25,3,4,-99,-99,-99,-99,-99,-99,-99,-99,-99,-99,-99,-99,-99,-99,-99,-99,-99,-99,-99,-99,-99
E12000006,East of England,E10000020,Norfolk,E07000149,South Norfolk,E02005609,Harleston & Pulham,-99,-99,-99,-99,-99,-99,-99,-99,3,-99,-99,-99,3,-99,-99,-99,-99,-99,-99,-99,-99,-99,-99,-99,-99,-99,-99,-99,-99,-99,-99,-99,-99,-99,-99,-99,-99
E12000006,East of England,E10000020,Norfolk,E07000149,South Norfolk,E02005610,"Scole, Dickleburgh & Bressingham",-99,-99,-99,-99,-99,-99,-99,-99,3,-99,-99,-99,3,6,-99,3,-99,-99,-99,-99,-99,-99,-99,-99,-99,-99,-99,-99,-99,-99,-99,-99,-99,-99,-99,3,3
E12000006,East of England,E10000020,Norfolk,E07000149,South Norfolk,E02005611,Diss & Roydon,-99,-99,-99,-99,-99,-99,-99,-99,-99,-99,-99,-99,5,13,5,-99,-99,-99,-99,-99,-99,-99,-99,-99,-99,-99,-99,-99,-99,-99,-99,3,-99,-99,-99,-99,-99
E12000004,East Midlands,E10000021,Northamptonshire,E07000150,Corby,E02005612,"Rowlett, Gretton & Cottingham",-99,-99,-99,-99,-99,-99,-99,-99,-99,-99,-99,-99,-99,-99,4,5,4,-99,-99,-99,-99,-99,-99,-99,-99,-99,-99,-99,4,-99,5,3,-99,-99,-99,6,6
E12000004,East Midlands,E10000021,Northamptonshire,E07000150,Corby,E02005613,Corby North,-99,-99,-99,-99,-99,-99,-99,-99,-99,5,-99,3,-99,3,10,9,4,4,-99,-99,-99,-99,-99,-99,-99,-99,-99,-99,-99,-99,6,-99,5,5,-99,5,5
E12000004,East Midlands,E10000021,Northamptonshire,E07000150,Corby,E02005614,Corby Village & Weldon,-99,-99,-99,-99,-99,-99,-99,-99,-99,6,4,7,5,12,5,3,8,4,-99,-99,-99,-99,-99,3,-99,-99,3,3,-99,-99,13,12,11,4,4,-99,-99
E12000004,East Midlands,E10000021,Northamptonshire,E07000150,Corby,E02005615,Corby Lodge Park,-99,-99,-99,-99,-99,-99,-99,-99,-99,3,-99,-99,3,6,8,9,5,7,-99,3,-99,-99,-99,-99,4,-99,-99,-99,-99,-99,-99,7,-99,5,4,4,4
E12000004,East Midlands,E10000021,Northamptonshire,E07000150,Corby,E02005616,Corby Town,-99,-99,-99,-99,-99,-99,-99,-99,-99,-99,-99,-99,-99,3,7,5,-99,-99,-99,-99,-99,-99,-99,-99,-99,-99,-99,3,-99,-99,-99,4,-99,-99,-99,3,3
E12000004,East Midlands,E10000021,Northamptonshire,E07000150,Corby,E02005617,Corby Kingswood,-99,-99,-99,-99,-99,-99,-99,-99,4,-99,-99,3,-99,4,6,6,7,3,-99,-99,-99,-99,-99,-99,-99,-99,-99,3,-99,-99,3,5,8,-99,11,6,6
E12000004,East Midlands,E10000021,Northamptonshire,E07000151,Daventry,E02005619,"Clipston, Naseby & Yelvertoft",-99,-99,-99,-99,-99,-99,-99,-99,-99,-99,-99,-99,-99,-99,-99,-99,-99,-99,-99,-99,-99,-99,-99,-99,-99,-99,-99,-99,-99,-99,-99,-99,-99,-99,4,7,7
E12000004,East Midlands,E10000021,Northamptonshire,E07000151,Daventry,E02005620,Broxworth & Spratton,-99,-99,-99,-99,-99,-99,-99,-99,3,3,4,5,-99,-99,-99,3,-99,3,3,-99,3,-99,-99,-99,-99,-99,-99,-99,-99,-99,-99,-99,-99,-99,-99,3,3
E12000004,East Midlands,E10000021,Northamptonshire,E07000151,Daventry,E02005621,Braunston & Crick,-99,-99,-99,-99,-99,-99,-99,-99,3,5,-99,-99,5,3,-99,-99,-99,4,-99,3,-99,-99,-99,-99,-99,-99,3,-99,-99,-99,-99,-99,3,-99,-99,3,3
E12000004,East Midlands,E10000021,Northamptonshire,E07000151,Daventry,E02005622,Long Buckby East & Ravensthorpe,-99,-99,-99,-99,-99,-99,-99,-99,-99,-99,-99,-99,-99,-99,-99,4,-99,3,-99,4,4,-99,5,-99,-99,-99,-99,-99,3,-99,-99,-99,-99,-99,-99,6,6
E12000004,East Midlands,E10000021,Northamptonshire,E07000151,Daventry,E02005623,Walgrave & Moulton,-99,-99,-99,-99,-99,-99,-99,-99,-99,5,-99,-99,5,-99,-99,3,-99,5,-99,4,3,-99,-99,-99,4,-99,-99,-99,-99,-99,-99,-99,3,-99,-99,3,3
E12000004,East Midlands,E10000021,Northamptonshire,E07000151,Daventry,E02005624,Daventry North,-99,-99,-99,-99,-99,-99,-99,-99,-99,-99,-99,-99,-99,-99,-99,3,-99,3,3,-99,3,-99,-99,-99,-99,-99,-99,-99,3,-99,3,-99,-99,-99,3,6,6
E12000004,East Midlands,E10000021,Northamptonshire,E07000151,Daventry,E02005625,Daventry Central,-99,-99,-99,-99,-99,-99,-99,-99,-99,7,-99,3,-99,4,-99,-99,3,3,-99,-99,-99,5,-99,-99,-99,-99,-99,-99,-99,-99,-99,3,-99,-99,3,4,4
E12000004,East Midlands,E10000021,Northamptonshire,E07000151,Daventry,E02005626,Daventry South & Southbrook,-99,-99,-99,-99,-99,-99,-99,-99,3,-99,-99,-99,-99,-99,3,3,3,-99,-99,-99,-99,-99,-99,-99,-99,-99,-99,-99,-99,-99,-99,-99,-99,-99,3,4,4
E12000004,East Midlands,E10000021,Northamptonshire,E07000151,Daventry,E02005627,Long Buckby West & Weedon,-99,-99,-99,-99,-99,-99,-99,-99,3,5,-99,-99,-99,-99,-99,-99,-99,-99,-99,-99,-99,-99,-99,-99,-99,-99,-99,-99,-99,-99,-99,-99,-99,-99,-99,8,8
E12000004,East Midlands,E10000021,Northamptonshire,E07000151,Daventry,E02005628,"Woodforth Halse, Byfield & Staverton",-99,-99,-99,-99,-99,-99,-99,3,-99,-99,-99,-99,-99,-99,-99,-99,-99,-99,-99,-99,-99,-99,-99,-99,-99,-99,-99,-99,-99,-99,-99,-99,-99,-99,3,4,4
E12000004,East Midlands,E10000021,Northamptonshire,E07000152,East Northamptonshire,E02005629,"King's Cliffe, Woodnewton & Easton",-99,-99,-99,-99,-99,-99,-99,-99,-99,-99,-99,-99,-99,3,-99,-99,4,-99,-99,-99,-99,-99,-99,-99,-99,-99,-99,-99,-99,-99,-99,-99,-99,-99,-99,5,5
E12000004,East Midlands,E10000021,Northamptonshire,E07000152,East Northamptonshire,E02005630,"Oundle, Warmington & Titchmarsh",-99,-99,-99,-99,-99,-99,-99,-99,-99,-99,-99,-99,5,5,-99,-99,-99,-99,-99,-99,-99,-99,-99,-99,-99,-99,-99,4,-99,3,-99,-99,6,-99,-99,11,11
E12000004,East Midlands,E10000021,Northamptonshire,E07000152,East Northamptonshire,E02005631,Thrapston & Brigstock,-99,-99,-99,-99,-99,-99,-99,-99,-99,4,5,-99,3,-99,-99,7,7,3,-99,3,-99,-99,-99,-99,-99,-99,-99,-99,-99,-99,-99,-99,-99,-99,4,7,7
E12000004,East Midlands,E10000021,Northamptonshire,E07000152,East Northamptonshire,E02005632,"Ringstead, Woodford & Stanwick",-99,-99,-99,-99,-99,-99,-99,-99,-99,8,3,-99,3,-99,-99,-99,-99,-99,12,-99,-99,-99,-99,-99,-99,-99,3,-99,-99,-99,-99,-99,-99,-99,-99,5,5
E12000004,East Midlands,E10000021,Northamptonshire,E07000152,East Northamptonshire,E02005633,Raunds,-99,-99,-99,-99,-99,-99,-99,-99,-99,6,-99,3,6,-99,3,8,5,4,-99,-99,-99,4,-99,-99,-99,-99,-99,-99,-99,-99,3,7,-99,3,-99,7,7
E12000004,East Midlands,E10000021,Northamptonshire,E07000152,East Northamptonshire,E02005634,Irthlingborough,-99,-99,-99,-99,-99,-99,-99,-99,3,3,-99,3,6,4,4,5,-99,-99,7,-99,-99,-99,-99,4,-99,-99,-99,-99,-99,-99,-99,-99,-99,-99,4,-99,-99
E12000004,East Midlands,E10000021,Northamptonshire,E07000152,East Northamptonshire,E02005635,Higham Ferrers,-99,-99,-99,-99,-99,-99,-99,-99,4,4,-99,5,6,9,4,7,-99,3,-99,-99,-99,-99,-99,-99,-99,-99,-99,-99,-99,-99,-99,-99,-99,-99,-99,13,13
E12000004,East Midlands,E10000021,Northamptonshire,E07000152,East Northamptonshire,E02005636,Rushden West & North,-99,-99,-99,-99,-99,-99,-99,-99,5,5,5,-99,-99,7,3,-99,6,3,3,-99,-99,-99,-99,4,3,-99,-99,3,-99,-99,6,3,-99,3,-99,8,8
E12000004,East Midlands,E10000021,Northamptonshire,E07000152,East Northamptonshire,E02005637,Rushden East,-99,-99,-99,-99,-99,-99,-99,-99,-99,-99,-99,-99,-99,4,5,3,5,5,-99,-99,-99,-99,-99,-99,-99,-99,-99,-99,-99,-99,-99,6,4,-99,-99,7,7
E12000004,East Midlands,E10000021,Northamptonshire,E07000152,East Northamptonshire,E02005638,Rushden South,-99,-99,-99,-99,-99,-99,-99,-99,3,3,-99,-99,-99,-99,4,3,3,4,-99,-99,6,3,-99,-99,-99,-99,3,-99,-99,-99,-99,-99,-99,-99,-99,11,11
E12000004,East Midlands,E10000021,Northamptonshire,E07000153,Kettering,E02005639,"Geddington, Rushton & Stoke Albany",-99,-99,-99,-99,-99,-99,-99,-99,-99,4,-99,-99,4,3,-99,3,-99,-99,-99,-99,-99,-99,-99,-99,-99,-99,-99,-99,-99,-99,-99,3,3,4,-99,4,4
E12000004,East Midlands,E10000021,Northamptonshire,E07000153,Kettering,E02005640,Desborough,-99,-99,-99,-99,-99,-99,-99,-99,-99,7,-99,-99,-99,6,11,7,7,-99,-99,4,14,4,10,-99,3,-99,-99,-99,-99,-99,-99,-99,6,-99,3,14,14
E12000004,East Midlands,E10000021,Northamptonshire,E07000153,Kettering,E02005641,Rothwell,-99,-99,-99,-99,-99,-99,-99,-99,-99,3,-99,-99,3,-99,5,-99,4,5,-99,3,-99,3,-99,-99,-99,-99,-99,-99,-99,-99,-99,-99,-99,-99,-99,-99,-99
E12000004,East Midlands,E10000021,Northamptonshire,E07000153,Kettering,E02005642,Kettering Brambleside,-99,-99,-99,-99,-99,-99,-99,-99,-99,6,-99,-99,-99,3,5,5,3,4,-99,-99,-99,-99,-99,-99,-99,-99,-99,-99,-99,-99,-99,-99,4,3,9,8,8
E12000004,East Midlands,E10000021,Northamptonshire,E07000153,Kettering,E02005643,Kettering Avondale Grange,-99,-99,-99,-99,-99,-99,-99,-99,-99,5,-99,-99,-99,6,5,-99,9,3,-99,-99,-99,-99,-99,-99,-99,-99,-99,3,-99,-99,-99,5,4,-99,-99,-99,-99
E12000004,East Midlands,E10000021,Northamptonshire,E07000153,Kettering,E02005644,Kettering Central East,-99,-99,-99,-99,-99,-99,-99,-99,-99,6,-99,-99,-99,4,9,-99,11,5,-99,6,-99,-99,-99,3,-99,3,-99,-99,5,3,-99,-99,3,-99,-99,4,4
E12000004,East Midlands,E10000021,Northamptonshire,E07000153,Kettering,E02005645,Kettering Town & West,-99,-99,-99,-99,-99,-99,-99,-99,3,17,6,9,5,6,6,45,16,9,4,3,3,-99,-99,11,-99,3,-99,-99,3,-99,5,5,-99,3,-99,8,8
E12000004,East Midlands,E10000021,Northamptonshire,E07000153,Kettering,E02005646,Kettering East,-99,-99,-99,-99,-99,-99,-99,-99,-99,5,-99,5,-99,3,6,6,-99,-99,3,-99,-99,-99,-99,3,-99,-99,-99,-99,-99,-99,-99,-99,-99,-99,-99,-99,-99
E12000004,East Midlands,E10000021,Northamptonshire,E07000153,Kettering,E02005647,Kettering South,-99,-99,-99,-99,-99,-99,-99,-99,-99,3,-99,-99,3,3,-99,3,4,-99,-99,-99,-99,-99,-99,-99,4,-99,-99,-99,-99,-99,-99,-99,4,-99,3,5,5
E12000004,East Midlands,E10000021,Northamptonshire,E07000153,Kettering,E02005648,Barton Seagrave,-99,-99,-99,-99,-99,-99,-99,3,5,3,-99,-99,-99,-99,6,4,3,4,-99,5,-99,-99,-99,-99,3,-99,-99,-99,-99,7,16,5,3,-99,-99,9,9
E12000004,East Midlands,E10000021,Northamptonshire,E07000153,Kettering,E02005649,"Burton Latimer, Broughton & Mawsley",-99,-99,-99,-99,-99,-99,-99,-99,-99,3,3,5,3,3,7,9,7,9,3,-99,-99,-99,-99,-99,-99,-99,-99,-99,3,11,9,5,7,-99,-99,8,8
E12000004,East Midlands,E10000021,Northamptonshire,E07000154,Northampton,E02005650,Boughton,-99,-99,-99,-99,-99,-99,-99,-99,-99,-99,-99,-99,-99,-99,3,4,5,-99,-99,3,3,-99,-99,-99,-99,-99,3,-99,5,5,-99,-99,-99,-99,-99,3,3
E12000004,East Midlands,E10000021,Northamptonshire,E07000154,Northampton,E02005651,Moulton,-99,-99,-99,-99,-99,-99,-99,-99,4,-99,4,4,-99,4,5,3,-99,3,-99,-99,-99,-99,-99,-99,3,-99,6,7,25,-99,-99,-99,5,-99,-99,-99,-99
E12000004,East Midlands,E10000021,Northamptonshire,E07000154,Northampton,E02005652,Sunnyside,-99,-99,-99,-99,-99,-99,-99,-99,-99,5,3,-99,-99,3,-99,6,4,4,3,-99,-99,-99,3,-99,-99,-99,-99,-99,-99,3,4,8,-99,-99,-99,5,5
E12000004,East Midlands,E10000021,Northamptonshire,E07000154,Northampton,E02005653,Thorplands & Round Spinney,-99,-99,-99,-99,-99,-99,-99,-99,-99,6,3,5,3,3,-99,-99,-99,-99,8,-99,4,-99,-99,-99,4,-99,3,6,28,4,3,-99,-99,4,-99,-99,-99
E12000004,East Midlands,E10000021,Northamptonshire,E07000154,Northampton,E02005654,Overstone Lodge & Rectory Farm,-99,-99,-99,-99,-99,-99,-99,-99,-99,-99,3,-99,-99,3,-99,4,4,-99,-99,-99,-99,-99,-99,-99,-99,-99,-99,-99,8,3,-99,-99,7,-99,4,4,4
E12000004,East Midlands,E10000021,Northamptonshire,E07000154,Northampton,E02005655,Boothville & Spinney Hill,-99,-99,-99,-99,-99,-99,-99,-99,3,-99,-99,-99,-99,4,-99,-99,-99,-99,3,-99,-99,-99,-99,-99,-99,-99,-99,-99,11,4,-99,-99,-99,-99,-99,3,3
E12000004,East Midlands,E10000021,Northamptonshire,E07000154,Northampton,E02005656,Blackthorn & Lings,-99,-99,-99,-99,-99,-99,-99,-99,-99,-99,-99,-99,-99,-99,-99,-99,-99,-99,-99,4,-99,-99,-99,-99,3,-99,7,3,16,-99,-99,6,5,-99,-99,4,4
E12000004,East Midlands,E10000021,Northamptonshire,E07000154,Northampton,E02005657,Kingsthorpe,-99,-99,-99,-99,-99,-99,-99,-99,-99,6,4,-99,4,4,-99,-99,-99,3,-99,-99,-99,-99,-99,-99,-99,-99,-99,-99,-99,-99,-99,-99,-99,6,-99,-99,-99
E12000004,East Midlands,E10000021,Northamptonshire,E07000154,Northampton,E02005658,St David's,-99,-99,-99,-99,-99,-99,-99,-99,-99,-99,-99,-99,-99,-99,-99,3,3,-99,-99,-99,-99,-99,-99,-99,-99,-99,-99,8,13,4,-99,-99,-99,-99,-99,-99,-99
E12000004,East Midlands,E10000021,Northamptonshire,E07000154,Northampton,E02005659,Westone,-99,-99,-99,-99,-99,-99,-99,-99,-99,-99,-99,3,-99,-99,-99,4,4,6,-99,-99,-99,3,-99,-99,-99,4,-99,-99,4,3,-99,-99,3,-99,-99,-99,-99
E12000004,East Midlands,E10000021,Northamptonshire,E07000154,Northampton,E02005660,Billing & Riverside,-99,-99,-99,-99,-99,-99,-99,-99,-99,-99,-99,3,5,-99,-99,-99,-99,-99,-99,-99,-99,-99,-99,-99,-99,3,-99,-99,4,-99,-99,-99,3,-99,-99,-99,-99
E12000004,East Midlands,E10000021,Northamptonshire,E07000154,Northampton,E02005661,Eastfield,-99,-99,-99,-99,-99,-99,-99,-99,-99,3,-99,-99,-99,-99,-99,6,-99,5,-99,3,-99,3,-99,-99,-99,-99,6,5,13,5,-99,-99,3,-99,-99,-99,-99
E12000004,East Midlands,E10000021,Northamptonshire,E07000154,Northampton,E02005662,Phippsville,-99,-99,-99,-99,-99,-99,-99,-99,4,-99,-99,3,-99,4,3,4,-99,-99,-99,-99,-99,-99,-99,-99,-99,-99,-99,5,7,6,3,4,3,4,4,-99,-99
E12000004,East Midlands,E10000021,Northamptonshire,E07000154,Northampton,E02005663,New Duston West,-99,-99,-99,-99,-99,-99,-99,-99,-99,-99,-99,-99,3,-99,-99,-99,6,-99,-99,-99,-99,-99,-99,-99,-99,-99,-99,-99,-99,-99,-99,-99,5,-99,-99,5,5
E12000004,East Midlands,E10000021,Northamptonshire,E07000154,Northampton,E02005664,Kingsley Park & Racecourse,-99,-99,-99,-99,-99,-99,-99,-99,3,8,15,8,-99,-99,-99,6,-99,-99,-99,-99,-99,-99,-99,-99,-99,-99,-99,4,9,3,3,-99,4,-99,-99,4,4
E12000004,East Midlands,E10000021,Northamptonshire,E07000154,Northampton,E02005665,Little Billing,-99,-99,-99,-99,-99,-99,-99,-99,-99,3,-99,-99,3,4,6,-99,4,-99,-99,-99,-99,-99,-99,-99,-99,-99,-99,-99,3,3,5,-99,3,-99,-99,3,3
E12000004,East Midlands,E10000021,Northamptonshire,E07000154,Northampton,E02005666,King's Heath & Spencer,-99,-99,-99,-99,-99,-99,-99,-99,-99,-99,-99,3,-99,3,3,5,4,6,-99,4,-99,-99,-99,-99,-99,-99,-99,-99,11,-99,-99,3,4,-99,4,-99,-99
E12000004,East Midlands,E10000021,Northamptonshire,E07000154,Northampton,E02005667,Lodge Farm,-99,-99,-99,-99,-99,-99,-99,-99,-99,9,10,6,-99,3,3,3,-99,3,4,-99,-99,-99,-99,3,-99,-99,-99,3,-99,-99,-99,-99,-99,-99,-99,-99,-99
E12000004,East Midlands,E10000021,Northamptonshire,E07000154,Northampton,E02005668,New Duston East,-99,-99,-99,-99,-99,-99,-99,-99,-99,3,3,3,-99,3,-99,8,-99,-99,-99,-99,-99,-99,-99,-99,-99,-99,-99,-99,-99,-99,-99,-99,-99,-99,-99,12,12
E12000004,East Midlands,E10000021,Northamptonshire,E07000154,Northampton,E02005669,Abington Vale,-99,-99,-99,-99,-99,-99,-99,-99,3,-99,-99,-99,-99,-99,-99,-99,-99,4,-99,4,-99,-99,-99,-99,-99,-99,-99,-99,-99,-99,-99,-99,14,3,-99,5,5
E12000004,East Midlands,E10000021,Northamptonshire,E07000154,Northampton,E02005670,Town Centre & Semilong,-99,-99,-99,-99,-99,-99,-99,-99,-99,3,4,-99,-99,-99,5,-99,-99,-99,6,-99,-99,-99,7,4,-99,-99,-99,6,24,5,-99,4,-99,3,-99,3,3
E12000004,East Midlands,E10000021,Northamptonshire,E07000154,Northampton,E02005671,Abington,-99,-99,-99,-99,-99,-99,-99,-99,-99,-99,-99,3,-99,6,-99,3,3,6,-99,-99,-99,-99,-99,3,3,5,4,6,18,4,-99,5,3,-99,3,7,7
E12000004,East Midlands,E10000021,Northamptonshire,E07000154,Northampton,E02005672,St Michael's Road,-99,-99,-99,-99,-99,-99,-99,-99,-99,3,-99,-99,4,4,-99,-99,4,7,3,-99,-99,-99,-99,4,-99,-99,3,3,14,3,-99,5,-99,-99,7,3,3
E12000004,East Midlands,E10000021,Northamptonshire,E07000154,Northampton,E02005673,Stornton & Sixfields,-99,-99,-99,-99,-99,-99,-99,-99,-99,3,4,5,-99,-99,5,3,3,-99,-99,-99,-99,-99,-99,-99,-99,3,6,6,6,-99,-99,3,-99,7,-99,7,7
E12000004,East Midlands,E10000021,Northamptonshire,E07000154,Northampton,E02005674,Cliftonville & Rushmere,-99,-99,-99,-99,-99,-99,-99,3,5,21,16,12,-99,6,12,5,4,5,-99,7,-99,-99,3,9,21,7,-99,3,12,6,-99,5,5,-99,-99,7,7
E12000004,East Midlands,E10000021,Northamptonshire,E07000154,Northampton,E02005675,Briar Hill & Hunsbury Hill,-99,-99,-99,-99,-99,-99,-99,-99,-99,-99,4,3,-99,-99,-99,3,-99,-99,-99,-99,-99,3,-99,-99,-99,-99,3,-99,-99,3,-99,-99,-99,-99,4,-99,-99
E12000004,East Midlands,E10000021,Northamptonshire,E07000154,Northampton,E02005676,Delapre,-99,-99,-99,-99,-99,-99,-99,-99,-99,-99,-99,-99,3,6,-99,-99,4,-99,-99,5,-99,-99,-99,-99,-99,-99,-99,-99,-99,3,-99,3,-99,-99,-99,10,10
E12000004,East Midlands,E10000021,Northamptonshire,E07000154,Northampton,E02005677,"Cotton End, Brackmills & Hardingstone",-99,-99,-99,-99,-99,-99,-99,-99,-99,-99,-99,-99,-99,4,3,4,5,5,-99,-99,-99,-99,3,-99,4,4,3,6,5,-99,-99,-99,-99,3,-99,5,5
E12000004,East Midlands,E10000021,Northamptonshire,E07000154,Northampton,E02005678,Upton & West Hunsbury,-99,-99,-99,-99,-99,-99,-99,-99,3,6,4,-99,-99,-99,6,3,4,-99,5,-99,-99,-99,6,-99,4,-99,-99,-99,-99,-99,-99,4,3,4,4,5,5
E12000004,East Midlands,E10000021,Northamptonshire,E07000154,Northampton,E02005679,East Hunsbury,-99,-99,-99,-99,-99,-99,-99,-99,-99,3,-99,-99,-99,6,-99,5,-99,-99,-99,-99,-99,-99,-99,-99,-99,-99,-99,3,4,-99,-99,3,4,-99,3,3,3
E12000004,East Midlands,E10000021,Northamptonshire,E07000154,Northampton,E02005680,Wootton & Collingtree,-99,-99,-99,-99,-99,-99,-99,-99,-99,4,5,-99,-99,3,22,4,-99,-99,4,-99,-99,-99,-99,3,-99,-99,-99,-99,-99,-99,-99,-99,3,-99,-99,4,4
E12000004,East Midlands,E10000021,Northamptonshire,E07000155,South Northamptonshire,E02005681,"Harpole, Kislingbury & Bugbrooke",-99,-99,-99,-99,-99,-99,-99,-99,-99,3,-99,6,-99,-99,-99,4,4,3,3,-99,-99,-99,-99,-99,-99,-99,-99,-99,-99,-99,-99,-99,-99,-99,-99,-99,-99
E12000004,East Midlands,E10000021,Northamptonshire,E07000155,South Northamptonshire,E02005682,"Cogenhoe, Hackleton & Denton",-99,-99,-99,-99,-99,-99,-99,-99,-99,3,-99,-99,-99,-99,-99,4,-99,-99,-99,5,-99,-99,-99,-99,-99,-99,-99,-99,-99,-99,-99,3,-99,-99,-99,-99,-99
E12000004,East Midlands,E10000021,Northamptonshire,E07000155,South Northamptonshire,E02005683,"Blisworth, Roade & Yardley Gobion",-99,-99,-99,-99,-99,-99,-99,3,3,8,-99,-99,-99,-99,3,4,3,3,5,-99,6,4,-99,-99,-99,-99,-99,-99,-99,3,4,-99,-99,3,4,3,3
E12000004,East Midlands,E10000021,Northamptonshire,E07000155,South Northamptonshire,E02005684,Towcester West & Blakesley,-99,-99,-99,-99,-99,-99,-99,-99,-99,-99,-99,-99,-99,-99,3,3,-99,-99,-99,-99,-99,-99,-99,-99,-99,-99,-99,-99,-99,-99,-99,3,-99,-99,-99,4,4
E12000004,East Midlands,E10000021,Northamptonshire,E07000155,South Northamptonshire,E02005685,Towcester East & Paulerspury,-99,-99,-99,-99,-99,-99,-99,-99,3,3,-99,3,-99,3,-99,4,-99,4,-99,-99,-99,-99,-99,-99,-99,-99,-99,-99,-99,-99,-99,-99,4,-99,-99,3,3
E12000004,East Midlands,E10000021,Northamptonshire,E07000155,South Northamptonshire,E02005686,Middleton Cheney & Chipping Warden,-99,-99,-99,-99,-99,-99,-99,-99,-99,5,8,3,-99,7,-99,-99,-99,-99,-99,-99,-99,-99,-99,-99,-99,-99,-99,-99,-99,-99,-99,-99,-99,-99,-99,4,4
E12000004,East Midlands,E10000021,Northamptonshire,E07000155,South Northamptonshire,E02005687,Silverstone & Syresham & Helmdon,-99,-99,-99,-99,-99,-99,-99,-99,-99,-99,-99,-99,-99,-99,-99,-99,-99,-99,-99,-99,-99,-99,-99,-99,-99,-99,-99,-99,-99,-99,-99,-99,-99,-99,3,5,5
E12000004,East Midlands,E10000021,Northamptonshire,E07000155,South Northamptonshire,E02005688,"Deanshanger, Potterspury & Old Stratford",-99,-99,-99,-99,-99,-99,-99,-99,3,4,-99,-99,5,4,-99,-99,-99,-99,-99,-99,-99,-99,-99,-99,-99,-99,-99,-99,-99,-99,-99,-99,-99,-99,-99,6,6
E12000004,East Midlands,E10000021,Northamptonshire,E07000155,South Northamptonshire,E02005689,Brackley North,-99,-99,-99,-99,-99,-99,-99,-99,-99,3,4,-99,3,-99,5,3,5,-99,-99,-99,-99,-99,-99,-99,-99,-99,-99,-99,-99,-99,-99,-99,-99,-99,-99,5,5
E12000004,East Midlands,E10000021,Northamptonshire,E07000155,South Northamptonshire,E02005690,Brackley South,-99,-99,-99,-99,-99,-99,-99,-99,-99,-99,-99,-99,-99,-99,-99,-99,-99,-99,-99,-99,-99,-99,-99,-99,-99,-99,-99,-99,-99,-99,-99,-99,-99,-99,-99,-99,-99
E12000004,East Midlands,E10000021,Northamptonshire,E07000155,South Northamptonshire,E02005691,"Kings Sutton, Greatworth & Evenley",-99,-99,-99,-99,-99,-99,-99,-99,-99,5,-99,-99,-99,-99,-99,-99,-99,-99,-99,-99,-99,-99,-99,-99,-99,-99,-99,-99,-99,-99,-99,-99,-99,-99,-99,-99,-99
E12000004,East Midlands,E10000021,Northamptonshire,E07000156,Wellingborough,E02005692,"Finedon, Isham & Harrowden",-99,-99,-99,-99,-99,-99,-99,-99,-99,-99,3,-99,-99,-99,3,-99,-99,-99,-99,-99,-99,-99,-99,-99,-99,-99,-99,-99,-99,-99,-99,-99,-99,-99,-99,-99,-99
E12000004,East Midlands,E10000021,Northamptonshire,E07000156,Wellingborough,E02005693,Rixon,-99,-99,-99,-99,-99,-99,-99,-99,-99,3,-99,-99,3,-99,5,4,7,3,3,-99,-99,-99,-99,-99,-99,-99,-99,5,3,-99,-99,-99,-99,-99,-99,9,9
E12000004,East Midlands,E10000021,Northamptonshire,E07000156,Wellingborough,E02005694,Redwell,-99,-99,-99,-99,-99,-99,-99,-99,-99,4,-99,-99,-99,-99,-99,3,-99,-99,-99,-99,-99,-99,-99,-99,-99,-99,3,-99,-99,-99,-99,-99,5,3,4,6,6
E12000004,East Midlands,E10000021,Northamptonshire,E07000156,Wellingborough,E02005695,Victoria & Isebrook,-99,-99,-99,-99,-99,-99,-99,-99,5,3,-99,3,-99,8,9,-99,5,6,-99,-99,3,-99,-99,-99,-99,-99,6,13,15,7,-99,-99,-99,5,6,9,9
E12000004,East Midlands,E10000021,Northamptonshire,E07000156,Wellingborough,E02005696,Queensway,-99,-99,-99,-99,-99,-99,-99,-99,-99,6,-99,-99,-99,8,3,5,6,3,-99,-99,-99,-99,-99,-99,-99,-99,-99,-99,-99,-99,-99,-99,3,-99,-99,-99,-99
E12000004,East Midlands,E10000021,Northamptonshire,E07000156,Wellingborough,E02005697,Central Wellingborough,-99,-99,-99,-99,-99,-99,-99,-99,-99,-99,-99,4,-99,8,4,4,11,4,9,-99,-99,-99,-99,-99,-99,-99,-99,-99,3,4,-99,3,3,-99,-99,-99,-99
E12000004,East Midlands,E10000021,Northamptonshire,E07000156,Wellingborough,E02005698,Brickhill,-99,-99,-99,-99,-99,-99,-99,-99,-99,4,-99,-99,-99,-99,-99,5,-99,-99,-99,-99,-99,-99,-99,-99,-99,-99,-99,-99,-99,-99,-99,-99,3,-99,-99,-99,-99
E12000004,East Midlands,E10000021,Northamptonshire,E07000156,Wellingborough,E02005699,Croyland,-99,-99,-99,-99,-99,-99,-99,-99,-99,4,-99,-99,-99,-99,-99,5,-99,3,-99,-99,-99,-99,-99,-99,-99,-99,-99,3,4,-99,-99,5,-99,-99,-99,3,3
E12000004,East Midlands,E10000021,Northamptonshire,E07000156,Wellingborough,E02005700,Earls Barton & Great Doddington,-99,-99,-99,-99,-99,-99,-99,-99,-99,5,-99,-99,-99,-99,7,4,7,-99,3,-99,-99,-99,-99,-99,-99,-99,-99,-99,-99,-99,-99,-99,3,3,4,5,5
E12000004,East Midlands,E10000021,Northamptonshire,E07000156,Wellingborough,E02005701,"Irchester, Wollaston & Bozeat",-99,-99,-99,-99,-99,-99,-99,-99,-99,8,3,-99,-99,-99,6,-99,-99,3,-99,-99,3,-99,-99,-99,-99,-99,-99,-99,-99,-99,-99,-99,-99,-99,-99,6,6
E12000001,North East,E06000057,Northumberland,E06000057,Northumberland,E02005702,Longhoughton & Alnmouth,-99,-99,-99,-99,-99,-99,-99,-99,-99,4,4,-99,-99,-99,3,6,-99,4,-99,-99,-99,-99,-99,-99,-99,-99,-99,-99,-99,-99,-99,-99,-99,-99,3,7,7
E12000001,North East,E06000057,Northumberland,E06000057,Northumberland,E02005703,Alnwick,-99,-99,-99,-99,-99,-99,-99,-99,-99,3,4,6,3,-99,3,-99,3,-99,-99,-99,-99,-99,-99,-99,-99,-99,-99,-99,-99,-99,-99,3,-99,3,4,8,8
E12000001,North East,E06000057,Northumberland,E06000057,Northumberland,E02005704,"Amble, Shilbottle & Swarland",-99,-99,-99,-99,-99,-99,-99,-99,3,8,9,5,13,12,-99,-99,-99,-99,-99,-99,-99,-99,-99,-99,-99,-99,-99,-99,-99,5,-99,-99,-99,9,13,18,18
E12000001,North East,E06000057,Northumberland,E06000057,Northumberland,E02005705,Rothbury & Longframlington,-99,-99,-99,-99,-99,-99,-99,-99,-99,-99,3,-99,-99,-99,-99,-99,-99,-99,-99,-99,-99,-99,-99,-99,-99,-99,-99,-99,-99,-99,-99,-99,-99,3,3,-99,-99
E12000001,North East,E06000057,Northumberland,E06000057,Northumberland,E02005706,Berwick-upon-Tweed Town,-99,-99,-99,-99,-99,-99,-99,-99,-99,5,3,3,-99,-99,-99,-99,-99,-99,-99,-99,-99,-99,-99,-99,-99,-99,-99,-99,-99,-99,-99,3,-99,-99,3,5,5
E12000001,North East,E06000057,Northumberland,E06000057,Northumberland,E02005707,Berwick-upon-Tweed West & Holy Island,-99,-99,-99,-99,-99,-99,-99,-99,-99,-99,-99,-99,-99,-99,-99,-99,-99,-99,-99,-99,-99,-99,-99,-99,-99,-99,-99,-99,-99,-99,-99,-99,-99,-99,-99,6,6
E12000001,North East,E06000057,Northumberland,E06000057,Northumberland,E02005708,"Seahouses, Belford & Wooler",-99,-99,-99,-99,-99,-99,-99,-99,4,-99,-99,3,-99,-99,-99,-99,-99,-99,-99,-99,-99,-99,-99,-99,-99,-99,-99,-99,-99,-99,-99,-99,-99,-99,3,3,3
E12000001,North East,E06000057,Northumberland,E06000057,Northumberland,E02005709,Blyth Cowpen,-99,-99,-99,-99,-99,-99,-99,-99,-99,7,5,7,5,13,19,24,-99,-99,-99,-99,-99,-99,-99,-99,-99,-99,-99,-99,5,3,3,-99,-99,3,9,5,5
E12000001,North East,E06000057,Northumberland,E06000057,Northumberland,E02005710,Blyth Town,-99,-99,-99,-99,-99,-99,-99,-99,-99,-99,6,20,12,6,5,3,-99,-99,-99,-99,-99,-99,-99,-99,-99,-99,-99,-99,-99,-99,-99,-99,-99,3,21,22,22
E12000001,North East,E06000057,Northumberland,E06000057,Northumberland,E02005711,Blyth Isabella,-99,-99,-99,-99,-99,-99,-99,-99,3,-99,7,5,6,4,4,-99,3,-99,-99,-99,-99,4,-99,-99,-99,-99,-99,-99,-99,-99,-99,-99,5,-99,11,19,19
E12000001,North East,E06000057,Northumberland,E06000057,Northumberland,E02005712,Blyth Newsham,-99,-99,-99,-99,-99,-99,-99,-99,-99,-99,11,7,4,4,-99,-99,-99,-99,-99,-99,-99,-99,-99,-99,-99,-99,-99,-99,-99,-99,-99,4,-99,3,16,17,17
E12000001,North East,E06000057,Northumberland,E06000057,Northumberland,E02005713,Blyth South,-99,-99,-99,-99,-99,-99,-99,-99,-99,3,-99,3,3,-99,-99,3,-99,-99,-99,-99,-99,-99,-99,-99,-99,-99,-99,-99,-99,-99,-99,-99,5,6,18,13,13
E12000001,North East,E06000057,Northumberland,E06000057,Northumberland,E02005714,North Cramlington,-99,-99,-99,-99,-99,-99,-99,-99,-99,-99,3,4,-99,-99,-99,-99,-99,-99,-99,-99,-99,-99,-99,-99,-99,-99,-99,-99,-99,-99,-99,3,4,9,7,17,17
E12000001,North East,E06000057,Northumberland,E06000057,Northumberland,E02005715,Cramlington Town & Beaconhill,-99,-99,-99,-99,-99,-99,-99,-99,-99,9,8,19,10,23,21,14,3,17,5,-99,-99,-99,3,-99,-99,-99,-99,-99,-99,-99,-99,-99,12,11,17,23,23
E12000001,North East,E06000057,Northumberland,E06000057,Northumberland,E02005716,East Cramlington & Parkside,-99,-99,-99,-99,-99,-99,-99,-99,-99,-99,6,7,6,6,5,-99,-99,3,-99,-99,-99,-99,-99,-99,-99,-99,-99,-99,-99,-99,-99,-99,5,13,25,24,24
E12000001,North East,E06000057,Northumberland,E06000057,Northumberland,E02005717,Holywell & Hartley,-99,-99,-99,-99,-99,-99,-99,-99,-99,-99,3,9,3,6,3,-99,-99,3,-99,4,-99,-99,-99,-99,-99,-99,-99,-99,-99,-99,-99,-99,-99,9,13,23,23
E12000001,North East,E06000057,Northumberland,E06000057,Northumberland,E02005718,Cramlington South,-99,-99,-99,-99,-99,-99,-99,-99,-99,6,11,4,10,4,-99,-99,-99,-99,-99,-99,-99,-99,-99,-99,-99,-99,-99,-99,-99,-99,-99,-99,-99,12,14,15,15
E12000001,North East,E06000057,Northumberland,E06000057,Northumberland,E02005719,Seaton Delaval & Seghill,-99,-99,-99,-99,-99,-99,-99,-99,-99,4,-99,4,6,3,3,-99,-99,-99,-99,-99,-99,-99,-99,-99,-99,-99,-99,-99,-99,-99,-99,-99,-99,12,24,7,7
E12000001,North East,E06000057,Northumberland,E06000057,Northumberland,E02005720,"Widdrington, Lynemouth & Hadston",-99,-99,-99,-99,-99,-99,-99,-99,-99,5,12,10,14,5,4,-99,3,-99,-99,-99,-99,-99,-99,-99,-99,-99,-99,-99,-99,-99,-99,-99,-99,12,15,17,17
E12000001,North East,E06000057,Northumberland,E06000057,Northumberland,E02005721,Morpeth North & Pegswood,-99,-99,-99,-99,-99,-99,-99,-99,-99,4,6,11,3,3,-99,-99,-99,-99,4,-99,-99,-99,-99,-99,-99,-99,-99,-99,-99,-99,-99,-99,-99,10,7,6,6
E12000001,North East,E06000057,Northumberland,E06000057,Northumberland,E02005722,"Longhorsley, Hepscott & Capheaton",-99,-99,-99,-99,-99,-99,-99,-99,-99,9,11,12,-99,-99,-99,-99,-99,-99,3,-99,-99,-99,-99,-99,-99,-99,-99,-99,-99,-99,-99,-99,-99,4,26,15,15
E12000001,North East,E06000057,Northumberland,E06000057,Northumberland,E02005723,Morpeth Central & East,-99,-99,-99,-99,-99,-99,-99,-99,-99,4,3,6,-99,4,3,-99,-99,-99,-99,-99,-99,-99,-99,-99,-99,-99,-99,-99,-99,-99,-99,-99,-99,-99,13,6,6
E12000001,North East,E06000057,Northumberland,E06000057,Northumberland,E02005724,Morpeth South & West,-99,-99,-99,-99,-99,-99,-99,-99,5,-99,7,7,4,-99,-99,4,-99,-99,-99,-99,-99,-99,-99,-99,-99,-99,-99,-99,-99,-99,-99,-99,-99,8,12,27,27
E12000001,North East,E06000057,Northumberland,E06000057,Northumberland,E02005725,Ponteland,-99,-99,-99,-99,-99,-99,-99,-99,3,3,-99,4,-99,-99,9,4,4,4,-99,-99,-99,-99,-99,-99,-99,-99,-99,-99,-99,-99,-99,-99,-99,20,17,20,20
E12000001,North East,E06000057,Northumberland,E06000057,Northumberland,E02005726,"Darras Hall, Stamfordham & Heddon",-99,-99,-99,-99,-99,-99,-99,-99,-99,5,7,3,-99,-99,-99,-99,-99,-99,-99,-99,-99,-99,-99,-99,-99,-99,-99,-99,-99,-99,-99,3,4,12,16,18,18
E12000001,North East,E06000057,Northumberland,E06000057,Northumberland,E02005727,"Bellingham, Otterburn & Redesdale",-99,-99,-99,-99,-99,-99,-99,-99,-99,-99,-99,-99,4,-99,-99,-99,-99,-99,-99,-99,-99,-99,-99,-99,-99,-99,-99,-99,-99,-99,-99,-99,-99,4,-99,-99,-99
E12000001,North East,E06000057,Northumberland,E06000057,Northumberland,E02005728,Haltwhistle & Bardon Mill,-99,-99,-99,-99,-99,-99,-99,-99,-99,-99,5,-99,3,-99,-99,-99,-99,-99,-99,-99,-99,-99,-99,-99,-99,-99,-99,-99,-99,-99,-99,-99,-99,-99,-99,-99,-99
E12000001,North East,E06000057,Northumberland,E06000057,Northumberland,E02005729,Wylam & Ovingham,-99,-99,-99,-99,-99,-99,-99,-99,3,-99,3,5,5,-99,-99,-99,-99,-99,-99,-99,-99,-99,-99,-99,-99,-99,-99,-99,-99,-99,-99,-99,3,3,13,9,9
E12000001,North East,E06000057,Northumberland,E06000057,Northumberland,E02005730,Hexham & Acomb,-99,-99,-99,-99,-99,-99,-99,-99,3,8,4,-99,4,4,5,-99,-99,-99,-99,-99,-99,-99,-99,-99,-99,-99,-99,-99,-99,-99,-99,-99,-99,-99,8,16,16
E12000001,North East,E06000057,Northumberland,E06000057,Northumberland,E02005731,Prudhoe,-99,-99,-99,-99,-99,-99,-99,-99,4,7,5,9,9,-99,3,-99,-99,-99,-99,-99,-99,-99,-99,-99,-99,-99,-99,-99,-99,-99,-99,-99,3,6,15,12,12
E12000001,North East,E06000057,Northumberland,E06000057,Northumberland,E02005732,"Stocksfield, Riding Mill & Corbridge",-99,-99,-99,-99,-99,-99,-99,-99,-99,-99,-99,6,5,4,-99,-99,-99,-99,-99,-99,-99,-99,-99,-99,-99,3,-99,-99,-99,3,3,-99,-99,4,8,9,9
E12000001,North East,E06000057,Northumberland,E06000057,Northumberland,E02005733,Haydon Bridge & Allendale,-99,-99,-99,-99,-99,-99,-99,-99,-99,-99,-99,-99,-99,6,-99,-99,-99,-99,-99,-99,-99,-99,-99,-99,-99,-99,-99,-99,-99,-99,-99,-99,-99,3,3,13,13
E12000001,North East,E06000057,Northumberland,E06000057,Northumberland,E02005734,Newbiggin,-99,-99,-99,-99,-99,-99,-99,-99,-99,3,5,12,9,7,-99,6,-99,4,-99,-99,-99,-99,-99,-99,-99,-99,-99,-99,-99,-99,-99,-99,4,6,24,21,21
E12000001,North East,E06000057,Northumberland,E06000057,Northumberland,E02005735,Ashington Hirst,-99,-99,-99,-99,-99,-99,-99,-99,-99,3,9,5,11,6,3,4,3,-99,5,-99,-99,-99,-99,-99,-99,-99,-99,-99,-99,-99,-99,-99,5,14,33,31,31
E12000001,North East,E06000057,Northumberland,E06000057,Northumberland,E02005736,Ashington East,-99,-99,-99,-99,-99,-99,-99,-99,-99,8,11,16,5,-99,-99,-99,3,-99,-99,-99,-99,-99,-99,-99,-99,-99,-99,-99,-99,-99,-99,-99,3,12,29,11,11
E12000001,North East,E06000057,Northumberland,E06000057,Northumberland,E02005737,Ashington West,-99,-99,-99,-99,-99,-99,-99,-99,-99,3,8,6,8,5,-99,3,-99,-99,-99,-99,-99,-99,-99,-99,-99,-99,-99,-99,-99,-99,-99,-99,4,19,20,19,19
E12000001,North East,E06000057,Northumberland,E06000057,Northumberland,E02005738,Ashington South,-99,-99,-99,-99,-99,-99,-99,-99,-99,-99,10,-99,-99,-99,-99,-99,-99,-99,-99,-99,-99,-99,-99,-99,-99,-99,-99,-99,-99,-99,-99,-99,-99,4,13,9,9
E12000001,North East,E06000057,Northumberland,E06000057,Northumberland,E02005739,Guide Post & Stakeford,-99,-99,-99,-99,-99,-99,-99,-99,-99,10,9,16,17,24,7,12,-99,-99,-99,-99,-99,-99,-99,-99,-99,-99,-99,-99,-99,-99,-99,-99,5,9,22,20,20
E12000001,North East,E06000057,Northumberland,E06000057,Northumberland,E02005740,Bedlington Station & Sleekburn,-99,-99,-99,-99,-99,-99,-99,-99,-99,4,7,12,16,11,6,3,-99,-99,-99,-99,-99,-99,-99,-99,-99,-99,-99,-99,3,7,4,14,4,11,33,35,35
E12000001,North East,E06000057,Northumberland,E06000057,Northumberland,E02005741,Bedlington Town,-99,-99,-99,-99,-99,-99,-99,-99,4,9,10,9,8,12,4,3,5,7,-99,-99,-99,-99,-99,-99,-99,-99,-99,-99,-99,8,-99,10,-99,5,16,21,21
E12000003,Yorkshire and The Humber,E10000023,North Yorkshire,E07000163,Craven,E02005742,Ingleton & High Bentham,-99,-99,-99,-99,-99,-99,-99,3,4,4,3,-99,3,-99,-99,-99,-99,-99,-99,-99,-99,-99,-99,-99,-99,-99,-99,-99,-99,-99,-99,-99,7,3,7,8,8
E12000003,Yorkshire and The Humber,E10000023,North Yorkshire,E07000163,Craven,E02005743,"Grassington, Upper Wharfedale & Gargrave",-99,-99,-99,-99,-99,-99,-99,-99,-99,-99,-99,4,4,-99,-99,-99,-99,-99,-99,-99,-99,-99,-99,-99,-99,-99,-99,-99,-99,-99,-99,-99,-99,4,4,7,7
E12000003,Yorkshire and The Humber,E10000023,North Yorkshire,E07000163,Craven,E02005744,"Settle, Hellifield & Horton",-99,-99,-99,-99,-99,-99,-99,-99,5,5,-99,5,-99,14,-99,-99,-99,6,-99,-99,-99,-99,-99,-99,-99,-99,-99,-99,9,4,-99,-99,-99,6,10,9,9
E12000003,Yorkshire and The Humber,E10000023,North Yorkshire,E07000163,Craven,E02005745,Skipton North & Barden Fell,-99,-99,-99,-99,-99,-99,-99,-99,-99,-99,-99,3,-99,-99,-99,-99,-99,3,-99,-99,-99,-99,-99,-99,-99,-99,-99,-99,-99,-99,-99,-99,-99,5,4,13,13
E12000003,Yorkshire and The Humber,E10000023,North Yorkshire,E07000163,Craven,E02005746,Skipton Town & East,-99,-99,-99,-99,-99,-99,-99,-99,-99,-99,-99,3,4,-99,-99,-99,-99,-99,-99,-99,-99,-99,-99,-99,-99,-99,-99,-99,-99,-99,-99,-99,3,-99,14,8,8
E12000003,Yorkshire and The Humber,E10000023,North Yorkshire,E07000163,Craven,E02005747,Skipton South,-99,-99,-99,-99,-99,-99,-99,-99,-99,-99,3,8,8,5,-99,-99,4,-99,-99,9,-99,-99,-99,-99,-99,-99,-99,-99,-99,-99,-99,-99,-99,6,7,11,11
E12000003,Yorkshire and The Humber,E10000023,North Yorkshire,E07000163,Craven,E02005748,"Carleton, Cowling & Cononley",-99,-99,-99,-99,-99,-99,-99,-99,-99,3,5,3,-99,-99,3,-99,-99,-99,-99,-99,-99,-99,-99,-99,-99,-99,-99,-99,-99,-99,-99,3,6,12,19,13,13
E12000003,Yorkshire and The Humber,E10000023,North Yorkshire,E07000163,Craven,E02005749,Sutton & Crosshills,-99,-99,-99,-99,-99,-99,-99,-99,-99,4,11,5,8,9,6,4,-99,-99,-99,-99,3,-99,-99,-99,-99,-99,-99,-99,-99,-99,-99,7,4,9,14,20,20
E12000003,Yorkshire and The Humber,E10000023,North Yorkshire,E07000164,Hambleton,E02005750,Great Ayton & Stokesley,-99,-99,-99,-99,-99,-99,-99,-99,-99,4,7,4,-99,9,-99,-99,4,-99,-99,-99,-99,-99,-99,-99,-99,-99,-99,-99,-99,-99,-99,-99,-99,5,6,23,23
E12000003,Yorkshire and The Humber,E10000023,North Yorkshire,E07000164,Hambleton,E02005751,Rudby & Ingleby,-99,-99,-99,-99,-99,-99,-99,-99,-99,-99,3,3,-99,-99,-99,-99,-99,-99,-99,-99,-99,-99,-99,-99,-99,-99,-99,-99,-99,-99,-99,-99,-99,5,8,16,16
E12000003,Yorkshire and The Humber,E10000023,North Yorkshire,E07000164,Hambleton,E02005752,"Brompton, Appleton & Thimbleby",-99,-99,-99,-99,-99,-99,-99,-99,-99,5,5,-99,7,-99,-99,-99,-99,-99,-99,-99,-99,-99,-99,-99,-99,-99,-99,-99,-99,-99,-99,-99,-99,-99,-99,4,4
E12000003,Yorkshire and The Humber,E10000023,North Yorkshire,E07000164,Hambleton,E02005753,Northallerton,-99,-99,-99,-99,-99,-99,-99,-99,6,8,7,5,12,-99,8,-99,5,-99,-99,-99,-99,-99,-99,-99,-99,-99,-99,-99,-99,-99,-99,-99,6,4,9,5,5
E12000003,Yorkshire and The Humber,E10000023,North Yorkshire,E07000164,Hambleton,E02005754,Northallerton South & Leeming Bar,-99,-99,-99,-99,-99,-99,-99,-99,-99,6,10,-99,3,6,-99,3,6,-99,-99,-99,-99,-99,-99,-99,-99,-99,-99,-99,-99,-99,-99,-99,-99,-99,3,8,8
E12000003,Yorkshire and The Humber,E10000023,North Yorkshire,E07000164,Hambleton,E02005755,Bedale & Snape,-99,-99,-99,-99,-99,-99,-99,-99,-99,-99,-99,-99,-99,-99,-99,-99,3,-99,-99,-99,-99,-99,-99,-99,-99,-99,-99,-99,-99,-99,-99,-99,4,4,4,7,7
E12000003,Yorkshire and The Humber,E10000023,North Yorkshire,E07000164,Hambleton,E02005756,"Leeming, Pickhill & Thornton",-99,-99,-99,-99,-99,-99,-99,-99,3,-99,-99,-99,-99,5,-99,-99,-99,-99,-99,-99,-99,-99,-99,-99,-99,-99,-99,-99,-99,-99,6,3,-99,-99,5,10,10
E12000003,Yorkshire and The Humber,E10000023,North Yorkshire,E07000164,Hambleton,E02005757,Thirsk North,-99,-99,-99,-99,-99,-99,-99,-99,3,3,-99,6,3,-99,6,3,-99,-99,-99,-99,-99,-99,-99,-99,-99,-99,-99,-99,-99,-99,-99,-99,5,7,3,4,4
E12000003,Yorkshire and The Humber,E10000023,North Yorkshire,E07000164,Hambleton,E02005758,Thirsk South & Coxwold,-99,-99,-99,-99,-99,-99,-99,-99,-99,-99,-99,-99,-99,4,-99,-99,-99,4,-99,-99,-99,-99,-99,-99,-99,-99,-99,-99,-99,-99,-99,-99,-99,-99,-99,8,8
E12000003,Yorkshire and The Humber,E10000023,North Yorkshire,E07000164,Hambleton,E02005759,Easingwold & Stillington,-99,-99,-99,-99,-99,-99,-99,-99,-99,4,-99,-99,6,7,3,-99,-99,-99,-99,-99,-99,-99,-99,-99,-99,-99,3,-99,-99,-99,-99,-99,3,-99,4,7,7
E12000003,Yorkshire and The Humber,E10000023,North Yorkshire,E07000164,Hambleton,E02005760,"Linton, Tollerton & Raskelf",-99,-99,-99,-99,-99,-99,-99,-99,-99,-99,-99,-99,-99,5,-99,-99,-99,-99,-99,-99,-99,-99,-99,-99,-99,-99,4,3,-99,-99,-99,4,4,-99,7,7,7
E12000003,Yorkshire and The Humber,E10000023,North Yorkshire,E07000165,Harrogate,E02005761,"Masham, Kirkby Malzeard & North Stainley",-99,-99,-99,-99,-99,-99,-99,-99,-99,-99,-99,-99,-99,-99,-99,-99,-99,-99,-99,-99,-99,-99,-99,-99,-99,-99,-99,-99,-99,-99,-99,-99,-99,-99,4,7,7
E12000003,Yorkshire and The Humber,E10000023,North Yorkshire,E07000165,Harrogate,E02005762,Ripon North & West,-99,-99,-99,-99,-99,-99,-99,-99,-99,6,-99,-99,-99,6,13,3,10,-99,-99,-99,-99,-99,-99,-99,-99,-99,-99,-99,-99,-99,-99,-99,-99,-99,-99,5,5
E12000003,Yorkshire and The Humber,E10000023,North Yorkshire,E07000165,Harrogate,E02005763,"Dishthorpe, Baldersby & Markington",-99,-99,-99,-99,-99,-99,-99,-99,-99,-99,-99,3,3,-99,-99,-99,-99,-99,-99,-99,-99,-99,-99,-99,-99,-99,-99,-99,-99,-99,-99,6,3,6,7,3,3
E12000003,Yorkshire and The Humber,E10000023,North Yorkshire,E07000165,Harrogate,E02005764,Ripon South & East,-99,-99,-99,-99,-99,-99,-99,-99,-99,4,4,-99,10,6,3,-99,3,4,-99,-99,-99,-99,-99,-99,-99,-99,-99,-99,-99,-99,-99,5,6,-99,5,9,9
E12000003,Yorkshire and The Humber,E10000023,North Yorkshire,E07000165,Harrogate,E02005765,Boroughbridge & Marton-cum-Grafton,-99,-99,-99,-99,-99,-99,-99,-99,-99,-99,3,-99,-99,7,-99,15,-99,-99,-99,-99,-99,-99,-99,-99,-99,4,-99,-99,-99,-99,-99,3,-99,-99,5,12,12
E12000003,Yorkshire and The Humber,E10000023,North Yorkshire,E07000165,Harrogate,E02005766,Pateley Bridge & Nidd Valley,-99,-99,-99,-99,-99,-99,-99,-99,-99,-99,-99,-99,-99,-99,-99,-99,-99,-99,-99,-99,-99,-99,-99,-99,-99,-99,-99,-99,-99,-99,-99,-99,-99,-99,-99,8,8
E12000003,Yorkshire and The Humber,E10000023,North Yorkshire,E07000165,Harrogate,E02005767,Knaresborough North,-99,-99,-99,-99,-99,-99,-99,-99,-99,-99,-99,-99,5,-99,12,-99,3,17,-99,4,6,-99,-99,-99,-99,-99,-99,-99,-99,-99,-99,3,-99,6,4,8,8
E12000003,Yorkshire and The Humber,E10000023,North Yorkshire,E07000165,Harrogate,E02005768,Killinghall & Hampsthwaite,-99,-99,-99,-99,-99,-99,-99,-99,-99,3,-99,3,-99,-99,-99,-99,-99,-99,-99,-99,-99,-99,-99,-99,-99,-99,-99,-99,-99,-99,-99,-99,-99,-99,4,7,7
E12000003,Yorkshire and The Humber,E10000023,North Yorkshire,E07000165,Harrogate,E02005769,Knaresborough Central,-99,-99,-99,-99,-99,-99,-99,-99,-99,-99,3,7,-99,6,3,4,-99,4,-99,-99,-99,-99,-99,-99,-99,-99,-99,-99,-99,-99,-99,-99,-99,-99,-99,5,5
E12000003,Yorkshire and The Humber,E10000023,North Yorkshire,E07000165,Harrogate,E02005770,Bilton,-99,-99,-99,-99,-99,-99,-99,-99,-99,-99,-99,-99,-99,6,-99,3,-99,-99,-99,-99,-99,-99,-99,-99,-99,-99,-99,-99,-99,-99,-99,-99,4,3,4,13,13
E12000003,Yorkshire and The Humber,E10000023,North Yorkshire,E07000165,Harrogate,E02005771,Saltergate,-99,-99,-99,-99,-99,-99,-99,-99,-99,-99,-99,3,-99,-99,5,-99,-99,3,-99,3,-99,-99,-99,-99,-99,-99,-99,-99,3,-99,-99,-99,-99,-99,6,7,7
E12000003,Yorkshire and The Humber,E10000023,North Yorkshire,E07000165,Harrogate,E02005772,Knaresborough South & Follifoot,-99,-99,-99,-99,-99,-99,-99,-99,-99,-99,-99,-99,-99,13,9,-99,-99,-99,3,-99,-99,-99,-99,-99,-99,-99,-99,-99,-99,-99,-99,3,5,-99,3,4,4
E12000003,Yorkshire and The Humber,E10000023,North Yorkshire,E07000165,Harrogate,E02005773,Harrogate East,-99,-99,-99,-99,-99,-99,-99,-99,-99,3,-99,4,6,11,-99,-99,3,-99,-99,3,4,-99,-99,-99,-99,-99,-99,-99,-99,-99,-99,5,4,-99,3,6,6
E12000003,Yorkshire and The Humber,E10000023,North Yorkshire,E07000165,Harrogate,E02005774,Starbeck,-99,-99,-99,-99,-99,-99,-99,-99,3,3,-99,7,7,5,3,6,4,27,5,15,20,6,-99,-99,-99,-99,-99,-99,-99,-99,-99,-99,4,9,6,5,5
E12000003,Yorkshire and The Humber,E10000023,North Yorkshire,E07000165,Harrogate,E02005775,Central Harrogate,-99,-99,-99,-99,-99,-99,-99,-99,-99,-99,4,9,14,-99,-99,-99,6,6,-99,-99,3,-99,-99,-99,-99,-99,-99,-99,-99,-99,-99,-99,6,4,5,10,10
E12000003,Yorkshire and The Humber,E10000023,North Yorkshire,E07000165,Harrogate,E02005776,"Ouseburn, Hammerton & Tockwith",-99,-99,-99,-99,-99,-99,-99,4,4,-99,5,-99,-99,-99,3,6,10,-99,-99,-99,-99,-99,-99,-99,-99,-99,-99,-99,-99,-99,-99,-99,-99,6,13,7,7
E12000003,Yorkshire and The Humber,E10000023,North Yorkshire,E07000165,Harrogate,E02005777,Hookstone,-99,-99,-99,-99,-99,-99,-99,-99,-99,5,-99,-99,3,-99,-99,-99,-99,-99,-99,-99,-99,-99,-99,-99,-99,-99,-99,-99,-99,-99,-99,-99,-99,3,11,18,18
E12000003,Yorkshire and The Humber,E10000023,North Yorkshire,E07000165,Harrogate,E02005778,"Menwith, Beckwithshaw & Denton Moor",-99,-99,-99,-99,-99,-99,-99,-99,-99,-99,3,-99,-99,-99,-99,-99,-99,-99,-99,-99,-99,-99,-99,-99,-99,-99,-99,-99,-99,-99,-99,3,-99,-99,-99,11,11
E12000003,Yorkshire and The Humber,E10000023,North Yorkshire,E07000165,Harrogate,E02005779,Stray,-99,-99,-99,-99,-99,-99,-99,-99,-99,-99,-99,4,-99,3,3,-99,-99,-99,-99,-99,-99,-99,-99,-99,-99,-99,-99,-99,-99,-99,-99,-99,-99,-99,5,14,14
E12000003,Yorkshire and The Humber,E10000023,North Yorkshire,E07000165,Harrogate,E02005780,Harrogate West & Pannal,-99,-99,-99,-99,-99,-99,-99,-99,-99,3,3,3,4,9,-99,-99,4,3,-99,-99,-99,-99,-99,-99,-99,-99,-99,-99,-99,-99,-99,5,5,5,12,16,16
E12000003,Yorkshire and The Humber,E10000023,North Yorkshire,E07000165,Harrogate,E02005781,"Spofforth, Burn Bridge & Huby",-99,-99,-99,-99,-99,-99,-99,-99,3,3,-99,-99,-99,3,-99,-99,-99,-99,-99,-99,-99,-99,-99,-99,-99,-99,6,-99,4,-99,4,7,-99,-99,-99,9,9
E12000003,Yorkshire and The Humber,E10000023,North Yorkshire,E07000166,Richmondshire,E02005782,North Richmondshire,-99,-99,-99,-99,-99,-99,-99,-99,-99,-99,-99,-99,-99,-99,-99,-99,3,-99,-99,-99,3,-99,-99,-99,-99,-99,-99,-99,-99,-99,-99,-99,-99,-99,5,8,8
E12000003,Yorkshire and The Humber,E10000023,North Yorkshire,E07000166,Richmondshire,E02005783,Richmond Town,-99,-99,-99,-99,-99,-99,-99,-99,-99,-99,4,6,-99,7,5,-99,-99,3,-99,-99,-99,-99,-99,-99,-99,-99,-99,-99,-99,-99,-99,-99,-99,4,7,7,7
E12000003,Yorkshire and The Humber,E10000023,North Yorkshire,E07000166,Richmondshire,E02005784,Catterick & Brompton-on-Swale,-99,-99,-99,-99,-99,-99,-99,-99,4,-99,-99,5,5,6,4,-99,-99,10,-99,3,-99,-99,-99,-99,-99,-99,-99,-99,-99,-99,-99,-99,-99,-99,4,6,6
E12000003,Yorkshire and The Humber,E10000023,North Yorkshire,E07000166,Richmondshire,E02005785,Catterick Garrison & Colburn,-99,-99,-99,-99,-99,-99,-99,-99,3,3,3,8,29,37,29,15,3,3,-99,-99,-99,3,-99,-99,-99,-99,-99,-99,-99,5,-99,-99,6,6,20,32,32
E12000003,Yorkshire and The Humber,E10000023,North Yorkshire,E07000166,Richmondshire,E02005786,Upper Dales,-99,-99,-99,-99,-99,-99,-99,-99,-99,-99,-99,-99,-99,-99,-99,-99,-99,-99,-99,-99,-99,-99,-99,-99,-99,-99,-99,-99,-99,-99,-99,-99,-99,-99,4,-99,-99
E12000003,Yorkshire and The Humber,E10000023,North Yorkshire,E07000166,Richmondshire,E02005787,"Leyburn, Middleham & Tunstall",-99,-99,-99,-99,-99,-99,-99,-99,-99,-99,5,-99,5,5,-99,-99,-99,-99,-99,-99,-99,-99,-99,-99,-99,-99,-99,-99,-99,-99,-99,-99,-99,-99,5,9,9
E12000003,Yorkshire and The Humber,E10000023,North Yorkshire,E07000167,Ryedale,E02005788,Kirkbymoorside & Moors,-99,-99,-99,-99,-99,-99,-99,-99,-99,-99,-99,-99,-99,-99,-99,-99,-99,-99,-99,-99,-99,-99,-99,-99,-99,-99,-99,-99,-99,-99,-99,-99,-99,-99,3,7,7
E12000003,Yorkshire and The Humber,E10000023,North Yorkshire,E07000167,Ryedale,E02005789,Pickering & Thornton Dale,-99,-99,-99,-99,-99,-99,-99,-99,-99,3,4,-99,3,3,4,-99,-99,-99,-99,-99,-99,-99,-99,-99,-99,-99,-99,-99,-99,-99,-99,-99,-99,-99,-99,7,7
E12000003,Yorkshire and The Humber,E10000023,North Yorkshire,E07000167,Ryedale,E02005790,Helmsley & Ampleforth,-99,-99,-99,-99,-99,-99,-99,-99,-99,-99,-99,-99,-99,-99,-99,-99,-99,-99,-99,-99,-99,-99,-99,-99,-99,-99,-99,-99,-99,-99,-99,-99,-99,-99,-99,9,9
E12000003,Yorkshire and The Humber,E10000023,North Yorkshire,E07000167,Ryedale,E02005791,Rillington & Sherburn,-99,-99,-99,-99,-99,-99,-99,-99,-99,-99,-99,-99,4,-99,-99,3,-99,-99,-99,-99,-99,-99,-99,-99,-99,-99,-99,-99,-99,-99,-99,-99,-99,3,7,7,7
E12000003,Yorkshire and The Humber,E10000023,North Yorkshire,E07000167,Ryedale,E02005794,"Sheriff Hutton, Slingsby & Swinton",-99,-99,-99,-99,-99,-99,-99,-99,-99,3,-99,-99,-99,5,6,7,-99,-99,-99,-99,-99,-99,-99,-99,-99,-99,-99,-99,-99,-99,-99,-99,-99,-99,-99,11,11
E12000003,Yorkshire and The Humber,E10000023,North Yorkshire,E07000168,Scarborough,E02005795,Whitby West,-99,-99,-99,-99,-99,-99,-99,-99,-99,-99,3,-99,-99,6,3,7,-99,-99,-99,-99,-99,-99,-99,-99,-99,-99,-99,-99,-99,-99,-99,11,4,-99,5,7,7
E12000003,Yorkshire and The Humber,E10000023,North Yorkshire,E07000168,Scarborough,E02005796,Esk Valley & Runswick Coast,-99,-99,-99,-99,-99,-99,-99,-99,-99,-99,3,3,-99,-99,-99,-99,3,-99,-99,-99,-99,-99,-99,-99,-99,-99,-99,-99,-99,-99,-99,-99,5,-99,-99,4,4
E12000003,Yorkshire and The Humber,E10000023,North Yorkshire,E07000168,Scarborough,E02005797,Whitby South & East,-99,-99,-99,-99,-99,-99,-99,-99,-99,-99,4,-99,-99,-99,3,-99,-99,-99,-99,-99,-99,-99,-99,-99,-99,-99,-99,-99,-99,-99,-99,10,3,-99,3,5,5
E12000003,Yorkshire and The Humber,E10000023,North Yorkshire,E07000168,Scarborough,E02005798,"Burniston, Sleights & Fylingdales",-99,-99,-99,-99,-99,-99,-99,-99,-99,-99,-99,-99,6,3,-99,3,-99,-99,-99,-99,-99,-99,-99,-99,-99,-99,-99,-99,-99,-99,-99,12,4,-99,4,6,6
E12000003,Yorkshire and The Humber,E10000023,North Yorkshire,E07000168,Scarborough,E02005799,Newby & Scalby,-99,-99,-99,-99,-99,-99,-99,-99,-99,5,4,3,8,8,14,4,3,-99,-99,-99,-99,-99,-99,-99,-99,-99,-99,-99,-99,-99,-99,-99,10,6,6,7,7
E12000003,Yorkshire and The Humber,E10000023,North Yorkshire,E07000168,Scarborough,E02005800,Scarborough Town & North Bay,-99,-99,-99,-99,-99,-99,-99,-99,-99,4,-99,-99,4,-99,4,3,-99,-99,-99,-99,-99,-99,-99,-99,-99,-99,-99,-99,-99,-99,-99,-99,3,-99,3,5,5
E12000003,Yorkshire and The Humber,E10000023,North Yorkshire,E07000168,Scarborough,E02005801,Barrowcliff & Northstead,-99,-99,-99,-99,-99,-99,-99,-99,-99,-99,-99,-99,3,6,6,3,-99,-99,-99,-99,-99,-99,-99,-99,-99,-99,-99,-99,-99,-99,-99,-99,3,4,3,4,4
E12000003,Yorkshire and The Humber,E10000023,North Yorkshire,E07000168,Scarborough,E02005802,Scarborough Central,-99,-99,-99,-99,-99,-99,-99,-99,-99,4,7,9,9,16,16,6,5,7,-99,-99,-99,-99,-99,-99,-99,-99,-99,-99,-99,-99,-99,-99,-99,5,3,5,5
E12000003,Yorkshire and The Humber,E10000023,North Yorkshire,E07000168,Scarborough,E02005803,Falsgrave,-99,-99,-99,-99,-99,-99,-99,-99,-99,3,-99,8,12,17,32,4,5,-99,-99,-99,-99,-99,-99,-99,-99,-99,-99,-99,-99,-99,-99,-99,-99,5,3,14,14
E12000003,Yorkshire and The Humber,E10000023,North Yorkshire,E07000168,Scarborough,E02005804,Ramshill & South Cliff,-99,-99,-99,-99,-99,-99,-99,-99,4,5,5,4,9,8,9,16,5,8,-99,-99,-99,-99,-99,-99,-99,-99,-99,-99,-99,-99,-99,-99,-99,-99,6,18,18
E12000003,Yorkshire and The Humber,E10000023,North Yorkshire,E07000168,Scarborough,E02005805,Wheatcroft & Cayton,-99,-99,-99,-99,-99,-99,-99,-99,-99,5,-99,-99,10,4,8,-99,-99,-99,-99,-99,-99,-99,-99,-99,-99,-99,-99,-99,-99,-99,-99,-99,-99,-99,3,6,6
E12000003,Yorkshire and The Humber,E10000023,North Yorkshire,E07000168,Scarborough,E02005806,"Eastfield, Crossgates & Seamer",-99,-99,-99,-99,-99,-99,-99,-99,-99,-99,4,-99,9,4,6,3,-99,-99,-99,-99,-99,-99,-99,-99,-99,-99,-99,-99,-99,-99,-99,-99,-99,-99,3,7,7
E12000003,Yorkshire and The Humber,E10000023,North Yorkshire,E07000168,Scarborough,E02005807,Ayton & Snainton,-99,-99,-99,-99,-99,-99,-99,-99,-99,-99,-99,-99,-99,6,5,-99,3,-99,-99,-99,-99,-99,-99,-99,-99,-99,-99,-99,-99,-99,-99,-99,-99,-99,4,3,3
E12000003,Yorkshire and The Humber,E10000023,North Yorkshire,E07000168,Scarborough,E02005808,Filey & Hummanby,-99,-99,-99,-99,-99,-99,-99,-99,-99,3,-99,4,10,8,6,4,-99,-99,-99,-99,-99,-99,-99,-99,-99,-99,-99,-99,-99,-99,-99,-99,4,6,5,11,11
E12000003,Yorkshire and The Humber,E10000023,North Yorkshire,E07000169,Selby,E02005809,Tadcaster,-99,-99,-99,-99,-99,-99,-99,-99,-99,-99,3,-99,-99,3,-99,-99,-99,-99,-99,-99,-99,-99,-99,-99,-99,-99,-99,-99,-99,-99,-99,-99,6,5,6,-99,-99
E12000003,Yorkshire and The Humber,E10000023,North Yorkshire,E07000169,Selby,E02005810,"Church Fenton, Appleton & Wistow",-99,-99,-99,-99,-99,-99,-99,-99,-99,-99,3,-99,8,6,8,-99,-99,-99,-99,-99,-99,-99,-99,-99,-99,-99,-99,-99,-99,-99,-99,3,-99,-99,6,10,10
E12000003,Yorkshire and The Humber,E10000023,North Yorkshire,E07000169,Selby,E02005811,Barlby & Riccall,-99,-99,-99,-99,-99,-99,-99,-99,-99,3,-99,-99,11,9,6,-99,-99,-99,-99,-99,-99,-99,-99,-99,-99,-99,-99,-99,-99,-99,-99,-99,5,3,5,11,11
E12000003,Yorkshire and The Humber,E10000023,North Yorkshire,E07000169,Selby,E02005812,Sherburn in Elmet & South Milford,-99,-99,-99,-99,-99,-99,-99,-99,-99,3,-99,4,3,3,-99,-99,-99,-99,-99,-99,3,-99,-99,-99,-99,-99,-99,-99,-99,-99,-99,8,9,11,11,10,10
E12000003,Yorkshire and The Humber,E10000023,North Yorkshire,E07000169,Selby,E02005813,Selby Town,-99,-99,-99,-99,-99,-99,-99,-99,-99,-99,-99,4,8,5,9,13,3,-99,-99,-99,12,-99,-99,-99,-99,-99,-99,-99,-99,-99,-99,7,3,10,8,3,3
E12000003,Yorkshire and The Humber,E10000023,North Yorkshire,E07000169,Selby,E02005814,Selby West,-99,-99,-99,-99,-99,-99,-99,-99,-99,-99,3,3,8,8,9,-99,-99,-99,-99,-99,-99,-99,-99,-99,-99,-99,-99,-99,-99,-99,-99,7,3,3,3,3,3
E12000003,Yorkshire and The Humber,E10000023,North Yorkshire,E07000169,Selby,E02005815,"Selby South, Brayton & Barlow",-99,-99,-99,-99,-99,-99,-99,-99,-99,-99,-99,4,4,5,4,-99,-99,-99,4,-99,-99,-99,-99,-99,-99,-99,-99,-99,-99,-99,-99,6,3,4,3,4,4
E12000003,Yorkshire and The Humber,E10000023,North Yorkshire,E07000169,Selby,E02005816,"Carlton, Hemingbrough & Osgodby",-99,-99,-99,-99,-99,-99,-99,-99,-99,-99,-99,-99,-99,5,-99,-99,-99,-99,-99,-99,-99,-99,-99,-99,-99,-99,-99,-99,-99,-99,-99,6,10,7,8,11,11
E12000003,Yorkshire and The Humber,E10000023,North Yorkshire,E07000169,Selby,E02005817,"Hambleton, Monk Fryston & Byram",-99,-99,-99,-99,-99,-99,-99,-99,-99,-99,-99,-99,-99,5,3,5,4,5,-99,-99,-99,-99,-99,-99,-99,-99,-99,-99,-99,-99,-99,6,5,4,-99,8,8
E12000003,Yorkshire and The Humber,E10000023,North Yorkshire,E07000169,Selby,E02005818,"Eggborough, Kellington & Smeaton",-99,-99,-99,-99,-99,-99,-99,-99,-99,-99,-99,-99,-99,3,-99,3,-99,-99,-99,-99,-99,-99,-99,-99,-99,-99,-99,-99,-99,-99,-99,-99,4,3,8,10,10
E12000004,East Midlands,E10000024,Nottinghamshire,E07000170,Ashfield,E02005819,Stanton Hill & Skegby,-99,-99,-99,-99,-99,-99,-99,-99,-99,-99,-99,-99,5,-99,-99,-99,-99,-99,-99,-99,-99,-99,-99,-99,-99,-99,-99,-99,-99,-99,-99,3,-99,4,-99,-99,-99
E12000004,East Midlands,E10000024,Nottinghamshire,E07000170,Ashfield,E02005820,The Dales & South Skegby,-99,-99,-99,-99,-99,-99,-99,-99,-99,-99,-99,4,-99,3,-99,-99,-99,-99,-99,-99,-99,-99,-99,-99,-99,-99,-99,-99,-99,-99,-99,3,-99,-99,-99,4,4
E12000004,East Midlands,E10000024,Nottinghamshire,E07000170,Ashfield,E02005821,Huthwaite,-99,-99,-99,-99,-99,-99,-99,-99,-99,3,-99,3,4,7,5,-99,-99,3,-99,-99,-99,-99,-99,-99,-99,-99,-99,-99,-99,-99,-99,-99,-99,-99,-99,7,7
E12000004,East Midlands,E10000024,Nottinghamshire,E07000170,Ashfield,E02005822,Sutton Forest Side & New Cross,-99,-99,-99,-99,-99,-99,-99,-99,-99,-99,-99,7,10,14,5,14,3,8,-99,-99,-99,-99,-99,-99,-99,-99,-99,-99,-99,-99,-99,4,5,-99,4,12,12
E12000004,East Midlands,E10000024,Nottinghamshire,E07000170,Ashfield,E02005823,Sutton Central & Leamington,-99,-99,-99,-99,-99,-99,-99,-99,-99,-99,5,13,5,4,-99,4,-99,-99,4,-99,-99,-99,-99,-99,-99,-99,-99,-99,-99,-99,-99,-99,6,-99,3,6,6
E12000004,East Midlands,E10000024,Nottinghamshire,E07000170,Ashfield,E02005824,Sutton St Mary's & Ashfields,-99,-99,-99,-99,-99,-99,-99,-99,-99,3,-99,-99,3,9,-99,3,-99,-99,-99,-99,-99,-99,3,-99,-99,-99,-99,-99,-99,-99,-99,-99,-99,-99,5,9,9
E12000004,East Midlands,E10000024,Nottinghamshire,E07000170,Ashfield,E02005825,East Kirkby,-99,-99,-99,-99,-99,-99,-99,-99,-99,-99,-99,3,-99,10,15,-99,-99,9,-99,-99,-99,-99,3,4,-99,-99,-99,-99,-99,-99,-99,-99,-99,3,6,10,10
E12000004,East Midlands,E10000024,Nottinghamshire,E07000170,Ashfield,E02005826,Kirkby Central,-99,-99,-99,-99,-99,-99,-99,-99,3,-99,-99,3,3,5,-99,-99,-99,-99,-99,-99,-99,-99,-99,-99,-99,-99,-99,-99,-99,-99,-99,9,-99,-99,-99,-99,-99
E12000004,East Midlands,E10000024,Nottinghamshire,E07000170,Ashfield,E02005827,Kirkby Larwood & Kingsway,-99,-99,-99,-99,-99,-99,-99,-99,-99,-99,7,8,5,6,-99,-99,-99,6,-99,-99,-99,-99,-99,-99,-99,-99,-99,-99,-99,-99,-99,5,4,-99,5,12,12
E12000004,East Midlands,E10000024,Nottinghamshire,E07000170,Ashfield,E02005828,Annesley & Kirkby Woodhouse,-99,-99,-99,-99,-99,-99,-99,-99,-99,-99,-99,6,4,5,-99,-99,3,-99,-99,-99,-99,-99,-99,-99,-99,-99,-99,-99,-99,-99,-99,-99,-99,-99,-99,5,5
E12000004,East Midlands,E10000024,Nottinghamshire,E07000170,Ashfield,E02005829,Selston,-99,-99,-99,-99,-99,-99,-99,-99,-99,3,-99,4,-99,-99,-99,3,8,11,12,-99,-99,-99,-99,-99,-99,-99,-99,-99,6,-99,-99,4,3,-99,6,4,4
E12000004,East Midlands,E10000024,Nottinghamshire,E07000170,Ashfield,E02005830,Jacksdale & Underwoood,-99,-99,-99,-99,-99,-99,-99,-99,-99,-99,-99,-99,4,-99,-99,-99,6,-99,3,-99,-99,-99,-99,-99,-99,-99,-99,-99,-99,-99,-99,-99,-99,3,4,7,7
E12000004,East Midlands,E10000024,Nottinghamshire,E07000170,Ashfield,E02005831,Hucknall North & East,-99,-99,-99,-99,-99,-99,-99,-99,3,-99,-99,18,7,4,5,-99,-99,4,-99,-99,-99,-99,-99,-99,-99,-99,-99,-99,-99,-99,-99,-99,4,3,3,13,13
E12000004,East Midlands,E10000024,Nottinghamshire,E07000170,Ashfield,E02005832,Hucknall Town,-99,-99,-99,-99,-99,-99,-99,-99,-99,5,6,8,7,3,-99,3,-99,-99,-99,-99,-99,-99,-99,-99,-99,-99,-99,-99,-99,-99,-99,3,5,8,5,16,16
E12000004,East Midlands,E10000024,Nottinghamshire,E07000170,Ashfield,E02005833,West Hucknall,-99,-99,-99,-99,-99,-99,-99,-99,-99,-99,-99,4,-99,-99,-99,-99,-99,-99,-99,-99,-99,-99,-99,-99,-99,-99,-99,-99,-99,-99,-99,-99,6,-99,8,10,10
E12000004,East Midlands,E10000024,Nottinghamshire,E07000170,Ashfield,E02005834,Hucknall Westville,-99,-99,-99,-99,-99,-99,-99,-99,-99,3,7,11,5,3,-99,-99,5,-99,-99,-99,-99,-99,-99,-99,-99,-99,-99,-99,-99,-99,-99,-99,-99,7,11,10,10
E12000004,East Midlands,E10000024,Nottinghamshire,E07000171,Bassetlaw,E02005835,"Harworth, Bircotes & Blyth",-99,-99,-99,-99,-99,-99,-99,-99,-99,6,6,3,-99,4,-99,6,-99,-99,-99,-99,8,4,-99,-99,-99,-99,-99,-99,-99,3,-99,-99,3,3,4,10,10
E12000004,East Midlands,E10000024,Nottinghamshire,E07000171,Bassetlaw,E02005836,"Clarborough, Beckingham & Misterton",-99,-99,-99,-99,-99,-99,-99,-99,-99,5,-99,4,6,3,-99,-99,3,-99,4,-99,-99,-99,-99,-99,-99,-99,-99,-99,-99,-99,-99,-99,4,5,6,8,8
E12000004,East Midlands,E10000024,Nottinghamshire,E07000171,Bassetlaw,E02005837,"Ranskill, Everton & Gringley",-99,-99,-99,-99,-99,-99,-99,-99,-99,-99,5,-99,-99,-99,3,3,-99,-99,3,-99,-99,-99,-99,3,-99,-99,-99,-99,-99,-99,-99,-99,-99,-99,-99,10,10
E12000004,East Midlands,E10000024,Nottinghamshire,E07000171,Bassetlaw,E02005838,Carlton & Langold,-99,-99,-99,-99,-99,-99,-99,-99,-99,4,3,4,-99,4,-99,-99,-99,4,-99,-99,9,-99,-99,-99,-99,-99,-99,3,-99,-99,-99,-99,-99,3,-99,4,4
E12000004,East Midlands,E10000024,Nottinghamshire,E07000171,Bassetlaw,E02005839,Retford North,-99,-99,-99,-99,-99,-99,-99,-99,-99,-99,3,3,4,3,5,7,14,-99,3,-99,6,-99,-99,-99,-99,6,4,4,-99,-99,-99,-99,-99,-99,3,-99,-99
E12000004,East Midlands,E10000024,Nottinghamshire,E07000171,Bassetlaw,E02005840,Worksop North,-99,-99,-99,-99,-99,-99,-99,-99,-99,-99,6,5,-99,6,-99,-99,3,-99,3,-99,-99,-99,-99,-99,-99,-99,3,-99,-99,-99,3,-99,-99,-99,4,7,7
E12000004,East Midlands,E10000024,Nottinghamshire,E07000171,Bassetlaw,E02005842,Retford East,-99,-99,-99,-99,-99,-99,-99,-99,-99,-99,3,-99,3,-99,-99,-99,-99,-99,-99,-99,4,-99,-99,-99,-99,4,-99,-99,-99,-99,-99,4,-99,-99,-99,4,4
E12000004,East Midlands,E10000024,Nottinghamshire,E07000171,Bassetlaw,E02005843,"Worksop West, Shireoaks & Rhodesia",-99,-99,-99,-99,-99,-99,-99,-99,-99,4,9,9,7,8,-99,-99,-99,-99,-99,3,5,4,-99,-99,-99,-99,-99,-99,-99,-99,-99,-99,-99,-99,-99,8,8
E12000004,East Midlands,E10000024,Nottinghamshire,E07000171,Bassetlaw,E02005844,Retford South,-99,-99,-99,-99,-99,-99,-99,-99,-99,-99,-99,-99,-99,-99,-99,-99,3,-99,-99,-99,-99,-99,-99,-99,-99,5,-99,3,12,-99,-99,3,-99,-99,-99,11,11
E12000004,East Midlands,E10000024,Nottinghamshire,E07000171,Bassetlaw,E02005846,Worksop Cheapside,-99,-99,-99,-99,-99,-99,-99,-99,-99,-99,-99,-99,-99,-99,5,10,9,-99,4,15,5,6,-99,-99,-99,-99,-99,-99,-99,-99,-99,-99,-99,-99,-99,3,3
E12000004,East Midlands,E10000024,Nottinghamshire,E07000171,Bassetlaw,E02005847,Worksop Town & South,-99,-99,-99,-99,-99,-99,-99,-99,3,-99,-99,4,3,3,-99,-99,27,-99,-99,9,4,-99,-99,-99,-99,-99,-99,-99,-99,3,-99,-99,-99,-99,-99,7,7
E12000004,East Midlands,E10000024,Nottinghamshire,E07000171,Bassetlaw,E02005848,"Manton, Clumber & Elkesley",-99,-99,-99,-99,-99,-99,-99,-99,-99,3,-99,-99,-99,-99,-99,7,-99,-99,3,-99,-99,-99,-99,-99,-99,-99,-99,-99,-99,-99,-99,-99,-99,-99,5,5,5
E12000004,East Midlands,E10000024,Nottinghamshire,E07000171,Bassetlaw,E02005849,"Tuxford, Markham & Rampton",-99,-99,-99,-99,-99,-99,-99,-99,-99,-99,-99,-99,-99,5,5,-99,-99,-99,-99,-99,-99,-99,-99,-99,-99,-99,-99,-99,-99,-99,-99,-99,-99,-99,-99,8,8
E12000004,East Midlands,E10000024,Nottinghamshire,E07000172,Broxtowe,E02005850,Eastwood Hall & Brinsley,-99,-99,-99,-99,-99,-99,-99,-99,4,-99,6,-99,14,10,-99,-99,-99,-99,-99,-99,-99,-99,-99,-99,-99,-99,-99,-99,-99,-99,-99,-99,10,-99,4,4,4
E12000004,East Midlands,E10000024,Nottinghamshire,E07000172,Broxtowe,E02005851,Eastwood Town,-99,-99,-99,-99,-99,-99,-99,-99,-99,-99,-99,3,3,7,-99,-99,-99,-99,-99,-99,-99,-99,-99,-99,-99,-99,-99,-99,-99,-99,-99,4,-99,-99,-99,4,4
E12000004,East Midlands,E10000024,Nottinghamshire,E07000172,Broxtowe,E02005852,Eastwood East,-99,-99,-99,-99,-99,-99,-99,-99,3,-99,3,-99,-99,4,-99,10,6,-99,-99,-99,-99,-99,-99,-99,-99,-99,-99,-99,-99,-99,-99,3,-99,4,3,4,4
E12000004,East Midlands,E10000024,Nottinghamshire,E07000172,Broxtowe,E02005853,Kimberley North & Watnall,-99,-99,-99,-99,-99,-99,-99,-99,-99,4,5,5,6,4,-99,3,-99,-99,-99,-99,-99,-99,-99,-99,-99,-99,-99,-99,-99,-99,3,7,-99,4,10,-99,-99
E12000004,East Midlands,E10000024,Nottinghamshire,E07000172,Broxtowe,E02005856,Bramcote,-99,-99,-99,-99,-99,-99,-99,-99,6,-99,4,-99,-99,-99,-99,-99,-99,-99,-99,-99,-99,-99,-99,-99,-99,-99,-99,-99,-99,-99,-99,-99,-99,4,4,10,10
E12000004,East Midlands,E10000024,Nottinghamshire,E07000172,Broxtowe,E02005857,Stapleford North,-99,-99,-99,-99,-99,-99,-99,-99,-99,3,-99,4,-99,5,-99,4,-99,-99,-99,-99,-99,-99,-99,-99,-99,-99,-99,-99,-99,-99,-99,-99,3,-99,5,5,5
E12000004,East Midlands,E10000024,Nottinghamshire,E07000172,Broxtowe,E02005858,Beeston North,-99,-99,-99,-99,-99,-99,3,-99,-99,3,-99,4,-99,4,-99,-99,-99,-99,-99,-99,-99,-99,-99,-99,-99,-99,-99,-99,-99,-99,4,11,4,-99,13,74,74
E12000004,East Midlands,E10000024,Nottinghamshire,E07000172,Broxtowe,E02005859,Stapleford South,-99,-99,-99,-99,-99,-99,-99,-99,3,-99,-99,-99,-99,3,-99,4,-99,-99,-99,3,-99,-99,-99,-99,-99,-99,-99,-99,-99,-99,-99,-99,-99,-99,5,10,10
E12000004,East Midlands,E10000024,Nottinghamshire,E07000172,Broxtowe,E02005860,Beeston Town,-99,-99,-99,-99,-99,-99,-99,3,3,3,9,4,6,6,7,5,-99,-99,-99,-99,-99,-99,-99,-99,-99,-99,-99,-99,-99,3,-99,-99,-99,4,4,37,37
E12000004,East Midlands,E10000024,Nottinghamshire,E07000172,Broxtowe,E02005861,Beeston Rylands,-99,-99,-99,-99,-99,-99,-99,-99,-99,-99,-99,-99,-99,-99,-99,-99,-99,-99,4,-99,-99,-99,-99,-99,-99,-99,-99,-99,-99,-99,-99,-99,-99,-99,3,7,7
E12000004,East Midlands,E10000024,Nottinghamshire,E07000172,Broxtowe,E02005862,Chilwell West,-99,-99,-99,-99,-99,-99,-99,-99,-99,-99,3,5,4,-99,-99,-99,-99,-99,-99,-99,-99,-99,-99,-99,-99,-99,-99,-99,-99,3,-99,-99,3,-99,4,4,4
E12000004,East Midlands,E10000024,Nottinghamshire,E07000172,Broxtowe,E02005863,Attenborough & Chilwell East,-99,-99,-99,-99,-99,-99,-99,-99,-99,-99,3,11,12,10,9,-99,3,-99,-99,-99,-99,-99,-99,-99,-99,-99,-99,-99,-99,-99,-99,7,-99,3,7,5,5
E12000004,East Midlands,E10000024,Nottinghamshire,E07000172,Broxtowe,E02005864,Toton,-99,-99,-99,-99,-99,-99,-99,-99,-99,3,-99,-99,-99,3,3,4,-99,-99,-99,-99,-99,-99,-99,-99,-99,3,-99,-99,-99,-99,5,-99,4,10,-99,8,8
E12000004,East Midlands,E10000024,Nottinghamshire,E07000173,Gedling,E02005865,Ravenshead & Newstead,-99,-99,-99,-99,-99,-99,-99,-99,-99,-99,-99,3,-99,-99,-99,-99,-99,-99,3,-99,-99,-99,-99,-99,-99,-99,-99,-99,-99,-99,-99,-99,4,-99,4,12,12
E12000004,East Midlands,E10000024,Nottinghamshire,E07000173,Gedling,E02005866,Calverton & Woodborough,-99,-99,-99,-99,-99,-99,-99,-99,-99,-99,-99,-99,-99,4,-99,-99,-99,-99,-99,-99,3,-99,-99,-99,-99,-99,-99,-99,-99,-99,-99,-99,4,-99,3,17,17
E12000004,East Midlands,E10000024,Nottinghamshire,E07000173,Gedling,E02005868,Redhill,-99,-99,-99,-99,-99,-99,-99,-99,4,4,3,-99,-99,-99,-99,-99,-99,-99,3,-99,-99,-99,-99,-99,-99,-99,-99,-99,-99,-99,-99,-99,-99,-99,4,9,9
E12000004,East Midlands,E10000024,Nottinghamshire,E07000173,Gedling,E02005869,Arnold Town,-99,-99,-99,-99,-99,-99,-99,-99,-99,3,-99,5,-99,-99,-99,-99,-99,3,-99,-99,-99,-99,-99,-99,-99,-99,-99,-99,-99,-99,-99,-99,-99,-99,-99,4,4
E12000004,East Midlands,E10000024,Nottinghamshire,E07000173,Gedling,E02005870,Daybrook,-99,-99,-99,-99,-99,-99,-99,-99,-99,-99,-99,-99,-99,-99,-99,4,-99,-99,-99,-99,-99,-99,-99,-99,-99,-99,-99,-99,-99,-99,-99,-99,-99,-99,-99,8,8
E12000004,East Midlands,E10000024,Nottinghamshire,E07000173,Gedling,E02005871,Plains Estate,-99,-99,-99,-99,-99,-99,-99,-99,-99,-99,-99,-99,-99,-99,-99,-99,-99,-99,-99,-99,-99,-99,-99,-99,-99,-99,-99,-99,-99,-99,-99,-99,-99,-99,6,4,4
E12000004,East Midlands,E10000024,Nottinghamshire,E07000173,Gedling,E02005872,Burton Joyce & Lambley,-99,-99,-99,-99,-99,-99,-99,-99,-99,3,-99,3,5,-99,-99,-99,-99,-99,-99,-99,-99,-99,-99,-99,-99,-99,-99,-99,-99,-99,-99,-99,-99,-99,-99,3,3
E12000004,East Midlands,E10000024,Nottinghamshire,E07000173,Gedling,E02005873,Woodthorpe & Arno Vale,-99,-99,-99,-99,-99,-99,-99,3,-99,8,6,14,-99,3,-99,-99,-99,-99,-99,-99,-99,-99,-99,-99,-99,-99,-99,3,-99,-99,-99,-99,3,3,9,26,26
E12000004,East Midlands,E10000024,Nottinghamshire,E07000173,Gedling,E02005874,Mapperley & Porchester,-99,-99,-99,-99,-99,-99,-99,-99,5,3,-99,5,5,-99,-99,-99,-99,-99,-99,-99,-99,-99,-99,-99,-99,-99,-99,-99,-99,-99,-99,3,-99,3,4,8,8
E12000004,East Midlands,E10000024,Nottinghamshire,E07000173,Gedling,E02005875,Gedling North,-99,-99,-99,-99,-99,-99,-99,-99,3,-99,-99,3,-99,6,8,3,-99,-99,5,-99,-99,-99,-99,-99,-99,-99,-99,-99,-99,-99,-99,3,-99,-99,3,16,16
E12000004,East Midlands,E10000024,Nottinghamshire,E07000173,Gedling,E02005876,Gedling South,-99,-99,-99,-99,-99,-99,-99,-99,-99,6,7,5,5,-99,-99,-99,-99,-99,-99,-99,-99,-99,-99,-99,-99,-99,-99,-99,-99,-99,-99,-99,-99,-99,4,13,13
E12000004,East Midlands,E10000024,Nottinghamshire,E07000173,Gedling,E02005877,Carlton Hill,-99,-99,-99,-99,-99,-99,-99,-99,-99,-99,-99,-99,-99,-99,3,5,-99,-99,-99,-99,-99,-99,-99,-99,-99,-99,-99,-99,-99,-99,-99,5,-99,-99,-99,6,6
E12000004,East Midlands,E10000024,Nottinghamshire,E07000173,Gedling,E02005878,Carlton,-99,-99,-99,-99,-99,-99,-99,-99,5,-99,-99,-99,4,-99,-99,-99,-99,-99,-99,-99,-99,-99,-99,-99,-99,-99,-99,-99,-99,-99,-99,-99,-99,-99,3,13,13
E12000004,East Midlands,E10000024,Nottinghamshire,E07000173,Gedling,E02005879,Netherfield & Colwick,-99,-99,-99,-99,-99,-99,-99,-99,-99,-99,-99,3,-99,3,-99,-99,-99,-99,-99,-99,-99,-99,-99,-99,-99,-99,-99,-99,-99,-99,-99,-99,3,-99,-99,4,4
E12000004,East Midlands,E10000024,Nottinghamshire,E07000174,Mansfield,E02005880,Church Warsop & Meden Vale,-99,-99,-99,-99,-99,-99,-99,-99,-99,-99,-99,3,-99,-99,-99,-99,-99,-99,-99,-99,-99,-99,-99,-99,-99,-99,-99,-99,-99,-99,-99,-99,4,3,3,3,3
E12000004,East Midlands,E10000024,Nottinghamshire,E07000174,Mansfield,E02005881,Market Warsop,-99,-99,-99,-99,-99,-99,-99,-99,-99,-99,-99,-99,-99,-99,-99,3,4,-99,-99,-99,-99,-99,-99,-99,-99,-99,-99,-99,-99,-99,-99,-99,6,-99,-99,-99,-99
E12000004,East Midlands,E10000024,Nottinghamshire,E07000174,Mansfield,E02005882,"Manor, Hornby & Peafields",-99,-99,-99,-99,-99,-99,-99,-99,3,-99,-99,-99,3,-99,3,3,-99,-99,-99,-99,-99,-99,-99,-99,-99,-99,-99,-99,-99,-99,-99,-99,-99,3,3,-99,-99
E12000004,East Midlands,E10000024,Nottinghamshire,E07000174,Mansfield,E02005883,Woodhouse,-99,-99,-99,-99,-99,-99,-99,-99,-99,4,-99,-99,3,7,3,-99,-99,5,-99,4,4,-99,-99,-99,-99,-99,-99,-99,-99,-99,-99,-99,3,-99,-99,10,10
E12000004,East Midlands,E10000024,Nottinghamshire,E07000174,Mansfield,E02005884,Yeoman Hill & Maun Valley,-99,-99,-99,-99,-99,-99,-99,-99,-99,-99,-99,-99,3,7,4,-99,-99,3,-99,-99,-99,-99,-99,-99,-99,-99,-99,-99,-99,-99,-99,-99,-99,-99,-99,4,4
E12000004,East Midlands,E10000024,Nottinghamshire,E07000174,Mansfield,E02005885,Abbott Road & Pleasley Hill,-99,-99,-99,-99,-99,-99,-99,-99,3,4,-99,4,-99,-99,-99,3,-99,-99,-99,-99,-99,-99,-99,-99,-99,-99,-99,-99,-99,-99,-99,-99,-99,-99,4,5,5
E12000004,East Midlands,E10000024,Nottinghamshire,E07000174,Mansfield,E02005886,Forest Town & Newlands,-99,-99,-99,-99,-99,-99,-99,-99,-99,-99,-99,-99,3,-99,3,-99,-99,-99,-99,-99,-99,-99,-99,-99,-99,-99,-99,-99,-99,-99,-99,4,-99,-99,-99,3,3
E12000004,East Midlands,E10000024,Nottinghamshire,E07000174,Mansfield,E02005887,Mansfield Town Centre & Broomhill,-99,-99,-99,-99,-99,-99,-99,-99,-99,-99,-99,-99,-99,-99,-99,-99,3,4,-99,-99,3,-99,-99,-99,-99,-99,-99,-99,-99,-99,-99,7,3,4,6,4,4
E12000004,East Midlands,E10000024,Nottinghamshire,E07000174,Mansfield,E02005888,Newgate & Carr Bank,-99,-99,-99,-99,-99,-99,-99,-99,3,-99,4,-99,5,3,-99,-99,-99,-99,24,-99,4,5,-99,-99,-99,-99,-99,-99,-99,-99,-99,-99,-99,7,5,3,3
E12000004,East Midlands,E10000024,Nottinghamshire,E07000174,Mansfield,E02005889,Grange Farm & Ladybrook,-99,-99,-99,-99,-99,-99,-99,-99,4,-99,5,-99,4,3,-99,-99,4,-99,-99,-99,-99,-99,-99,-99,-99,-99,-99,-99,-99,-99,-99,3,7,3,-99,5,5
E12000004,East Midlands,E10000024,Nottinghamshire,E07000174,Mansfield,E02005890,Eakring & Ling Forest,-99,-99,-99,-99,-99,-99,-99,-99,-99,3,-99,-99,3,3,-99,-99,-99,-99,-99,-99,3,-99,-99,-99,-99,-99,-99,-99,-99,-99,-99,-99,-99,4,4,7,7
E12000004,East Midlands,E10000024,Nottinghamshire,E07000174,Mansfield,E02005891,Oak Tree & Ransom Wood,-99,-99,-99,-99,-99,-99,-99,-99,-99,3,4,-99,3,3,4,-99,-99,-99,-99,4,-99,-99,-99,-99,-99,-99,-99,-99,-99,-99,-99,-99,7,3,4,7,7
E12000004,East Midlands,E10000024,Nottinghamshire,E07000174,Mansfield,E02005892,"King's Walk, Berry Hill & Oakham",-99,-99,-99,-99,-99,-99,-99,-99,5,5,4,-99,-99,3,-99,4,-99,-99,-99,-99,-99,-99,-99,-99,-99,-99,-99,-99,-99,-99,4,8,3,4,6,15,15
E12000004,East Midlands,E10000024,Nottinghamshire,E07000175,Newark and Sherwood,E02005893,Ollerton & Boughton,-99,-99,-99,-99,-99,-99,-99,-99,-99,-99,3,-99,6,6,4,-99,-99,-99,3,-99,-99,-99,-99,-99,-99,-99,-99,-99,-99,-99,-99,-99,-99,14,13,11,11
E12000004,East Midlands,E10000024,Nottinghamshire,E07000175,Newark and Sherwood,E02005894,Edwinstowe & Clipstone,-99,-99,-99,-99,-99,-99,-99,-99,5,10,-99,-99,3,9,-99,-99,-99,4,7,-99,-99,-99,-99,-99,6,-99,-99,-99,-99,-99,-99,-99,-99,3,4,8,8
E12000004,East Midlands,E10000024,Nottinghamshire,E07000175,Newark and Sherwood,E02005895,"Muskham, Sutton on Trent & Walesby",-99,-99,-99,-99,-99,3,-99,-99,-99,-99,-99,3,-99,-99,-99,-99,-99,-99,-99,-99,-99,-99,-99,-99,-99,-99,-99,-99,-99,-99,-99,-99,-99,-99,3,4,4
E12000004,East Midlands,E10000024,Nottinghamshire,E07000175,Newark and Sherwood,E02005896,"Winthorpe, Coddington & Collingham",-99,-99,-99,-99,-99,-99,-99,-99,-99,-99,-99,-99,-99,-99,3,-99,-99,-99,-99,-99,-99,-99,-99,-99,-99,-99,-99,-99,-99,-99,-99,-99,-99,-99,4,8,8
E12000004,East Midlands,E10000024,Nottinghamshire,E07000175,Newark and Sherwood,E02005897,Blisthorpe & Farnsfield,-99,-99,-99,-99,-99,-99,-99,-99,-99,-99,6,-99,-99,4,-99,3,-99,-99,-99,-99,-99,-99,-99,-99,-99,-99,-99,-99,-99,-99,4,-99,-99,-99,4,13,13
E12000004,East Midlands,E10000024,Nottinghamshire,E07000175,Newark and Sherwood,E02005898,Rainworth & Blidworth,-99,-99,-99,-99,-99,-99,-99,-99,-99,7,3,5,-99,-99,-99,-99,-99,-99,-99,-99,-99,-99,-99,-99,-99,-99,-99,-99,-99,-99,-99,3,8,7,9,14,14
E12000004,East Midlands,E10000024,Nottinghamshire,E07000175,Newark and Sherwood,E02005899,Newark North,-99,-99,-99,-99,-99,-99,-99,-99,-99,3,-99,-99,-99,-99,3,3,-99,4,-99,-99,-99,-99,-99,-99,-99,-99,11,10,12,8,-99,-99,-99,-99,3,6,6
E12000004,East Midlands,E10000024,Nottinghamshire,E07000175,Newark and Sherwood,E02005900,Southwell,-99,-99,-99,-99,-99,-99,-99,-99,-99,5,-99,5,-99,-99,-99,-99,-99,-99,-99,-99,-99,-99,-99,-99,-99,-99,-99,-99,-99,3,-99,-99,-99,4,-99,9,9
E12000004,East Midlands,E10000024,Nottinghamshire,E07000175,Newark and Sherwood,E02005901,Newark South East,-99,-99,-99,-99,-99,-99,-99,-99,-99,3,-99,3,-99,6,4,-99,-99,-99,-99,-99,-99,-99,-99,-99,-99,-99,4,5,9,-99,-99,-99,-99,-99,-99,5,5
E12000004,East Midlands,E10000024,Nottinghamshire,E07000175,Newark and Sherwood,E02005902,Newark South West,-99,-99,-99,-99,-99,-99,-99,-99,-99,-99,3,4,-99,3,-99,4,-99,-99,-99,-99,-99,-99,-99,-99,-99,-99,6,5,6,8,-99,-99,-99,5,4,-99,-99
E12000004,East Midlands,E10000024,Nottinghamshire,E07000175,Newark and Sherwood,E02005903,Balderton,-99,-99,-99,-99,-99,-99,-99,-99,3,-99,-99,3,-99,3,-99,-99,3,-99,-99,-99,-99,-99,-99,-99,-99,-99,-99,8,5,3,-99,-99,3,-99,3,5,5
E12000004,East Midlands,E10000024,Nottinghamshire,E07000175,Newark and Sherwood,E02005904,"Fernwood, Farndon & Fiskerton",-99,-99,-99,-99,-99,-99,-99,-99,-99,3,-99,-99,-99,-99,-99,5,4,6,-99,-99,-99,-99,-99,-99,-99,-99,3,-99,-99,-99,-99,-99,-99,-99,4,13,13
E12000004,East Midlands,E10000024,Nottinghamshire,E07000175,Newark and Sherwood,E02005905,"Lowdham, Bleasby & Gunthorpe",-99,-99,-99,-99,-99,-99,-99,-99,-99,-99,-99,-99,-99,3,-99,-99,-99,-99,-99,-99,-99,-99,-99,-99,-99,-99,-99,-99,-99,-99,-99,4,4,-99,37,47,47
E12000004,East Midlands,E10000024,Nottinghamshire,E07000176,Rushcliffe,E02005906,East Bridgford & Aslockton,-99,-99,-99,-99,-99,-99,-99,-99,-99,-99,-99,7,-99,-99,-99,-99,-99,-99,-99,-99,-99,-99,-99,-99,-99,-99,-99,-99,-99,-99,-99,-99,-99,-99,3,6,6
E12000004,East Midlands,E10000024,Nottinghamshire,E07000176,Rushcliffe,E02005907,Bingham,-99,-99,-99,-99,-99,-99,-99,-99,-99,-99,-99,4,11,-99,-99,4,-99,-99,-99,-99,-99,5,3,-99,-99,-99,-99,-99,-99,-99,3,-99,3,-99,-99,6,6
E12000004,East Midlands,E10000024,Nottinghamshire,E07000176,Rushcliffe,E02005908,Radcliffe on Trent & Shelford,-99,-99,-99,-99,-99,-99,-99,-99,-99,5,4,5,6,-99,-99,7,-99,-99,-99,-99,-99,-99,-99,-99,-99,-99,-99,-99,-99,-99,-99,-99,8,-99,7,8,8
E12000004,East Midlands,E10000024,Nottinghamshire,E07000176,Rushcliffe,E02005909,Lady Bay,-99,-99,-99,-99,-99,-99,-99,-99,-99,-99,-99,-99,-99,3,-99,4,-99,-99,-99,-99,-99,-99,-99,-99,-99,-99,-99,-99,-99,-99,-99,-99,-99,3,4,18,18
E12000004,East Midlands,E10000024,Nottinghamshire,E07000176,Rushcliffe,E02005910,West Bridgford,-99,-99,-99,-99,-99,-99,-99,-99,-99,-99,-99,-99,-99,-99,-99,-99,-99,-99,-99,-99,-99,-99,-99,-99,-99,-99,-99,-99,-99,-99,-99,-99,3,3,7,61,61
E12000004,East Midlands,E10000024,Nottinghamshire,E07000176,Rushcliffe,E02005911,Gamston & Holme Pierrepoint,-99,-99,-99,-99,-99,-99,-99,-99,7,-99,-99,-99,3,4,3,4,-99,-99,3,-99,-99,-99,-99,-99,-99,-99,-99,-99,-99,-99,7,4,-99,5,12,10,10
E12000004,East Midlands,E10000024,Nottinghamshire,E07000176,Rushcliffe,E02005912,Compton Acres & Lutterell,-99,-99,-99,-99,-99,-99,-99,-99,-99,7,-99,5,4,3,5,4,3,-99,-99,3,3,-99,-99,-99,-99,-99,-99,-99,-99,-99,-99,-99,-99,-99,7,9,9
E12000004,East Midlands,E10000024,Nottinghamshire,E07000176,Rushcliffe,E02005913,Edwalton,-99,-99,-99,-99,-99,-99,-99,-99,-99,-99,-99,-99,3,-99,3,5,-99,9,-99,-99,-99,-99,-99,-99,-99,-99,-99,-99,-99,-99,-99,5,-99,10,6,20,20
E12000004,East Midlands,E10000024,Nottinghamshire,E07000176,Rushcliffe,E02005914,Cotgrave,-99,-99,-99,-99,-99,-99,-99,-99,5,6,5,5,10,12,-99,-99,-99,8,3,-99,-99,-99,-99,-99,-99,-99,-99,-99,-99,-99,-99,-99,4,3,3,12,12
E12000004,East Midlands,E10000024,Nottinghamshire,E07000176,Rushcliffe,E02005915,"Cropwell Bishop, Kinoulton & Upper Broughton",-99,-99,-99,-99,-99,-99,-99,-99,-99,-99,-99,4,-99,-99,-99,-99,-99,-99,-99,-99,-99,-99,-99,-99,-99,-99,-99,-99,-99,-99,-99,-99,-99,-99,-99,4,4
E12000004,East Midlands,E10000024,Nottinghamshire,E07000176,Rushcliffe,E02005916,Ruddington,-99,-99,-99,-99,-99,-99,-99,-99,-99,-99,-99,3,5,-99,-99,6,12,3,-99,-99,-99,-99,-99,3,-99,-99,-99,-99,-99,-99,-99,4,-99,7,-99,17,17
E12000004,East Midlands,E10000024,Nottinghamshire,E07000176,Rushcliffe,E02005917,"Keyworth North, Tollerton & Willoughby",-99,-99,-99,-99,-99,-99,-99,-99,-99,-99,-99,4,-99,3,-99,3,-99,-99,-99,-99,-99,-99,-99,-99,-99,-99,-99,-99,-99,-99,-99,-99,3,5,-99,6,6
E12000004,East Midlands,E10000024,Nottinghamshire,E07000176,Rushcliffe,E02005918,Keyworth South,-99,-99,-99,-99,-99,-99,-99,-99,-99,-99,-99,-99,3,-99,-99,-99,-99,-99,-99,-99,-99,-99,-99,-99,-99,-99,-99,-99,-99,-99,-99,-99,-99,-99,-99,11,11
E12000004,East Midlands,E10000024,Nottinghamshire,E07000176,Rushcliffe,E02005919,"Ratcliffe, Sutton Bonington & Gotham",-99,-99,-99,-99,-99,-99,-99,-99,-99,-99,-99,-99,-99,-99,-99,-99,-99,-99,-99,-99,-99,-99,-99,-99,-99,-99,-99,-99,-99,-99,-99,-99,-99,-99,-99,20,20
E12000004,East Midlands,E10000024,Nottinghamshire,E07000176,Rushcliffe,E02005920,East Leake,-99,-99,-99,-99,-99,-99,-99,-99,-99,-99,7,-99,-99,-99,-99,-99,3,-99,-99,-99,-99,-99,-99,-99,-99,-99,-99,-99,-99,-99,-99,-99,-99,-99,-99,8,8
E12000008,South East,E10000025,Oxfordshire,E07000177,Cherwell,E02005921,"Cropredy, Wroxton & Shennington",-99,-99,-99,-99,-99,-99,-99,-99,-99,3,-99,-99,3,4,3,7,-99,-99,-99,-99,-99,-99,-99,-99,-99,-99,-99,-99,-99,-99,-99,-99,-99,-99,-99,-99,-99
E12000008,South East,E10000025,Oxfordshire,E07000177,Cherwell,E02005922,Banbury Hardwick,-99,-99,-99,-99,-99,-99,-99,-99,-99,4,5,3,-99,4,4,-99,3,6,-99,-99,-99,-99,4,-99,-99,-99,-99,-99,-99,-99,-99,-99,-99,-99,-99,5,5
E12000008,South East,E10000025,Oxfordshire,E07000177,Cherwell,E02005923,Banbury Neithrop,-99,-99,-99,-99,-99,-99,-99,-99,-99,-99,-99,6,4,-99,-99,3,-99,5,-99,-99,-99,-99,-99,-99,-99,-99,-99,-99,-99,-99,-99,-99,-99,-99,-99,3,3
E12000008,South East,E10000025,Oxfordshire,E07000177,Cherwell,E02005924,Banbury Grimsbury,-99,-99,-99,-99,-99,-99,-99,-99,-99,3,8,-99,9,10,6,10,14,4,7,7,5,-99,-99,-99,-99,-99,-99,-99,-99,-99,-99,-99,-99,-99,-99,13,13
E12000008,South East,E10000025,Oxfordshire,E07000177,Cherwell,E02005925,Banbury Ruscote,-99,-99,-99,-99,-99,-99,-99,-99,-99,3,3,8,-99,5,10,7,9,5,4,-99,-99,-99,-99,-99,-99,-99,-99,-99,-99,-99,-99,-99,-99,-99,-99,3,3
E12000008,South East,E10000025,Oxfordshire,E07000177,Cherwell,E02005926,Banbury Easington,-99,-99,-99,-99,-99,-99,-99,-99,-99,6,4,3,14,5,8,3,-99,-99,-99,-99,-99,-99,-99,-99,-99,-99,-99,-99,-99,-99,-99,-99,-99,-99,3,-99,-99
E12000008,South East,E10000025,Oxfordshire,E07000177,Cherwell,E02005927,Banbury Calthorpe,-99,-99,-99,-99,-99,-99,-99,-99,-99,3,5,3,4,3,6,-99,9,-99,-99,-99,-99,-99,-99,-99,-99,-99,-99,-99,-99,-99,-99,-99,-99,-99,-99,3,3
E12000008,South East,E10000025,Oxfordshire,E07000177,Cherwell,E02005928,"Bodicote, Adderbury & Bloxham",-99,-99,-99,-99,-99,-99,-99,-99,7,3,7,4,5,3,-99,4,-99,4,-99,-99,-99,-99,-99,-99,-99,-99,-99,-99,-99,-99,-99,-99,-99,4,-99,4,4
E12000008,South East,E10000025,Oxfordshire,E07000177,Cherwell,E02005929,"Sibford, Hook Norton & Milcombe",-99,-99,-99,-99,-99,-99,-99,-99,-99,-99,-99,-99,3,-99,-99,-99,-99,-99,-99,-99,-99,-99,-99,-99,-99,-99,-99,-99,-99,4,-99,-99,-99,-99,-99,-99,-99
E12000008,South East,E10000025,Oxfordshire,E07000177,Cherwell,E02005930,"Deddington, Steeple Aston & Heyfords",-99,-99,-99,-99,-99,-99,-99,-99,-99,5,4,-99,-99,3,-99,-99,-99,-99,-99,-99,-99,-99,-99,-99,-99,-99,-99,-99,-99,-99,-99,-99,-99,-99,-99,8,8
E12000008,South East,E10000025,Oxfordshire,E07000177,Cherwell,E02005931,"Caversfield, Ambrosden & Fringford",-99,-99,-99,-99,-99,-99,-99,-99,4,7,8,7,4,4,16,9,-99,-99,-99,-99,-99,-99,-99,-99,-99,-99,-99,-99,-99,-99,-99,3,6,7,-99,4,4
E12000008,South East,E10000025,Oxfordshire,E07000177,Cherwell,E02005932,Bicester North,-99,-99,-99,-99,-99,-99,-99,-99,-99,-99,5,3,-99,-99,-99,-99,-99,-99,-99,-99,-99,-99,-99,-99,-99,-99,-99,-99,-99,-99,-99,-99,-99,-99,-99,-99,-99
E12000008,South East,E10000025,Oxfordshire,E07000177,Cherwell,E02005933,Bicester East,-99,-99,-99,-99,-99,-99,-99,-99,-99,-99,5,-99,7,-99,-99,-99,3,-99,-99,-99,-99,-99,-99,-99,-99,-99,-99,-99,-99,-99,-99,-99,-99,-99,-99,3,3
E12000008,South East,E10000025,Oxfordshire,E07000177,Cherwell,E02005934,Bicester West,-99,-99,-99,-99,-99,-99,-99,-99,-99,3,4,7,3,4,4,3,-99,-99,-99,-99,-99,-99,-99,-99,-99,-99,-99,-99,-99,-99,-99,-99,-99,-99,-99,-99,-99
E12000008,South East,E10000025,Oxfordshire,E07000177,Cherwell,E02005935,Bicester South,-99,-99,-99,-99,-99,-99,-99,-99,-99,7,5,-99,-99,4,-99,-99,-99,-99,-99,-99,-99,-99,-99,-99,-99,-99,-99,-99,-99,-99,-99,-99,-99,-99,3,-99,-99
E12000008,South East,E10000025,Oxfordshire,E07000177,Cherwell,E02005936,"Islip, Arncott & Chesterton",-99,-99,-99,-99,-99,-99,-99,-99,3,9,4,4,4,7,7,3,-99,-99,-99,3,-99,-99,-99,-99,-99,-99,-99,4,-99,-99,3,-99,-99,5,4,13,13
E12000008,South East,E10000025,Oxfordshire,E07000177,Cherwell,E02005937,Kidlington North,-99,-99,-99,-99,-99,-99,-99,-99,5,7,-99,6,8,-99,3,-99,-99,-99,-99,-99,-99,-99,-99,-99,-99,-99,-99,-99,-99,-99,-99,6,-99,-99,-99,4,4
E12000008,South East,E10000025,Oxfordshire,E07000177,Cherwell,E02005938,Kidlington South,-99,-99,-99,-99,-99,-99,-99,-99,-99,3,-99,4,-99,-99,-99,6,-99,-99,-99,-99,-99,-99,-99,-99,-99,-99,-99,-99,-99,-99,-99,-99,-99,-99,-99,4,4
E12000008,South East,E10000025,Oxfordshire,E07000177,Cherwell,E02005939,"Begbrooke, Yarnton & Water Eaton",-99,-99,-99,-99,-99,-99,-99,-99,-99,5,3,-99,-99,-99,-99,-99,-99,-99,-99,-99,-99,-99,-99,-99,-99,-99,-99,-99,-99,-99,-99,3,3,-99,-99,-99,-99
E12000008,South East,E10000025,Oxfordshire,E07000178,Oxford,E02005940,Wolvercote & Cutteslowe,-99,-99,-99,-99,-99,-99,-99,-99,-99,4,-99,-99,4,-99,-99,-99,-99,-99,-99,-99,3,-99,-99,-99,-99,-99,-99,-99,-99,-99,-99,-99,-99,-99,-99,3,3
E12000008,South East,E10000025,Oxfordshire,E07000178,Oxford,E02005941,Summertown,-99,-99,-99,-99,-99,-99,-99,-99,-99,-99,6,-99,-99,-99,-99,-99,-99,-99,-99,-99,-99,-99,-99,-99,-99,-99,-99,-99,-99,-99,-99,-99,4,-99,-99,13,13
E12000008,South East,E10000025,Oxfordshire,E07000178,Oxford,E02005942,North Central Oxford,-99,-99,-99,-99,-99,-99,-99,-99,-99,6,5,-99,-99,-99,-99,-99,-99,-99,-99,-99,-99,3,-99,-99,-99,-99,-99,-99,-99,-99,-99,-99,-99,-99,-99,6,6
E12000008,South East,E10000025,Oxfordshire,E07000178,Oxford,E02005943,Marston,-99,-99,-99,-99,-99,-99,-99,-99,-99,6,8,5,-99,3,5,4,-99,-99,-99,-99,-99,-99,-99,-99,-99,-99,-99,-99,3,3,-99,-99,-99,-99,-99,3,3
E12000008,South East,E10000025,Oxfordshire,E07000178,Oxford,E02005944,Barton,-99,-99,-99,-99,-99,-99,-99,-99,3,9,13,4,4,4,14,6,5,3,-99,-99,-99,-99,-99,-99,-99,-99,-99,-99,-99,8,-99,-99,-99,-99,-99,4,4
E12000008,South East,E10000025,Oxfordshire,E07000178,Oxford,E02005945,Headington,-99,-99,-99,-99,-99,-99,-99,-99,3,16,13,14,5,8,9,9,5,4,-99,-99,-99,-99,-99,-99,-99,3,3,-99,4,5,-99,4,-99,6,13,22,22
E12000008,South East,E10000025,Oxfordshire,E07000178,Oxford,E02005946,Risinghurst & Sandhills,-99,-99,-99,-99,-99,-99,-99,-99,-99,9,8,6,6,-99,9,-99,4,-99,-99,-99,-99,3,-99,-99,-99,-99,-99,-99,-99,-99,-99,-99,-99,-99,-99,8,8
E12000008,South East,E10000025,Oxfordshire,E07000178,Oxford,E02005947,Oxford Central,-99,-99,-99,-99,-99,-99,7,-99,3,3,6,5,4,-99,-99,3,-99,-99,-99,3,-99,-99,-99,-99,-99,3,-99,-99,3,5,-99,5,5,4,8,7,7
E12000008,South East,E10000025,Oxfordshire,E07000178,Oxford,E02005948,"Osney, Jericho & Port Meadow",-99,-99,-99,-99,-99,-99,-99,-99,-99,-99,-99,3,-99,-99,-99,-99,-99,-99,-99,-99,-99,-99,-99,-99,-99,-99,-99,-99,-99,-99,-99,-99,-99,-99,-99,-99,-99
E12000008,South East,E10000025,Oxfordshire,E07000178,Oxford,E02005949,Churchill,-99,-99,-99,-99,-99,-99,-99,-99,-99,16,16,16,7,3,12,11,3,-99,-99,-99,-99,-99,-99,5,-99,7,-99,-99,-99,3,3,-99,4,5,11,27,27
E12000008,South East,E10000025,Oxfordshire,E07000178,Oxford,E02005950,East Central Oxford,-99,-99,-99,-99,-99,-99,-99,-99,4,6,3,-99,-99,-99,6,4,4,-99,-99,-99,-99,-99,-99,-99,-99,-99,-99,-99,7,3,3,-99,5,8,25,20,20
E12000008,South East,E10000025,Oxfordshire,E07000178,Oxford,E02005951,Grandpont & New Hinksey,-99,-99,-99,-99,-99,-99,-99,-99,-99,-99,-99,-99,-99,-99,-99,-99,-99,-99,-99,-99,-99,-99,-99,-99,-99,-99,-99,-99,-99,-99,-99,-99,-99,-99,3,-99,-99
E12000008,South East,E10000025,Oxfordshire,E07000178,Oxford,E02005952,Cowley North,-99,-99,-99,-99,-99,-99,-99,3,-99,11,17,5,12,-99,4,5,3,6,3,-99,-99,-99,-99,-99,-99,-99,4,4,-99,7,-99,6,11,9,12,27,27
E12000008,South East,E10000025,Oxfordshire,E07000178,Oxford,E02005953,Iffley Fields,-99,-99,-99,-99,-99,-99,-99,5,-99,4,-99,-99,-99,-99,4,5,-99,-99,-99,-99,-99,-99,-99,-99,-99,-99,-99,-99,-99,-99,-99,-99,-99,5,4,6,6
E12000008,South East,E10000025,Oxfordshire,E07000178,Oxford,E02005954,Cowley South & Iffley,-99,-99,-99,-99,-99,-99,-99,-99,-99,-99,14,6,8,7,9,-99,3,3,-99,-99,-99,-99,-99,-99,-99,9,4,4,-99,5,-99,3,-99,-99,6,10,10
E12000008,South East,E10000025,Oxfordshire,E07000178,Oxford,E02005955,Littlemore & Rose Hill,-99,-99,-99,-99,-99,-99,-99,-99,-99,11,19,-99,5,-99,-99,5,-99,-99,-99,-99,-99,4,-99,-99,-99,4,-99,-99,-99,-99,-99,4,-99,-99,4,4,4
E12000008,South East,E10000025,Oxfordshire,E07000178,Oxford,E02005956,Blackbird Leys,-99,-99,-99,-99,-99,-99,-99,-99,-99,7,-99,6,5,-99,4,5,6,-99,7,-99,-99,-99,3,-99,-99,-99,-99,-99,-99,-99,-99,5,-99,-99,-99,-99,-99
E12000008,South East,E10000025,Oxfordshire,E07000178,Oxford,E02005957,Greater Leys,-99,-99,-99,-99,-99,-99,-99,-99,-99,4,5,9,9,-99,6,4,-99,-99,6,-99,-99,-99,-99,-99,3,-99,-99,-99,3,-99,-99,4,-99,-99,-99,6,6
E12000008,South East,E10000025,Oxfordshire,E07000179,South Oxfordshire,E02005958,Thame North,-99,-99,-99,-99,-99,-99,-99,-99,-99,-99,-99,-99,-99,3,-99,-99,-99,-99,-99,-99,-99,-99,-99,-99,-99,-99,-99,-99,-99,-99,-99,3,-99,-99,-99,3,3
E12000008,South East,E10000025,Oxfordshire,E07000179,South Oxfordshire,E02005959,Beckley & Horspath,-99,-99,-99,-99,-99,-99,-99,-99,-99,-99,4,-99,4,-99,-99,-99,-99,-99,-99,-99,-99,-99,-99,-99,-99,-99,-99,-99,-99,-99,-99,-99,-99,-99,-99,6,6
E12000008,South East,E10000025,Oxfordshire,E07000179,South Oxfordshire,E02005960,Thame South,-99,-99,-99,-99,-99,-99,-99,-99,-99,3,5,-99,5,4,5,13,-99,-99,-99,-99,-99,-99,-99,-99,-99,-99,-99,-99,-99,-99,-99,-99,-99,-99,-99,-99,-99
E12000008,South East,E10000025,Oxfordshire,E07000179,South Oxfordshire,E02005961,Wheatley & Great Haseley,-99,-99,-99,-99,-99,-99,-99,-99,-99,-99,6,-99,-99,-99,-99,-99,-99,-99,-99,-99,-99,-99,-99,-99,-99,-99,-99,-99,-99,-99,-99,-99,-99,-99,-99,-99,-99
E12000008,South East,E10000025,Oxfordshire,E07000179,South Oxfordshire,E02005962,Chinnor & Tetsworth,-99,-99,-99,-99,-99,-99,-99,-99,-99,4,4,-99,-99,3,5,14,8,3,-99,-99,-99,-99,-99,-99,-99,-99,-99,-99,-99,-99,-99,-99,-99,-99,-99,-99,-99
E12000008,South East,E10000025,Oxfordshire,E07000179,South Oxfordshire,E02005963,Berinsfield & Wittenham,-99,-99,-99,-99,-99,-99,-99,3,7,7,4,3,3,3,6,3,-99,-99,-99,-99,-99,-99,-99,-99,-99,-99,-99,-99,-99,-99,-99,-99,-99,-99,-99,3,3
E12000008,South East,E10000025,Oxfordshire,E07000179,South Oxfordshire,E02005964,"Chalgrove, Stadhampton & Dorchester",-99,-99,-99,-99,-99,-99,-99,-99,-99,4,4,-99,-99,-99,-99,-99,-99,-99,-99,-99,-99,-99,-99,-99,-99,-99,-99,-99,-99,-99,-99,-99,-99,-99,-99,-99,-99
E12000008,South East,E10000025,Oxfordshire,E07000179,South Oxfordshire,E02005965,Watlington & Nettlebed,-99,-99,-99,-99,-99,-99,-99,-99,-99,6,14,10,3,-99,4,-99,-99,-99,-99,-99,-99,-99,-99,-99,-99,-99,-99,-99,-99,3,-99,4,-99,-99,-99,3,3
E12000008,South East,E10000025,Oxfordshire,E07000179,South Oxfordshire,E02005966,Didcot Ladygrove,-99,-99,-99,-99,-99,-99,-99,-99,-99,3,-99,-99,-99,5,8,8,-99,5,-99,3,-99,-99,-99,-99,-99,-99,-99,-99,-99,-99,-99,-99,3,-99,-99,-99,-99
E12000008,South East,E10000025,Oxfordshire,E07000179,South Oxfordshire,E02005967,Didcot West,-99,-99,-99,-99,-99,-99,-99,-99,-99,5,-99,9,-99,7,7,14,9,3,4,-99,-99,-99,-99,-99,-99,-99,-99,-99,-99,-99,-99,3,-99,-99,-99,-99,-99
E12000008,South East,E10000025,Oxfordshire,E07000179,South Oxfordshire,E02005968,Benson & Crowmarsh Gifford,-99,-99,-99,-99,-99,-99,-99,-99,-99,3,-99,6,3,-99,7,3,-99,-99,-99,-99,-99,-99,-99,-99,-99,-99,-99,-99,-99,-99,-99,-99,-99,-99,-99,-99,-99
E12000008,South East,E10000025,Oxfordshire,E07000179,South Oxfordshire,E02005969,Wallingford & Brightwell,-99,-99,-99,-99,-99,-99,-99,-99,3,6,7,4,-99,-99,7,-99,-99,-99,-99,-99,-99,-99,-99,-99,-99,-99,-99,-99,-99,-99,-99,-99,-99,3,-99,-99,-99
E12000008,South East,E10000025,Oxfordshire,E07000179,South Oxfordshire,E02005970,Didcot South East,-99,-99,-99,-99,-99,-99,-99,-99,-99,-99,-99,3,-99,3,-99,6,3,3,4,4,-99,-99,-99,-99,-99,-99,-99,-99,-99,-99,-99,-99,-99,-99,-99,-99,-99
E12000008,South East,E10000025,Oxfordshire,E07000179,South Oxfordshire,E02005971,Didcot South West,-99,-99,-99,-99,-99,-99,-99,-99,-99,3,-99,-99,-99,-99,-99,-99,8,-99,3,-99,-99,-99,-99,-99,-99,-99,-99,-99,-99,-99,-99,-99,-99,-99,-99,-99,-99
E12000008,South East,E10000025,Oxfordshire,E07000179,South Oxfordshire,E02005972,"Hagbourne, Moreton & Cholsey",-99,-99,-99,-99,-99,-99,-99,-99,-99,-99,-99,5,-99,4,-99,-99,-99,-99,-99,-99,-99,-99,-99,-99,-99,-99,-99,-99,-99,3,-99,-99,-99,-99,3,9,9
E12000008,South East,E10000025,Oxfordshire,E07000179,South Oxfordshire,E02005973,Henley North,-99,-99,-99,-99,-99,-99,-99,-99,-99,-99,6,4,7,-99,-99,-99,3,-99,-99,-99,-99,-99,-99,-99,-99,-99,-99,-99,-99,-99,-99,-99,-99,-99,-99,6,6
E12000008,South East,E10000025,Oxfordshire,E07000179,South Oxfordshire,E02005974,Henley South,-99,-99,-99,-99,-99,-99,-99,-99,3,3,3,-99,-99,3,-99,-99,-99,-99,-99,-99,-99,-99,-99,-99,-99,-99,-99,-99,-99,-99,-99,-99,-99,-99,-99,6,6
E12000008,South East,E10000025,Oxfordshire,E07000179,South Oxfordshire,E02005975,"Goring, Woodcote & Whitchurch",-99,-99,-99,-99,-99,-99,-99,-99,3,3,-99,-99,3,-99,3,-99,-99,-99,-99,-99,-99,-99,-99,-99,-99,-99,-99,-99,-99,-99,-99,-99,-99,-99,-99,5,5
E12000008,South East,E10000025,Oxfordshire,E07000179,South Oxfordshire,E02005976,Shiplake & Binfield Heath,-99,-99,-99,-99,-99,-99,-99,-99,-99,-99,-99,-99,-99,-99,-99,3,-99,3,-99,-99,-99,-99,-99,-99,-99,-99,-99,-99,-99,-99,-99,-99,-99,-99,-99,14,14
E12000008,South East,E10000025,Oxfordshire,E07000179,South Oxfordshire,E02005977,Sonning Common & Kidmore End,-99,-99,-99,-99,-99,-99,-99,-99,-99,-99,-99,5,6,-99,13,5,3,-99,-99,-99,-99,-99,-99,-99,-99,-99,-99,-99,-99,-99,-99,-99,-99,-99,-99,3,3
E12000008,South East,E10000025,Oxfordshire,E07000180,Vale of White Horse,E02005978,"Dean Court, Cumnor & Appleton",-99,-99,-99,-99,-99,-99,-99,-99,-99,-99,5,5,-99,-99,4,-99,-99,-99,-99,-99,-99,-99,-99,-99,-99,-99,-99,-99,-99,-99,-99,-99,-99,-99,-99,5,5
E12000008,South East,E10000025,Oxfordshire,E07000180,Vale of White Horse,E02005979,Botley & Kennington,-99,-99,-99,-99,-99,-99,-99,-99,-99,-99,4,-99,6,3,-99,-99,-99,-99,-99,-99,-99,-99,-99,-99,-99,-99,-99,-99,-99,3,4,-99,-99,-99,3,9,9
E12000008,South East,E10000025,Oxfordshire,E07000180,Vale of White Horse,E02005980,"Radley, Wootton & Marcham",-99,-99,-99,-99,-99,-99,-99,-99,-99,3,6,7,6,20,17,14,4,-99,-99,-99,3,-99,-99,-99,-99,-99,-99,-99,-99,-99,5,-99,-99,3,-99,7,7
E12000008,South East,E10000025,Oxfordshire,E07000180,Vale of White Horse,E02005981,Abingdon Northcourt & Peachcroft,-99,-99,-99,-99,-99,-99,-99,-99,3,-99,3,6,-99,-99,4,-99,-99,-99,-99,-99,-99,-99,-99,-99,-99,-99,-99,-99,-99,-99,-99,-99,-99,-99,-99,4,4
E12000008,South East,E10000025,Oxfordshire,E07000180,Vale of White Horse,E02005982,Abingdon Audlett Drive & Farm Road,-99,-99,-99,-99,-99,-99,-99,-99,-99,-99,-99,3,-99,3,-99,-99,-99,-99,-99,-99,-99,-99,-99,-99,-99,-99,-99,-99,-99,-99,-99,-99,-99,-99,-99,-99,-99
E12000008,South East,E10000025,Oxfordshire,E07000180,Vale of White Horse,E02005983,Abingdon Town & West,-99,-99,-99,-99,-99,-99,-99,-99,11,13,8,5,-99,5,4,6,3,-99,-99,-99,-99,-99,-99,-99,-99,-99,-99,-99,-99,-99,3,-99,-99,3,3,3,3
E12000008,South East,E10000025,Oxfordshire,E07000180,Vale of White Horse,E02005984,Kingston Bagpuize & East Hanney,-99,-99,-99,-99,-99,-99,-99,-99,-99,3,-99,-99,-99,-99,-99,-99,-99,-99,-99,-99,-99,-99,-99,-99,-99,-99,-99,-99,-99,3,-99,-99,-99,-99,3,6,6
E12000008,South East,E10000025,Oxfordshire,E07000180,Vale of White Horse,E02005985,Abingdon South,-99,-99,-99,-99,-99,-99,-99,-99,-99,3,5,3,4,4,3,-99,-99,-99,-99,-99,-99,-99,-99,-99,-99,-99,-99,-99,-99,-99,-99,-99,-99,-99,-99,4,4
E12000008,South East,E10000025,Oxfordshire,E07000180,Vale of White Horse,E02005986,Faringdon & Stanford,-99,-99,-99,-99,-99,-99,-99,4,6,5,9,5,-99,-99,-99,-99,-99,-99,3,-99,-99,-99,-99,-99,-99,3,-99,3,-99,-99,-99,-99,-99,-99,-99,3,3
E12000008,South East,E10000025,Oxfordshire,E07000180,Vale of White Horse,E02005987,"Sutton Courtenay, Drayton & Steventon",-99,-99,-99,-99,-99,-99,-99,-99,4,3,-99,3,-99,-99,3,-99,3,-99,-99,-99,-99,-99,-99,-99,-99,-99,-99,-99,-99,-99,5,5,-99,-99,-99,-99,-99
E12000008,South East,E10000025,Oxfordshire,E07000180,Vale of White Horse,E02005988,Grove,-99,-99,-99,-99,-99,-99,-99,-99,-99,4,4,3,-99,4,-99,-99,-99,-99,-99,-99,-99,-99,-99,-99,-99,-99,-99,-99,-99,-99,-99,-99,-99,-99,-99,-99,-99
E12000008,South East,E10000025,Oxfordshire,E07000180,Vale of White Horse,E02005991,Wantage Town,-99,-99,-99,-99,-99,-99,-99,-99,-99,6,6,4,4,8,11,3,3,-99,-99,-99,-99,-99,-99,-99,-99,-99,-99,4,-99,-99,-99,-99,-99,-99,-99,5,5
E12000008,South East,E10000025,Oxfordshire,E07000180,Vale of White Horse,E02005992,"South Wantage, Harwell & Blewbury",-99,-99,-99,-99,-99,-99,-99,-99,-99,4,-99,6,5,-99,-99,4,3,4,-99,-99,-99,-99,-99,-99,-99,-99,-99,3,-99,-99,-99,-99,3,4,7,8,8
E12000008,South East,E10000025,Oxfordshire,E07000181,West Oxfordshire,E02005993,Chipping Norton,-99,-99,-99,-99,-99,-99,-99,-99,4,3,3,7,20,14,7,34,13,11,-99,-99,-99,-99,-99,-99,-99,-99,-99,-99,-99,-99,-99,-99,-99,-99,-99,3,3
E12000008,South East,E10000025,Oxfordshire,E07000181,West Oxfordshire,E02005994,"Kingham, Enstone & Middle Barton",-99,-99,-99,-99,-99,-99,-99,-99,-99,3,-99,-99,-99,7,-99,-99,-99,-99,-99,-99,-99,-99,-99,-99,-99,-99,-99,-99,-99,-99,-99,-99,-99,-99,-99,4,4
E12000008,South East,E10000025,Oxfordshire,E07000181,West Oxfordshire,E02005995,Chadlington & Wychwoods,-99,-99,-99,-99,-99,-99,-99,-99,-99,-99,-99,-99,3,-99,3,3,-99,-99,-99,-99,-99,-99,-99,-99,-99,-99,-99,-99,-99,-99,-99,-99,-99,-99,-99,-99,-99
E12000008,South East,E10000025,Oxfordshire,E07000181,West Oxfordshire,E02005996,"Woodstock, Stonesfield & Tackley",-99,-99,-99,-99,-99,-99,-99,-99,5,4,-99,-99,-99,-99,-99,-99,-99,-99,-99,-99,-99,-99,-99,-99,-99,-99,-99,-99,-99,-99,-99,-99,-99,-99,3,-99,-99
E12000008,South East,E10000025,Oxfordshire,E07000181,West Oxfordshire,E02005997,Charlbury & North Leigh,-99,-99,-99,-99,-99,-99,-99,-99,-99,-99,-99,-99,3,-99,-99,-99,-99,-99,-99,-99,-99,-99,-99,-99,-99,-99,-99,-99,-99,-99,-99,-99,-99,-99,-99,-99,-99
E12000008,South East,E10000025,Oxfordshire,E07000181,West Oxfordshire,E02005998,Hanborough & Cassington,-99,-99,-99,-99,-99,-99,-99,-99,-99,8,-99,6,-99,3,17,-99,-99,-99,-99,-99,-99,-99,-99,-99,-99,-99,-99,3,-99,-99,-99,-99,-99,-99,-99,-99,-99
E12000008,South East,E10000025,Oxfordshire,E07000181,West Oxfordshire,E02005999,"Leafield, Minster Lovell & Duckington",-99,-99,-99,-99,-99,-99,-99,-99,-99,-99,-99,-99,4,-99,-99,-99,-99,-99,-99,-99,-99,-99,-99,-99,-99,-99,-99,-99,-99,-99,3,-99,-99,-99,-99,-99,-99
E12000008,South East,E10000025,Oxfordshire,E07000181,West Oxfordshire,E02006000,Witney East,-99,-99,-99,-99,-99,-99,-99,-99,-99,11,13,7,11,10,-99,8,3,-99,-99,-99,-99,-99,-99,-99,-99,-99,-99,4,3,-99,-99,-99,-99,-99,-99,4,4
E12000008,South East,E10000025,Oxfordshire,E07000181,West Oxfordshire,E02006001,Witney West,-99,-99,-99,-99,-99,-99,-99,-99,4,-99,3,-99,6,4,-99,-99,-99,-99,-99,-99,-99,-99,-99,-99,-99,-99,-99,-99,-99,-99,-99,-99,-99,-99,-99,-99,-99
E12000008,South East,E10000025,Oxfordshire,E07000181,West Oxfordshire,E02006002,Witney Central,-99,-99,-99,-99,-99,-99,-99,-99,3,6,4,7,12,6,-99,5,-99,-99,-99,-99,-99,-99,-99,-99,-99,-99,-99,-99,-99,-99,-99,-99,-99,-99,-99,-99,-99
E12000008,South East,E10000025,Oxfordshire,E07000181,West Oxfordshire,E02006003,Eynsham & Stanton Harcourt,-99,-99,-99,-99,-99,-99,-99,-99,-99,-99,-99,4,3,-99,-99,-99,-99,-99,-99,-99,-99,-99,-99,-99,-99,-99,-99,-99,-99,-99,-99,-99,-99,-99,-99,4,4
E12000008,South East,E10000025,Oxfordshire,E07000181,West Oxfordshire,E02006004,Burford & Brize Norton,-99,-99,-99,-99,-99,-99,-99,-99,-99,4,-99,-99,5,16,-99,-99,-99,-99,-99,-99,-99,-99,-99,-99,-99,-99,-99,-99,-99,-99,-99,-99,-99,-99,3,4,4
E12000008,South East,E10000025,Oxfordshire,E07000181,West Oxfordshire,E02006005,Carterton North,-99,-99,-99,-99,-99,-99,-99,-99,-99,4,6,4,7,4,7,5,-99,-99,-99,-99,-99,-99,-99,-99,-99,-99,-99,-99,-99,-99,-99,3,-99,-99,-99,-99,-99
E12000008,South East,E10000025,Oxfordshire,E07000181,West Oxfordshire,E02006006,Carterton South,-99,-99,-99,-99,-99,-99,-99,-99,3,-99,-99,3,3,-99,-99,-99,-99,-99,-99,-99,-99,-99,-99,-99,-99,-99,-99,-99,-99,-99,-99,-99,-99,-99,-99,-99,-99
E12000008,South East,E10000025,Oxfordshire,E07000181,West Oxfordshire,E02006007,"Bampton, Clanfield & Standlake",-99,-99,-99,-99,-99,-99,-99,-99,-99,-99,-99,-99,-99,4,-99,5,-99,-99,-99,-99,-99,-99,-99,-99,-99,4,-99,-99,-99,-99,-99,3,3,-99,-99,4,4
E12000005,West Midlands,E06000051,Shropshire,E06000051,Shropshire,E02006008,Shifnal,-99,-99,-99,-99,-99,-99,-99,-99,-99,3,-99,-99,5,-99,-99,-99,3,-99,-99,-99,-99,-99,-99,-99,-99,-99,-99,-99,-99,-99,-99,-99,-99,-99,-99,10,10
E12000005,West Midlands,E06000051,Shropshire,E06000051,Shropshire,E02006009,Cosford & Albrighton,-99,-99,-99,-99,-99,-99,-99,-99,4,-99,-99,4,9,6,-99,-99,-99,-99,-99,-99,-99,-99,-99,-99,-99,-99,4,-99,-99,-99,-99,-99,-99,5,4,4,4
E12000005,West Midlands,E06000051,Shropshire,E06000051,Shropshire,E02006010,Much Wenlock & Broseley,-99,-99,-99,-99,-99,-99,-99,-99,-99,-99,-99,4,4,5,-99,4,-99,-99,-99,-99,-99,-99,-99,-99,-99,-99,-99,-99,-99,-99,-99,-99,-99,-99,-99,-99,-99
E12000005,West Midlands,E06000051,Shropshire,E06000051,Shropshire,E02006011,Bridgnorth West,-99,-99,-99,-99,-99,-99,-99,-99,-99,-99,-99,-99,4,4,-99,-99,-99,-99,-99,-99,-99,-99,-99,-99,-99,-99,-99,-99,-99,-99,-99,-99,3,-99,5,-99,-99
E12000005,West Midlands,E06000051,Shropshire,E06000051,Shropshire,E02006012,Bridgnorth East,-99,-99,-99,-99,-99,-99,-99,-99,-99,-99,-99,-99,5,5,4,-99,-99,-99,-99,-99,-99,-99,-99,-99,-99,-99,-99,-99,-99,-99,-99,-99,-99,-99,-99,3,3
E12000005,West Midlands,E06000051,Shropshire,E06000051,Shropshire,E02006013,"Alveley, Claverley & Worfield",-99,-99,-99,-99,-99,-99,-99,-99,-99,-99,-99,13,8,5,-99,-99,-99,-99,-99,5,-99,-99,-99,-99,-99,-99,-99,-99,-99,-99,-99,-99,-99,5,4,5,5
E12000005,West Midlands,E06000051,Shropshire,E06000051,Shropshire,E02006014,Highley & Ditton Priors,-99,-99,-99,-99,-99,-99,-99,-99,6,3,3,5,-99,-99,7,-99,-99,-99,3,-99,-99,-99,-99,-99,-99,-99,-99,-99,-99,-99,-99,3,5,-99,-99,4,4
E12000005,West Midlands,E06000051,Shropshire,E06000051,Shropshire,E02006015,Whitchurch,-99,-99,-99,-99,-99,-99,-99,-99,3,3,3,-99,12,12,6,3,16,6,7,6,-99,-99,-99,-99,-99,-99,-99,-99,-99,-99,-99,-99,-99,7,21,10,10
E12000005,West Midlands,E06000051,Shropshire,E06000051,Shropshire,E02006016,"Woore, Prees & Tilstock",-99,-99,-99,-99,-99,-99,-99,-99,-99,-99,-99,-99,6,3,-99,-99,-99,-99,-99,3,-99,-99,-99,-99,-99,-99,-99,-99,-99,-99,-99,-99,-99,-99,4,6,6
E12000005,West Midlands,E06000051,Shropshire,E06000051,Shropshire,E02006017,Ellesmere,-99,-99,-99,-99,-99,-99,-99,-99,-99,-99,-99,-99,-99,-99,-99,-99,7,4,5,-99,-99,-99,-99,-99,-99,-99,-99,-99,-99,-99,-99,-99,-99,-99,4,6,6
E12000005,West Midlands,E06000051,Shropshire,E06000051,Shropshire,E02006018,Market Drayton,-99,-99,-99,-99,-99,-99,-99,-99,-99,-99,8,-99,9,11,-99,-99,-99,-99,-99,-99,3,-99,-99,-99,-99,-99,-99,-99,-99,-99,-99,-99,-99,-99,9,4,4
E12000005,West Midlands,E06000051,Shropshire,E06000051,Shropshire,E02006019,Wem,-99,-99,-99,-99,-99,-99,-99,-99,-99,-99,-99,-99,-99,-99,5,-99,-99,-99,-99,-99,5,-99,-99,-99,-99,-99,-99,-99,-99,-99,-99,-99,-99,-99,-99,-99,-99
E12000005,West Midlands,E06000051,Shropshire,E06000051,Shropshire,E02006020,Hinstock & Hodnet,-99,-99,-99,-99,-99,-99,-99,-99,-99,-99,3,3,-99,-99,-99,-99,-99,-99,-99,-99,-99,-99,-99,-99,-99,-99,-99,-99,-99,-99,-99,-99,-99,-99,3,5,5
E12000005,West Midlands,E06000051,Shropshire,E06000051,Shropshire,E02006021,"Baschurch, Cockshutt & Harmer Hill",-99,-99,-99,-99,-99,-99,-99,-99,-99,4,-99,-99,-99,-99,-99,5,-99,-99,-99,-99,-99,-99,-99,-99,-99,-99,-99,-99,-99,-99,-99,-99,-99,-99,4,5,5
E12000005,West Midlands,E06000051,Shropshire,E06000051,Shropshire,E02006022,Shawbury & Weston,-99,-99,-99,-99,-99,-99,-99,-99,-99,-99,-99,8,-99,5,-99,-99,-99,-99,-99,-99,-99,-99,-99,-99,-99,-99,-99,-99,3,-99,-99,-99,-99,-99,4,5,5
E12000005,West Midlands,E06000051,Shropshire,E06000051,Shropshire,E02006023,"Gobowen, St Martin's & Weston Rhyn",-99,-99,-99,-99,-99,-99,-99,-99,-99,-99,-99,-99,-99,-99,-99,-99,-99,3,-99,-99,-99,-99,-99,-99,-99,-99,-99,-99,-99,-99,-99,-99,-99,-99,4,8,8
E12000005,West Midlands,E06000051,Shropshire,E06000051,Shropshire,E02006024,Oswestry East,-99,-99,-99,-99,-99,-99,-99,-99,-99,-99,-99,4,4,7,8,7,3,5,7,8,-99,-99,-99,-99,-99,-99,-99,-99,4,-99,-99,-99,3,3,3,4,4
E12000005,West Midlands,E06000051,Shropshire,E06000051,Shropshire,E02006025,Oswestry West,-99,-99,-99,-99,-99,-99,-99,-99,4,3,-99,-99,3,3,3,-99,4,3,6,7,-99,-99,-99,-99,-99,-99,-99,-99,-99,-99,-99,-99,-99,3,3,6,6
E12000005,West Midlands,E06000051,Shropshire,E06000051,Shropshire,E02006026,"Ruyton-XI-Towns, West Felton & Whittington",-99,-99,-99,-99,-99,-99,-99,-99,-99,-99,-99,-99,3,-99,-99,-99,3,-99,-99,-99,-99,-99,-99,-99,-99,-99,-99,-99,-99,-99,-99,-99,-99,4,-99,7,7
E12000005,West Midlands,E06000051,Shropshire,E06000051,Shropshire,E02006027,Trefonen & Pant,-99,-99,-99,-99,-99,-99,-99,-99,-99,-99,3,-99,-99,-99,-99,-99,-99,-99,-99,-99,-99,-99,-99,-99,-99,-99,-99,-99,-99,-99,-99,-99,-99,-99,-99,-99,-99
E12000005,West Midlands,E06000051,Shropshire,E06000051,Shropshire,E02006028,Bomere Heath & Montford Bridge,-99,-99,-99,-99,-99,-99,-99,-99,-99,-99,10,-99,-99,-99,3,10,20,17,15,3,-99,-99,-99,-99,-99,-99,-99,-99,-99,-99,-99,-99,-99,3,3,3,3
E12000005,West Midlands,E06000051,Shropshire,E06000051,Shropshire,E02006029,Shrewsbury Harlescott Grange,-99,-99,-99,-99,-99,-99,-99,-99,3,-99,-99,-99,-99,6,6,5,6,5,5,-99,-99,3,3,-99,-99,-99,-99,-99,-99,-99,3,-99,-99,-99,7,4,4
E12000005,West Midlands,E06000051,Shropshire,E06000051,Shropshire,E02006030,Shrewsbury Harlescott & Sundorne,-99,-99,-99,-99,-99,-99,-99,-99,-99,3,-99,-99,-99,5,5,12,7,5,7,-99,8,-99,-99,-99,-99,-99,-99,-99,-99,-99,-99,-99,-99,-99,6,3,3
E12000005,West Midlands,E06000051,Shropshire,E06000051,Shropshire,E02006031,Shrewsbury Greenfields,-99,-99,-99,-99,-99,-99,-99,-99,-99,-99,-99,4,3,4,5,8,18,4,4,4,-99,-99,-99,-99,-99,-99,-99,-99,-99,-99,-99,-99,-99,4,-99,-99,-99
E12000005,West Midlands,E06000051,Shropshire,E06000051,Shropshire,E02006032,Shrewsbury Monkmoor,-99,-99,-99,-99,-99,-99,-99,-99,-99,-99,3,4,-99,4,9,6,-99,3,9,-99,-99,-99,-99,-99,-99,-99,-99,-99,-99,-99,-99,-99,-99,-99,-99,-99,-99
E12000005,West Midlands,E06000051,Shropshire,E06000051,Shropshire,E02006033,Shrewsbury Town,-99,-99,-99,-99,-99,-99,-99,-99,5,-99,4,-99,3,3,25,10,7,3,3,-99,-99,-99,-99,-99,-99,-99,-99,-99,-99,-99,-99,-99,5,-99,3,11,11
E12000005,West Midlands,E06000051,Shropshire,E06000051,Shropshire,E02006034,Shrewsbury Copthorne & Bowbrook,-99,-99,-99,-99,-99,-99,-99,-99,4,5,7,8,9,8,12,14,11,5,13,-99,4,-99,-99,-99,-99,-99,-99,-99,-99,-99,-99,3,-99,-99,5,20,20
E12000005,West Midlands,E06000051,Shropshire,E06000051,Shropshire,E02006035,Shrewsbury London Road,-99,-99,-99,-99,-99,-99,-99,-99,-99,3,-99,-99,3,-99,4,-99,-99,-99,-99,-99,-99,-99,-99,-99,-99,-99,-99,-99,-99,-99,-99,-99,4,-99,3,3,3
E12000005,West Midlands,E06000051,Shropshire,E06000051,Shropshire,E02006036,Shrewsbury Sutton & Coleham,-99,-99,-99,-99,-99,-99,-99,-99,-99,-99,-99,-99,3,-99,5,3,-99,-99,-99,-99,-99,-99,-99,-99,-99,-99,-99,-99,-99,-99,-99,-99,-99,-99,-99,8,8
E12000005,West Midlands,E06000051,Shropshire,E06000051,Shropshire,E02006037,Shrewsbury Meole & Kingsland,-99,-99,-99,-99,-99,-99,-99,-99,-99,-99,3,8,7,4,5,6,11,-99,-99,-99,-99,-99,-99,-99,-99,-99,-99,-99,-99,-99,-99,-99,-99,-99,7,16,16
E12000005,West Midlands,E06000051,Shropshire,E06000051,Shropshire,E02006038,Bayston Hill & Atcham,-99,-99,-99,-99,-99,-99,-99,-99,-99,7,-99,-99,3,-99,3,4,-99,-99,-99,-99,-99,-99,-99,-99,-99,-99,-99,-99,-99,-99,-99,-99,-99,3,3,3,3
E12000005,West Midlands,E06000051,Shropshire,E06000051,Shropshire,E02006039,"Hanwood, Pontesbury & Minsterley",-99,-99,-99,-99,-99,-99,-99,-99,-99,3,3,-99,9,4,-99,-99,4,-99,-99,-99,-99,-99,-99,-99,-99,-99,-99,-99,-99,-99,-99,-99,-99,3,-99,-99,-99
E12000005,West Midlands,E06000051,Shropshire,E06000051,Shropshire,E02006040,"Cressage, Dorrington & Pulverbatch",-99,-99,-99,-99,-99,-99,-99,-99,3,-99,-99,-99,3,-99,5,4,-99,-99,3,-99,-99,-99,-99,-99,-99,-99,-99,-99,-99,-99,-99,6,-99,-99,5,-99,-99
E12000005,West Midlands,E06000051,Shropshire,E06000051,Shropshire,E02006041,"Bishop's Castle, Brockton & Chirbury",-99,-99,-99,-99,-99,-99,-99,-99,-99,-99,-99,-99,3,-99,-99,-99,4,-99,-99,-99,-99,-99,-99,-99,-99,-99,-99,-99,-99,-99,-99,-99,-99,-99,3,3,3
E12000005,West Midlands,E06000051,Shropshire,E06000051,Shropshire,E02006042,Church Stretton,-99,-99,-99,-99,-99,-99,-99,-99,-99,-99,-99,6,-99,3,3,-99,-99,-99,-99,-99,-99,-99,-99,-99,-99,-99,-99,-99,-99,-99,-99,-99,-99,3,-99,5,5
E12000005,West Midlands,E06000051,Shropshire,E06000051,Shropshire,E02006043,Craven Arms & Broadstone,-99,-99,-99,-99,-99,-99,-99,-99,3,-99,-99,-99,-99,-99,-99,-99,-99,-99,-99,-99,-99,3,-99,-99,-99,-99,-99,-99,-99,-99,-99,-99,-99,-99,-99,-99,-99
E12000005,West Midlands,E06000051,Shropshire,E06000051,Shropshire,E02006044,Clun & Bucknell,-99,-99,-99,-99,-99,-99,-99,-99,-99,3,-99,-99,-99,-99,-99,-99,-99,-99,-99,-99,-99,-99,-99,-99,-99,14,6,-99,-99,-99,-99,-99,-99,-99,-99,-99,-99
E12000005,West Midlands,E06000051,Shropshire,E06000051,Shropshire,E02006045,Ludlow Town,-99,-99,-99,-99,-99,-99,-99,-99,3,-99,4,3,4,6,7,4,-99,-99,-99,-99,-99,-99,-99,-99,-99,-99,-99,-99,-99,-99,-99,-99,-99,4,4,4,4
E12000005,West Midlands,E06000051,Shropshire,E06000051,Shropshire,E02006046,"Cleobury Mortimer, Burford & Ashford Carbonell",-99,-99,-99,-99,-99,-99,-99,-99,4,-99,-99,-99,4,-99,-99,-99,-99,-99,-99,-99,-99,-99,-99,-99,-99,-99,-99,-99,-99,-99,-99,-99,-99,-99,-99,-99,-99
E12000009,South West,E10000027,Somerset,E07000187,Mendip,E02006047,"Rode, Mells & Woodlands",-99,-99,-99,-99,-99,-99,-99,-99,-99,-99,-99,-99,-99,-99,-99,-99,-99,-99,-99,-99,-99,-99,-99,-99,-99,-99,-99,-99,-99,-99,-99,-99,3,-99,-99,6,6
E12000009,South West,E10000027,Somerset,E07000187,Mendip,E02006048,"Stratton, Holcombe & Highbury",-99,-99,-99,-99,-99,-99,-99,-99,-99,-99,-99,-99,-99,-99,-99,-99,-99,-99,-99,-99,-99,-99,-99,-99,-99,-99,-99,3,-99,-99,-99,-99,-99,-99,-99,3,3
E12000009,South West,E10000027,Somerset,E07000187,Mendip,E02006049,Frome North,-99,-99,-99,-99,-99,-99,-99,-99,-99,-99,-99,-99,-99,3,-99,-99,-99,-99,-99,-99,-99,-99,-99,-99,-99,-99,-99,-99,-99,5,-99,-99,-99,-99,-99,-99,-99
E12000009,South West,E10000027,Somerset,E07000187,Mendip,E02006050,Frome North,-99,-99,-99,-99,-99,-99,-99,-99,-99,-99,3,-99,-99,-99,-99,-99,-99,-99,-99,-99,-99,-99,-99,-99,-99,-99,-99,-99,-99,-99,-99,-99,-99,-99,-99,4,4
E12000009,South West,E10000027,Somerset,E07000187,Mendip,E02006051,"Draycott, Westbury & Wookey",-99,-99,-99,-99,-99,-99,-99,-99,-99,-99,-99,-99,-99,-99,-99,3,-99,-99,-99,-99,-99,-99,-99,-99,-99,-99,-99,-99,-99,-99,-99,-99,-99,-99,-99,4,4
E12000009,South West,E10000027,Somerset,E07000187,Mendip,E02006052,"Oakhill, Horrington & Chewton Mendip",-99,-99,-99,-99,-99,-99,-99,-99,-99,-99,-99,-99,-99,-99,-99,10,-99,-99,-99,-99,-99,-99,-99,-99,-99,-99,4,-99,-99,-99,-99,-99,-99,-99,-99,3,3
E12000009,South West,E10000027,Somerset,E07000187,Mendip,E02006053,Frome South & East,-99,-99,-99,-99,-99,-99,-99,-99,-99,-99,-99,-99,-99,-99,5,7,3,8,-99,-99,-99,-99,-99,-99,-99,-99,-99,-99,-99,-99,-99,-99,-99,-99,-99,-99,-99
E12000009,South West,E10000027,Somerset,E07000187,Mendip,E02006054,Wells Town,-99,-99,-99,-99,-99,-99,-99,-99,-99,-99,4,-99,-99,3,-99,-99,-99,-99,-99,-99,-99,-99,-99,-99,-99,-99,-99,-99,-99,-99,-99,-99,-99,-99,-99,-99,-99
E12000009,South West,E10000027,Somerset,E07000187,Mendip,E02006055,Shepton Mallet,-99,-99,-99,-99,-99,-99,-99,-99,-99,-99,-99,-99,-99,3,-99,-99,-99,-99,-99,-99,-99,-99,-99,-99,-99,-99,-99,-99,-99,-99,-99,-99,-99,-99,-99,-99,-99
E12000009,South West,E10000027,Somerset,E07000187,Mendip,E02006056,Evercreech & Nunney,-99,-99,-99,-99,-99,-99,-99,-99,-99,-99,3,-99,-99,-99,-99,-99,-99,-99,-99,-99,-99,-99,-99,-99,-99,-99,-99,-99,-99,-99,-99,-99,-99,-99,4,-99,-99
E12000009,South West,E10000027,Somerset,E07000187,Mendip,E02006057,Glastonbury Town,-99,-99,-99,-99,-99,-99,-99,-99,-99,-99,-99,-99,-99,-99,-99,-99,-99,-99,-99,-99,-99,-99,-99,-99,-99,-99,-99,-99,-99,-99,-99,-99,5,5,-99,-99,-99
E12000009,South West,E10000027,Somerset,E07000187,Mendip,E02006058,Glastonbury West & Street South,-99,-99,-99,-99,-99,-99,-99,-99,-99,-99,-99,3,-99,-99,-99,-99,-99,-99,-99,-99,-99,-99,-99,-99,-99,-99,-99,-99,-99,-99,-99,3,-99,-99,6,5,5
E12000009,South West,E10000027,Somerset,E07000187,Mendip,E02006059,"Pilton, Butleigh & Alhampton",-99,-99,-99,-99,-99,-99,-99,-99,-99,-99,-99,-99,-99,-99,-99,-99,-99,-99,-99,-99,-99,-99,-99,-99,-99,-99,-99,-99,-99,-99,-99,-99,-99,-99,-99,3,3
E12000009,South West,E10000027,Somerset,E07000187,Mendip,E02006060,Street Village,-99,-99,-99,-99,-99,-99,-99,-99,-99,-99,-99,-99,-99,-99,-99,-99,-99,-99,-99,-99,-99,-99,-99,-99,-99,-99,-99,-99,-99,-99,-99,3,-99,3,6,-99,-99
E12000009,South West,E10000027,Somerset,E07000188,Sedgemoor,E02006061,Cheddar & Axbridge,-99,-99,-99,-99,-99,-99,-99,-99,-99,4,-99,-99,-99,3,-99,-99,6,-99,-99,-99,-99,-99,-99,-99,-99,-99,-99,-99,-99,-99,-99,-99,-99,-99,-99,3,3
E12000009,South West,E10000027,Somerset,E07000188,Sedgemoor,E02006062,Berrow & Brent Knoll,-99,-99,-99,-99,-99,-99,-99,-99,-99,3,3,3,3,-99,-99,5,6,3,-99,-99,-99,-99,-99,-99,-99,-99,-99,-99,-99,-99,-99,-99,-99,-99,-99,-99,-99
E12000009,South West,E10000027,Somerset,E07000188,Sedgemoor,E02006063,Wedmore & Mark,-99,-99,-99,-99,-99,-99,-99,-99,-99,3,-99,-99,-99,-99,-99,-99,-99,-99,-99,-99,-99,-99,-99,-99,-99,-99,-99,-99,-99,-99,-99,-99,-99,3,-99,-99,-99
E12000009,South West,E10000027,Somerset,E07000188,Sedgemoor,E02006064,Burnham-on-Sea,-99,-99,-99,-99,-99,-99,-99,-99,-99,4,7,5,3,4,-99,-99,5,3,-99,-99,-99,-99,3,-99,-99,-99,-99,-99,-99,-99,-99,-99,-99,-99,-99,-99,-99
E12000009,South West,E10000027,Somerset,E07000188,Sedgemoor,E02006065,Highbridge,-99,-99,-99,-99,-99,-99,3,-99,-99,-99,-99,5,-99,-99,-99,-99,-99,3,-99,-99,-99,-99,-99,-99,-99,-99,-99,-99,-99,-99,-99,-99,3,-99,-99,-99,-99
E12000009,South West,E10000027,Somerset,E07000188,Sedgemoor,E02006066,"Pawlett, Puriton & Woolavington",-99,-99,-99,-99,-99,-99,-99,-99,-99,-99,-99,5,-99,-99,3,-99,-99,-99,-99,-99,-99,-99,-99,-99,-99,-99,-99,-99,-99,-99,-99,-99,-99,-99,-99,-99,-99
E12000009,South West,E10000027,Somerset,E07000188,Sedgemoor,E02006067,"Cannington, Combwich & Nether Stowey",-99,-99,-99,-99,-99,-99,-99,-99,-99,-99,-99,-99,-99,-99,-99,-99,-99,-99,-99,-99,-99,-99,-99,-99,-99,-99,-99,-99,-99,-99,-99,-99,-99,-99,-99,-99,-99
E12000009,South West,E10000027,Somerset,E07000188,Sedgemoor,E02006068,Bridgwater North,-99,-99,-99,-99,-99,-99,-99,-99,-99,-99,-99,-99,-99,4,6,4,5,-99,-99,-99,-99,-99,-99,-99,-99,-99,-99,-99,-99,-99,-99,-99,-99,-99,3,-99,-99
E12000009,South West,E10000027,Somerset,E07000188,Sedgemoor,E02006069,Bridgwater Town,-99,-99,-99,-99,-99,-99,-99,-99,-99,-99,3,-99,-99,6,14,10,-99,-99,4,-99,-99,-99,-99,-99,-99,-99,-99,-99,-99,-99,-99,-99,-99,-99,-99,-99,-99
E12000009,South West,E10000027,Somerset,E07000188,Sedgemoor,E02006070,Bridgwater East,-99,-99,-99,-99,-99,-99,-99,-99,-99,-99,5,3,7,6,-99,6,-99,-99,-99,-99,-99,-99,-99,-99,-99,-99,-99,-99,-99,5,-99,-99,-99,-99,6,-99,-99
E12000009,South West,E10000027,Somerset,E07000188,Sedgemoor,E02006071,Wembdon & Chilton Trinity,-99,-99,-99,-99,-99,-99,-99,-99,-99,4,6,5,3,4,-99,4,6,-99,-99,-99,-99,-99,-99,-99,-99,-99,-99,-99,4,-99,-99,-99,-99,-99,-99,-99,-99
E12000009,South West,E10000027,Somerset,E07000188,Sedgemoor,E02006072,"Westonzoyland, Ashcott & Cossington",-99,-99,-99,-99,-99,-99,-99,-99,-99,-99,-99,-99,3,4,-99,-99,-99,6,-99,-99,-99,-99,-99,-99,-99,-99,-99,-99,-99,-99,-99,-99,-99,-99,-99,4,4
E12000009,South West,E10000027,Somerset,E07000188,Sedgemoor,E02006073,Bridgwater South,-99,-99,-99,-99,-99,-99,-99,-99,-99,-99,3,-99,5,15,4,4,5,3,-99,-99,-99,-99,-99,-99,-99,-99,-99,-99,-99,-99,-99,-99,-99,-99,-99,-99,-99
E12000009,South West,E10000027,Somerset,E07000188,Sedgemoor,E02006074,Stockmoor & North Petherton,-99,-99,-99,-99,-99,-99,-99,-99,-99,3,-99,-99,-99,-99,-99,6,-99,-99,-99,-99,-99,-99,-99,-99,-99,-99,-99,-99,-99,-99,-99,4,-99,-99,3,-99,-99
E12000009,South West,E10000027,Somerset,E07000189,South Somerset,E02006075,"Bruton, Brewham & Cucklington",-99,-99,-99,-99,-99,-99,-99,-99,-99,-99,-99,-99,-99,-99,-99,-99,-99,-99,-99,-99,-99,-99,-99,-99,-99,-99,-99,-99,-99,-99,-99,-99,-99,-99,-99,4,4
E12000009,South West,E10000027,Somerset,E07000189,South Somerset,E02006076,Castle Cary & Kenton Mandeville,-99,-99,-99,-99,-99,-99,-99,-99,-99,-99,6,-99,-99,3,-99,4,-99,-99,-99,-99,-99,-99,-99,-99,-99,-99,-99,-99,-99,-99,3,-99,-99,-99,-99,10,10
E12000009,South West,E10000027,Somerset,E07000189,South Somerset,E02006077,Somerton,-99,-99,-99,-99,-99,-99,-99,-99,-99,-99,-99,-99,-99,-99,3,-99,-99,-99,-99,-99,-99,-99,-99,-99,-99,-99,-99,-99,-99,-99,-99,-99,-99,-99,-99,-99,-99
E12000009,South West,E10000027,Somerset,E07000189,South Somerset,E02006078,Langport & Long Sutton,-99,-99,-99,-99,-99,-99,-99,-99,-99,-99,-99,-99,4,-99,-99,-99,-99,-99,-99,-99,-99,-99,-99,-99,-99,-99,-99,-99,-99,-99,-99,-99,-99,-99,-99,-99,-99
E12000009,South West,E10000027,Somerset,E07000189,South Somerset,E02006079,"Wincanton, Cheriton & Charlton Horethorne",-99,-99,-99,-99,-99,-99,-99,-99,-99,-99,-99,-99,-99,-99,-99,-99,-99,-99,-99,-99,-99,-99,-99,-99,-99,-99,-99,-99,-99,-99,-99,-99,-99,-99,-99,-99,-99
E12000009,South West,E10000027,Somerset,E07000189,South Somerset,E02006080,"Ilchester, Sparkford & Mudford",-99,-99,-99,-99,-99,-99,-99,-99,-99,3,-99,-99,-99,-99,-99,-99,4,-99,-99,-99,-99,-99,-99,-99,-99,-99,-99,-99,-99,-99,-99,3,-99,-99,-99,-99,-99
E12000009,South West,E10000027,Somerset,E07000189,South Somerset,E02006081,Curry Rivel & Fivehead,-99,-99,-99,-99,-99,-99,-99,-99,-99,-99,3,4,-99,-99,12,-99,-99,-99,3,-99,-99,-99,-99,-99,-99,-99,-99,-99,-99,-99,-99,-99,-99,-99,-99,-99,-99
E12000009,South West,E10000027,Somerset,E07000189,South Somerset,E02006082,"Templecombe, Hentsridge & Milborne Port",-99,-99,-99,-99,-99,-99,-99,-99,-99,4,-99,-99,-99,-99,-99,-99,-99,-99,-99,-99,-99,-99,-99,-99,-99,-99,-99,-99,-99,-99,-99,-99,-99,-99,-99,-99,-99
E12000009,South West,E10000027,Somerset,E07000189,South Somerset,E02006083,Martock,-99,-99,-99,-99,-99,-99,-99,-99,-99,-99,-99,-99,-99,-99,-99,-99,-99,-99,-99,-99,-99,-99,-99,-99,-99,-99,-99,-99,-99,-99,-99,-99,-99,-99,-99,-99,-99
E12000009,South West,E10000027,Somerset,E07000189,South Somerset,E02006084,"South Petherton, Seavington & Kingsbury",-99,-99,-99,-99,-99,-99,-99,-99,-99,-99,-99,-99,-99,-99,-99,-99,-99,-99,-99,-99,-99,-99,-99,-99,-99,-99,-99,-99,-99,-99,-99,3,-99,-99,-99,-99,-99
E12000009,South West,E10000027,Somerset,E07000189,South Somerset,E02006085,Yeovil North East,-99,-99,-99,-99,-99,-99,-99,-99,-99,-99,-99,-99,-99,4,-99,-99,3,-99,-99,-99,-99,-99,-99,-99,-99,-99,-99,-99,-99,-99,-99,-99,-99,-99,-99,-99,-99
E12000009,South West,E10000027,Somerset,E07000189,South Somerset,E02006086,Yeovil Lufton & Hollands,-99,-99,-99,-99,-99,-99,-99,-99,-99,-99,-99,-99,-99,-99,3,-99,-99,-99,-99,-99,-99,-99,-99,-99,-99,-99,-99,-99,-99,-99,-99,-99,-99,-99,-99,3,3
E12000009,South West,E10000027,Somerset,E07000189,South Somerset,E02006087,Yeovil Larkhill,-99,-99,-99,-99,-99,-99,-99,-99,-99,3,-99,5,4,5,4,-99,-99,-99,-99,-99,-99,-99,-99,-99,-99,-99,-99,-99,-99,-99,-99,-99,-99,-99,-99,-99,-99
E12000009,South West,E10000027,Somerset,E07000189,South Somerset,E02006088,Yeovil Milford Park,-99,-99,-99,-99,-99,-99,-99,-99,-99,-99,3,-99,-99,5,-99,7,-99,-99,-99,-99,-99,-99,-99,-99,-99,-99,-99,-99,-99,-99,-99,-99,-99,-99,-99,-99,-99
E12000009,South West,E10000027,Somerset,E07000189,South Somerset,E02006089,Yeovil Town,-99,-99,-99,-99,-99,-99,-99,-99,-99,-99,3,5,3,-99,9,3,-99,-99,-99,3,-99,-99,-99,-99,-99,-99,-99,-99,-99,-99,-99,-99,-99,-99,-99,-99,-99
E12000009,South West,E10000027,Somerset,E07000189,South Somerset,E02006090,Yeovil Preston Plunkett,-99,-99,-99,-99,-99,-99,-99,-99,-99,-99,-99,-99,3,4,-99,5,-99,-99,-99,-99,-99,-99,-99,-99,-99,-99,-99,-99,-99,-99,-99,-99,-99,-99,-99,-99,-99
E12000009,South West,E10000027,Somerset,E07000189,South Somerset,E02006091,Ham Hill & Merriott,-99,-99,-99,-99,-99,-99,-99,-99,-99,-99,-99,-99,-99,-99,-99,-99,-99,-99,-99,-99,-99,-99,-99,-99,-99,-99,-99,-99,-99,-99,-99,-99,-99,-99,-99,3,3
E12000009,South West,E10000027,Somerset,E07000189,South Somerset,E02006092,Yeovil South,-99,-99,-99,-99,-99,-99,-99,-99,-99,-99,-99,-99,-99,-99,-99,-99,-99,-99,-99,-99,-99,-99,-99,-99,-99,-99,-99,-99,-99,-99,-99,-99,-99,-99,-99,-99,-99
E12000009,South West,E10000027,Somerset,E07000189,South Somerset,E02006093,Ilminster & Horton,-99,-99,-99,-99,-99,-99,-99,-99,-99,5,-99,-99,-99,-99,-99,5,-99,-99,-99,-99,-99,-99,-99,-99,-99,-99,-99,-99,-99,-99,-99,-99,-99,-99,3,-99,-99
E12000009,South West,E10000027,Somerset,E07000189,South Somerset,E02006094,Stoford & the Cokers,-99,-99,-99,-99,-99,-99,-99,-99,-99,-99,-99,-99,-99,-99,-99,-99,-99,-99,-99,-99,-99,-99,-99,-99,-99,-99,-99,-99,-99,-99,-99,-99,-99,-99,-99,-99,-99
E12000009,South West,E10000027,Somerset,E07000189,South Somerset,E02006095,Crewkerne,-99,-99,-99,-99,-99,-99,-99,-99,-99,-99,-99,-99,-99,-99,-99,-99,-99,-99,-99,-99,-99,-99,-99,-99,-99,-99,-99,-99,-99,-99,-99,-99,-99,-99,-99,-99,-99
E12000009,South West,E10000027,Somerset,E07000189,South Somerset,E02006096,Chard North & East,-99,-99,-99,-99,-99,-99,-99,-99,-99,-99,-99,-99,-99,4,-99,-99,-99,-99,5,-99,17,-99,-99,-99,-99,-99,-99,-99,-99,-99,-99,-99,-99,-99,-99,-99,-99
E12000009,South West,E10000027,Somerset,E07000189,South Somerset,E02006097,Chard West,-99,-99,-99,-99,-99,-99,-99,-99,-99,-99,-99,-99,-99,-99,-99,-99,-99,-99,-99,-99,-99,-99,-99,-99,-99,-99,-99,-99,-99,-99,-99,-99,-99,-99,-99,-99,-99
E12000009,South West,E10000027,Somerset,E07000189,South Somerset,E02006098,Tatworth & Combe St Nicholas,-99,-99,-99,-99,-99,-99,-99,-99,-99,-99,-99,-99,-99,-99,-99,-99,-99,-99,-99,-99,-99,-99,-99,-99,-99,-99,-99,-99,-99,-99,-99,-99,-99,-99,-99,-99,-99
E12000009,South West,E10000027,Somerset,E07000246,Somerset West and Taunton,E02006099,Bishops Lydeard & Cotford St Luke,-99,-99,-99,-99,-99,-99,-99,-99,-99,-99,-99,-99,-99,-99,-99,-99,-99,4,-99,-99,-99,-99,-99,-99,-99,-99,-99,-99,-99,-99,-99,-99,-99,-99,-99,3,3
E12000009,South West,E10000027,Somerset,E07000246,Somerset West and Taunton,E02006100,Taunton Rowbarton & Kingston,-99,-99,-99,-99,-99,-99,-99,-99,-99,-99,5,3,-99,9,-99,5,-99,-99,-99,-99,-99,-99,-99,-99,-99,-99,-99,3,-99,-99,-99,-99,-99,-99,-99,5,5
E12000009,South West,E10000027,Somerset,E07000246,Somerset West and Taunton,E02006101,Wiveliscombe & Milverton,-99,-99,-99,-99,-99,-99,-99,-99,-99,-99,-99,-99,-99,-99,-99,-99,-99,-99,-99,-99,-99,-99,-99,-99,-99,-99,-99,-99,-99,-99,-99,-99,-99,-99,-99,-99,-99
E12000009,South West,E10000027,Somerset,E07000246,Somerset West and Taunton,E02006102,Taunton Pyrland & Priorswood,-99,-99,-99,-99,-99,-99,-99,-99,-99,-99,-99,-99,8,4,3,4,-99,-99,-99,-99,-99,-99,-99,-99,-99,-99,-99,-99,-99,-99,-99,-99,-99,-99,-99,7,7
E12000009,South West,E10000027,Somerset,E07000246,Somerset West and Taunton,E02006103,Ruishton & North Curry,-99,-99,-99,-99,-99,-99,-99,-99,-99,-99,-99,-99,-99,-99,-99,-99,-99,-99,-99,-99,-99,-99,-99,-99,-99,-99,-99,-99,-99,-99,-99,-99,-99,-99,-99,-99,-99
E12000009,South West,E10000027,Somerset,E07000246,Somerset West and Taunton,E02006104,Taunton Halcon & Monkton Heathfield,-99,-99,-99,-99,-99,-99,-99,-99,-99,-99,-99,3,7,5,-99,4,-99,-99,-99,-99,-99,-99,-99,-99,-99,-99,-99,-99,-99,-99,-99,-99,-99,-99,-99,3,3
E12000009,South West,E10000027,Somerset,E07000246,Somerset West and Taunton,E02006105,Taunton North Town,-99,-99,-99,-99,-99,-99,-99,-99,-99,-99,-99,11,11,6,-99,-99,-99,7,6,-99,-99,-99,-99,-99,-99,-99,-99,-99,-99,-99,-99,-99,-99,-99,-99,3,3
E12000009,South West,E10000027,Somerset,E07000246,Somerset West and Taunton,E02006106,Bishop's Hull & North Fitzwarren,-99,-99,-99,-99,-99,-99,-99,-99,-99,-99,6,10,7,6,6,-99,-99,-99,3,-99,-99,-99,-99,-99,-99,-99,-99,-99,-99,-99,-99,-99,4,-99,-99,3,3
E12000009,South West,E10000027,Somerset,E07000246,Somerset West and Taunton,E02006107,Taunton Holway & Lambrook,-99,-99,-99,-99,-99,-99,-99,-99,-99,-99,-99,3,4,-99,-99,-99,-99,-99,-99,-99,-99,-99,-99,-99,-99,-99,-99,-99,-99,-99,-99,3,-99,-99,-99,-99,-99
E12000009,South West,E10000027,Somerset,E07000246,Somerset West and Taunton,E02006108,Taunton Wilton,-99,-99,-99,-99,-99,-99,-99,-99,-99,3,3,12,6,4,-99,-99,-99,-99,3,-99,-99,-99,-99,-99,-99,-99,-99,-99,-99,-99,-99,4,-99,-99,-99,8,8
E12000009,South West,E10000027,Somerset,E07000246,Somerset West and Taunton,E02006109,Taunton Galmington & Trull,-99,-99,-99,-99,-99,-99,-99,-99,-99,-99,-99,3,-99,4,-99,-99,-99,-99,-99,-99,-99,-99,-99,-99,-99,-99,-99,-99,-99,-99,-99,-99,-99,-99,-99,-99,-99
E12000009,South West,E10000027,Somerset,E07000246,Somerset West and Taunton,E02006110,Wellington North,-99,-99,-99,-99,-99,-99,-99,-99,-99,-99,-99,-99,3,-99,-99,-99,5,9,9,4,-99,-99,-99,-99,-99,-99,-99,-99,-99,-99,-99,-99,-99,-99,-99,3,3
E12000009,South West,E10000027,Somerset,E07000246,Somerset West and Taunton,E02006111,"Wellington South, Rockwell Green & West Buckland",-99,-99,-99,-99,-99,-99,-99,-99,-99,-99,-99,12,-99,4,-99,5,19,-99,3,-99,-99,-99,-99,-99,-99,-99,-99,-99,-99,-99,-99,-99,-99,-99,-99,5,5
E12000009,South West,E10000027,Somerset,E07000246,Somerset West and Taunton,E02006112,Dowslands & Blackdown,-99,-99,-99,-99,-99,-99,-99,-99,-99,-99,-99,-99,3,-99,-99,-99,-99,-99,-99,-99,-99,-99,-99,-99,-99,-99,-99,-99,-99,-99,-99,-99,-99,-99,-99,8,8
E12000009,South West,E10000027,Somerset,E07000246,Somerset West and Taunton,E02006113,Minehead Town,-99,-99,-99,-99,-99,-99,-99,-99,-99,-99,-99,-99,7,5,-99,-99,-99,5,-99,-99,-99,-99,-99,-99,-99,-99,-99,-99,-99,-99,-99,-99,-99,-99,3,6,6
E12000009,South West,E10000027,Somerset,E07000246,Somerset West and Taunton,E02006114,Minehead Outer & Porlock,-99,-99,-99,-99,-99,-99,-99,-99,3,-99,-99,-99,-99,-99,-99,-99,-99,4,4,-99,-99,-99,-99,-99,-99,-99,-99,-99,-99,-99,-99,-99,-99,-99,-99,8,8
E12000009,South West,E10000027,Somerset,E07000246,Somerset West and Taunton,E02006115,"Watchet, Washford & Carhampton",-99,-99,-99,-99,-99,-99,-99,-99,-99,-99,-99,-99,-99,-99,-99,-99,-99,-99,-99,-99,-99,-99,-99,-99,-99,-99,-99,-99,-99,-99,-99,-99,-99,-99,-99,-99,-99
E12000009,South West,E10000027,Somerset,E07000246,Somerset West and Taunton,E02006116,"Williton, Quantock & Stogursey",-99,-99,-99,-99,-99,-99,-99,-99,-99,-99,-99,-99,-99,-99,-99,-99,-99,4,-99,-99,-99,-99,-99,-99,-99,-99,-99,-99,-99,-99,-99,-99,-99,-99,-99,3,3
E12000009,South West,E10000027,Somerset,E07000246,Somerset West and Taunton,E02006117,"Dunster, Dulverton & Exmoor",-99,-99,-99,-99,-99,-99,-99,-99,-99,-99,-99,3,-99,-99,-99,-99,-99,-99,-99,-99,-99,-99,-99,-99,-99,-99,-99,-99,-99,-99,-99,-99,-99,-99,-99,-99,-99
E12000005,West Midlands,E10000028,Staffordshire,E07000192,Cannock Chase,E02006118,Rugeley North & Etchinghill,-99,-99,-99,-99,-99,-99,-99,-99,-99,-99,3,-99,-99,-99,-99,-99,-99,-99,-99,-99,-99,-99,-99,-99,3,3,-99,-99,-99,-99,-99,-99,-99,-99,3,7,7
E12000005,West Midlands,E10000028,Staffordshire,E07000192,Cannock Chase,E02006119,Rugeley Town,-99,-99,-99,-99,-99,-99,-99,-99,-99,-99,-99,5,7,3,-99,-99,-99,-99,-99,-99,-99,-99,-99,-99,-99,-99,-99,-99,-99,-99,-99,3,5,-99,-99,8,8
E12000005,West Midlands,E10000028,Staffordshire,E07000192,Cannock Chase,E02006120,Rugeley South & Brereton,-99,-99,-99,-99,-99,-99,-99,-99,4,10,3,3,-99,-99,5,-99,-99,-99,-99,-99,-99,-99,-99,-99,-99,-99,-99,-99,-99,-99,-99,-99,-99,-99,-99,-99,-99
E12000005,West Midlands,E10000028,Staffordshire,E07000192,Cannock Chase,E02006121,Hednesford Pye Green,-99,-99,-99,-99,-99,-99,-99,-99,-99,-99,-99,-99,-99,-99,-99,-99,-99,-99,-99,-99,-99,-99,-99,3,-99,-99,-99,-99,-99,-99,-99,-99,-99,-99,3,4,4
E12000005,West Midlands,E10000028,Staffordshire,E07000192,Cannock Chase,E02006122,Hednesford Central,-99,-99,-99,-99,-99,-99,-99,-99,-99,-99,-99,3,3,-99,-99,-99,-99,-99,-99,-99,-99,-99,-99,-99,-99,-99,3,-99,-99,-99,-99,3,-99,-99,-99,7,7
E12000005,West Midlands,E10000028,Staffordshire,E07000192,Cannock Chase,E02006123,Wimblebury & Cannock Wood,-99,-99,-99,-99,-99,-99,-99,-99,-99,-99,3,9,4,4,-99,-99,-99,-99,-99,-99,-99,-99,-99,-99,-99,-99,-99,-99,-99,-99,-99,-99,-99,-99,-99,4,4
E12000005,West Midlands,E10000028,Staffordshire,E07000192,Cannock Chase,E02006124,Cannock North,-99,-99,-99,-99,-99,-99,-99,-99,5,3,4,-99,5,-99,-99,5,-99,-99,-99,-99,-99,-99,-99,-99,-99,-99,-99,-99,-99,-99,-99,-99,-99,5,4,-99,-99
E12000005,West Midlands,E10000028,Staffordshire,E07000192,Cannock Chase,E02006125,Cannock North East,-99,-99,-99,-99,-99,-99,-99,-99,-99,4,-99,-99,-99,-99,-99,-99,-99,-99,-99,-99,-99,-99,-99,-99,-99,-99,-99,-99,-99,-99,-99,-99,5,3,-99,-99,-99
E12000005,West Midlands,E10000028,Staffordshire,E07000192,Cannock Chase,E02006126,Hednesford South & Heath Hayes,-99,-99,-99,-99,-99,-99,-99,-99,3,7,3,-99,-99,-99,-99,-99,-99,4,-99,-99,-99,-99,-99,-99,-99,-99,-99,-99,-99,-99,-99,-99,-99,3,-99,4,4
E12000005,West Midlands,E10000028,Staffordshire,E07000192,Cannock Chase,E02006127,Hawks Green,-99,-99,-99,-99,-99,-99,-99,-99,4,-99,8,7,-99,3,-99,-99,-99,3,-99,-99,-99,-99,-99,-99,-99,-99,-99,-99,-99,-99,-99,-99,-99,-99,4,3,3
E12000005,West Midlands,E10000028,Staffordshire,E07000192,Cannock Chase,E02006128,Cannock West & Mill Green,-99,-99,-99,-99,-99,-99,-99,-99,-99,6,-99,-99,8,-99,-99,-99,-99,-99,-99,-99,-99,-99,-99,-99,-99,-99,-99,-99,-99,-99,-99,-99,-99,-99,4,5,5
E12000005,West Midlands,E10000028,Staffordshire,E07000192,Cannock Chase,E02006129,Cannock South,-99,-99,-99,-99,-99,-99,-99,-99,-99,3,3,4,3,3,-99,-99,3,-99,-99,-99,-99,-99,-99,-99,-99,-99,-99,-99,-99,-99,-99,-99,14,-99,6,5,5
E12000005,West Midlands,E10000028,Staffordshire,E07000192,Cannock Chase,E02006130,Norton Canes,-99,-99,-99,-99,-99,-99,-99,-99,-99,4,-99,3,-99,-99,3,-99,-99,-99,-99,-99,-99,-99,-99,-99,-99,-99,-99,-99,-99,-99,-99,3,-99,5,-99,8,8
E12000005,West Midlands,E10000028,Staffordshire,E07000193,East Staffordshire,E02006131,"Mayfield, Rocester & Bramshall",-99,-99,-99,-99,-99,-99,-99,-99,-99,-99,-99,6,9,-99,-99,-99,4,3,3,-99,-99,-99,-99,-99,-99,-99,-99,-99,-99,-99,-99,-99,-99,-99,3,4,4
E12000005,West Midlands,E10000028,Staffordshire,E07000193,East Staffordshire,E02006132,Uttoxeter Heath,-99,-99,-99,-99,-99,-99,-99,-99,-99,-99,-99,-99,-99,4,-99,-99,-99,-99,-99,-99,-99,-99,-99,-99,-99,-99,-99,-99,-99,-99,-99,-99,-99,-99,-99,3,3
E12000005,West Midlands,E10000028,Staffordshire,E07000193,East Staffordshire,E02006133,Uttoxeter Town,-99,-99,-99,-99,-99,-99,-99,-99,-99,-99,3,4,10,-99,3,-99,3,-99,-99,-99,-99,-99,-99,-99,-99,-99,-99,-99,-99,-99,-99,-99,-99,3,-99,5,5
E12000005,West Midlands,E10000028,Staffordshire,E07000193,East Staffordshire,E02006134,Rolleston-on-Dove & Tutbury,-99,-99,-99,-99,-99,-99,-99,-99,4,8,6,5,7,7,4,3,-99,-99,-99,-99,-99,3,-99,-99,-99,-99,-99,-99,-99,-99,-99,-99,5,4,4,4,4
E12000005,West Midlands,E10000028,Staffordshire,E07000193,East Staffordshire,E02006135,Burton Stretton,-99,-99,-99,-99,-99,-99,-99,-99,3,4,3,-99,-99,5,-99,-99,-99,-99,-99,-99,-99,-99,-99,-99,4,-99,-99,-99,-99,-99,-99,-99,-99,-99,-99,4,4
E12000005,West Midlands,E10000028,Staffordshire,E07000193,East Staffordshire,E02006136,"Abbots Bromley, Yoxall & Marchington",-99,-99,-99,-99,-99,-99,-99,-99,4,4,-99,12,8,-99,-99,-99,5,-99,-99,-99,-99,-99,-99,-99,-99,-99,-99,-99,-99,-99,-99,-99,-99,-99,8,6,6
E12000005,West Midlands,E10000028,Staffordshire,E07000193,East Staffordshire,E02006137,Burton Horninglow,-99,-99,-99,-99,-99,-99,-99,-99,3,5,9,4,9,16,3,-99,5,-99,-99,-99,-99,-99,-99,4,-99,-99,-99,-99,-99,-99,10,5,3,-99,3,7,7
E12000005,West Midlands,E10000028,Staffordshire,E07000193,East Staffordshire,E02006138,Burton Eton Park,-99,-99,-99,-99,-99,-99,-99,-99,-99,3,-99,-99,6,3,-99,-99,-99,-99,3,-99,-99,-99,-99,-99,-99,3,11,3,6,-99,-99,3,-99,-99,-99,-99,-99
E12000005,West Midlands,E10000028,Staffordshire,E07000193,East Staffordshire,E02006139,Burton Shobnall,-99,-99,-99,-99,-99,-99,-99,-99,-99,5,-99,-99,10,6,5,-99,-99,-99,-99,5,5,-99,-99,15,10,3,-99,-99,3,-99,4,4,-99,6,3,6,6
E12000005,West Midlands,E10000028,Staffordshire,E07000193,East Staffordshire,E02006140,Burton Winshill,-99,-99,-99,-99,-99,-99,-99,-99,-99,-99,3,9,6,8,-99,-99,-99,-99,-99,-99,-99,-99,-99,-99,-99,-99,-99,-99,-99,-99,-99,5,5,-99,4,-99,-99
E12000005,West Midlands,E10000028,Staffordshire,E07000193,East Staffordshire,E02006141,Burton Central,-99,-99,-99,-99,-99,-99,-99,-99,7,6,7,3,10,3,7,3,-99,4,-99,-99,-99,-99,3,12,3,-99,-99,-99,7,-99,-99,10,3,-99,4,5,5
E12000005,West Midlands,E10000028,Staffordshire,E07000193,East Staffordshire,E02006142,Burton Brizlincote,-99,-99,-99,-99,-99,-99,-99,-99,-99,-99,-99,-99,-99,6,-99,-99,4,3,-99,-99,-99,-99,-99,-99,-99,-99,-99,-99,-99,-99,-99,-99,-99,-99,-99,-99,-99
E12000005,West Midlands,E10000028,Staffordshire,E07000193,East Staffordshire,E02006143,Branston,-99,-99,-99,-99,-99,-99,-99,-99,-99,-99,3,3,4,3,-99,-99,-99,-99,-99,-99,-99,-99,-99,-99,-99,-99,-99,-99,-99,-99,3,4,-99,5,3,8,8
E12000005,West Midlands,E10000028,Staffordshire,E07000193,East Staffordshire,E02006144,Burton Stapenhill,-99,-99,-99,-99,-99,-99,-99,-99,4,3,4,8,4,5,3,-99,4,3,-99,-99,-99,-99,-99,-99,-99,-99,-99,-99,-99,-99,3,-99,5,-99,-99,-99,-99
E12000005,West Midlands,E10000028,Staffordshire,E07000193,East Staffordshire,E02006145,Barton-under-Needwood,-99,-99,-99,-99,-99,-99,-99,-99,-99,4,-99,3,4,-99,-99,-99,-99,-99,-99,-99,-99,-99,-99,-99,-99,-99,-99,-99,-99,-99,-99,-99,-99,3,-99,3,3
E12000005,West Midlands,E10000028,Staffordshire,E07000194,Lichfield,E02006146,Armitage & Colton,-99,-99,-99,-99,-99,-99,-99,-99,-99,9,5,4,-99,3,-99,3,-99,-99,-99,-99,-99,-99,-99,-99,-99,3,-99,-99,-99,-99,-99,-99,-99,-99,-99,-99,-99
E12000005,West Midlands,E10000028,Staffordshire,E07000194,Lichfield,E02006147,"Alrewas, Fradley & King's Bromley",-99,-99,-99,-99,-99,-99,-99,-99,4,5,-99,8,-99,5,-99,-99,-99,-99,-99,-99,-99,-99,-99,-99,-99,-99,-99,-99,-99,-99,4,-99,-99,3,-99,6,6
E12000005,West Midlands,E10000028,Staffordshire,E07000194,Lichfield,E02006148,Burntwood North East & Longdon,-99,-99,-99,-99,-99,-99,-99,-99,-99,4,5,5,-99,-99,-99,-99,-99,-99,-99,-99,3,-99,-99,-99,-99,-99,-99,-99,-99,-99,-99,-99,3,-99,4,8,8
E12000005,West Midlands,E10000028,Staffordshire,E07000194,Lichfield,E02006149,Lichfield Central,-99,-99,-99,-99,-99,-99,-99,-99,5,6,10,7,3,-99,4,5,3,-99,-99,-99,-99,-99,-99,-99,-99,-99,-99,-99,-99,-99,4,-99,-99,5,-99,9,9
E12000005,West Midlands,E10000028,Staffordshire,E07000194,Lichfield,E02006150,Lichfield East,-99,-99,-99,-99,-99,-99,-99,4,6,4,10,7,5,6,-99,-99,-99,-99,4,-99,-99,-99,-99,-99,-99,-99,-99,4,-99,-99,-99,-99,-99,7,3,3,3
E12000005,West Midlands,E10000028,Staffordshire,E07000194,Lichfield,E02006151,Burntwood West,-99,-99,-99,-99,-99,-99,-99,3,4,6,-99,-99,4,-99,-99,-99,-99,-99,-99,-99,-99,-99,-99,-99,-99,-99,-99,-99,-99,-99,-99,-99,-99,-99,-99,11,11
E12000005,West Midlands,E10000028,Staffordshire,E07000194,Lichfield,E02006152,Lichfield West & South,-99,-99,-99,-99,-99,-99,-99,-99,-99,5,-99,3,-99,-99,-99,-99,5,4,5,5,-99,-99,-99,-99,-99,3,-99,-99,-99,-99,-99,-99,-99,4,-99,11,11
E12000005,West Midlands,E10000028,Staffordshire,E07000194,Lichfield,E02006153,"Whittington, Hopwas & Clifton Campville",-99,-99,-99,-99,-99,-99,-99,-99,3,-99,-99,-99,3,-99,-99,4,-99,-99,-99,-99,-99,-99,-99,-99,-99,-99,-99,-99,-99,-99,-99,3,-99,-99,5,6,6
E12000005,West Midlands,E10000028,Staffordshire,E07000194,Lichfield,E02006154,Burntwood Chase Terrace & Hammerwich,-99,-99,-99,-99,-99,-99,-99,-99,-99,6,4,4,6,-99,-99,-99,-99,-99,-99,-99,-99,-99,-99,-99,-99,-99,-99,-99,-99,-99,-99,-99,-99,8,3,-99,-99
E12000005,West Midlands,E10000028,Staffordshire,E07000194,Lichfield,E02006155,Burntwood Chasetown,-99,-99,-99,-99,-99,-99,-99,-99,-99,-99,3,-99,3,-99,-99,-99,-99,-99,-99,-99,-99,-99,-99,-99,-99,-99,-99,-99,-99,-99,3,-99,3,-99,-99,-99,-99
E12000005,West Midlands,E10000028,Staffordshire,E07000194,Lichfield,E02006156,"Shenstone, Stonnall & Little Aston",-99,-99,-99,-99,-99,-99,-99,-99,8,-99,3,6,5,-99,-99,-99,3,-99,-99,-99,-99,-99,-99,-99,-99,-99,-99,-99,-99,-99,-99,3,3,4,-99,15,15
E12000005,West Midlands,E10000028,Staffordshire,E07000194,Lichfield,E02006157,"Fazeley, Mile Oak & Drayton Basset",-99,-99,-99,-99,-99,-99,-99,-99,3,5,-99,-99,3,-99,8,12,3,-99,-99,-99,-99,-99,-99,-99,-99,-99,-99,-99,-99,-99,-99,-99,-99,-99,4,11,11
E12000005,West Midlands,E10000028,Staffordshire,E07000195,Newcastle-under-Lyme,E02006158,Kidsgrove East,-99,-99,-99,-99,-99,-99,-99,-99,3,-99,-99,-99,3,4,4,-99,-99,3,-99,-99,-99,-99,-99,-99,-99,-99,-99,-99,-99,-99,-99,-99,-99,-99,-99,10,10
E12000005,West Midlands,E10000028,Staffordshire,E07000195,Newcastle-under-Lyme,E02006159,Kidsgrove Central,-99,-99,-99,-99,-99,-99,-99,-99,-99,-99,5,6,4,11,25,5,3,5,-99,-99,-99,-99,-99,-99,-99,-99,-99,-99,-99,-99,-99,-99,-99,-99,-99,7,7
E12000005,West Midlands,E10000028,Staffordshire,E07000195,Newcastle-under-Lyme,E02006160,Kidsgrove West,-99,-99,-99,-99,-99,-99,-99,-99,3,7,4,7,4,7,7,-99,4,-99,3,-99,-99,-99,-99,-99,-99,-99,-99,-99,-99,-99,-99,-99,-99,3,3,4,4
E12000005,West Midlands,E10000028,Staffordshire,E07000195,Newcastle-under-Lyme,E02006161,Talke & Crackley,-99,-99,-99,-99,-99,-99,-99,-99,-99,-99,3,-99,-99,10,4,3,4,4,-99,7,-99,-99,-99,-99,-99,-99,-99,-99,-99,-99,-99,4,6,-99,4,7,7
E12000005,West Midlands,E10000028,Staffordshire,E07000195,Newcastle-under-Lyme,E02006162,Audley & Bignall End,-99,-99,-99,-99,-99,-99,-99,-99,-99,-99,3,7,3,4,7,-99,3,5,-99,-99,-99,-99,-99,-99,-99,-99,-99,-99,-99,-99,-99,3,4,-99,7,8,8
E12000005,West Midlands,E10000028,Staffordshire,E07000195,Newcastle-under-Lyme,E02006163,Bradwell,-99,-99,-99,-99,-99,-99,-99,-99,8,7,7,6,4,11,11,4,7,5,-99,10,3,-99,3,-99,-99,-99,-99,-99,-99,-99,-99,-99,-99,3,6,10,10
E12000005,West Midlands,E10000028,Staffordshire,E07000195,Newcastle-under-Lyme,E02006164,Chesterton & Knutton,-99,-99,-99,-99,-99,-99,-99,-99,-99,7,5,8,15,6,6,4,6,4,-99,4,4,-99,-99,-99,-99,-99,-99,-99,-99,-99,-99,-99,-99,-99,-99,4,4
E12000005,West Midlands,E10000028,Staffordshire,E07000195,Newcastle-under-Lyme,E02006165,Porthill,-99,-99,-99,-99,-99,-99,-99,-99,-99,-99,-99,-99,5,6,-99,4,-99,5,-99,-99,-99,-99,-99,-99,-99,-99,-99,-99,-99,4,-99,5,-99,-99,7,6,6
E12000005,West Midlands,E10000028,Staffordshire,E07000195,Newcastle-under-Lyme,E02006166,May Bank,-99,-99,-99,-99,-99,-99,-99,-99,-99,-99,4,-99,4,10,4,6,-99,-99,3,4,3,-99,-99,-99,-99,-99,-99,-99,-99,-99,-99,-99,-99,-99,6,4,4
E12000005,West Midlands,E10000028,Staffordshire,E07000195,Newcastle-under-Lyme,E02006167,Newcastle West & Cross Heath,-99,-99,-99,-99,-99,-99,-99,-99,3,4,5,5,6,18,5,-99,3,-99,-99,-99,-99,-99,3,-99,-99,-99,-99,-99,-99,6,6,-99,-99,-99,9,9,9
E12000005,West Midlands,E10000028,Staffordshire,E07000195,Newcastle-under-Lyme,E02006168,Newcastle Town,-99,-99,-99,-99,-99,-99,-99,-99,-99,3,5,6,25,8,6,9,-99,5,4,6,3,-99,-99,-99,-99,-99,-99,-99,-99,-99,-99,-99,-99,-99,-99,13,13
E12000005,West Midlands,E10000028,Staffordshire,E07000195,Newcastle-under-Lyme,E02006169,Silverdale & Keele,-99,-99,-99,-99,-99,-99,-99,-99,-99,-99,-99,7,5,3,3,4,4,-99,-99,-99,-99,-99,-99,-99,-99,-99,-99,-99,3,6,7,-99,-99,-99,-99,15,15
E12000005,West Midlands,E10000028,Staffordshire,E07000195,Newcastle-under-Lyme,E02006170,Madeley & Betley,-99,-99,-99,-99,-99,-99,-99,-99,-99,-99,3,-99,-99,3,-99,3,-99,-99,-99,-99,-99,-99,-99,-99,-99,-99,-99,-99,-99,-99,-99,-99,-99,-99,-99,9,9
E12000005,West Midlands,E10000028,Staffordshire,E07000195,Newcastle-under-Lyme,E02006171,Clayton & Langdale,-99,-99,-99,-99,-99,-99,-99,-99,-99,-99,-99,-99,4,9,7,4,3,3,-99,6,-99,3,-99,-99,-99,-99,-99,-99,3,3,-99,3,3,3,3,9,9
E12000005,West Midlands,E10000028,Staffordshire,E07000195,Newcastle-under-Lyme,E02006172,Westlands & Seabridge,-99,-99,-99,-99,-99,-99,-99,-99,-99,-99,3,4,5,-99,6,5,4,-99,-99,-99,-99,-99,-99,-99,-99,-99,-99,-99,-99,-99,4,-99,-99,5,9,14,14
E12000005,West Midlands,E10000028,Staffordshire,E07000195,Newcastle-under-Lyme,E02006173,Loggerheads & Baldwins Gate,-99,-99,-99,-99,-99,-99,-99,-99,-99,-99,-99,4,5,4,-99,-99,5,4,-99,-99,-99,-99,-99,-99,-99,-99,-99,-99,-99,-99,-99,-99,4,3,3,17,17
E12000005,West Midlands,E10000028,Staffordshire,E07000196,South Staffordshire,E02006174,Penkridge & Acton Trussell,-99,-99,-99,-99,-99,-99,-99,-99,-99,3,3,4,4,3,-99,-99,-99,-99,-99,3,-99,-99,-99,-99,-99,-99,-99,-99,-99,-99,-99,-99,3,-99,-99,8,8
E12000005,West Midlands,E10000028,Staffordshire,E07000196,South Staffordshire,E02006175,Huntington,-99,-99,-99,-99,-99,-99,-99,-99,4,-99,3,-99,-99,-99,3,-99,-99,-99,-99,-99,-99,-99,-99,-99,-99,-99,-99,-99,-99,-99,-99,-99,4,3,5,4,4
E12000005,West Midlands,E10000028,Staffordshire,E07000196,South Staffordshire,E02006176,Brewood & Wheaton Aston,-99,-99,-99,-99,-99,-99,-99,-99,4,-99,9,-99,-99,-99,-99,-99,-99,-99,-99,-99,-99,-99,-99,-99,-99,-99,-99,-99,-99,-99,-99,4,-99,-99,3,4,4
E12000005,West Midlands,E10000028,Staffordshire,E07000196,South Staffordshire,E02006177,Cheslyn Hay,-99,-99,-99,-99,-99,-99,-99,-99,-99,4,3,5,6,-99,-99,-99,-99,-99,-99,-99,-99,-99,-99,-99,-99,-99,-99,-99,-99,-99,-99,3,-99,3,4,16,16
E12000005,West Midlands,E10000028,Staffordshire,E07000196,South Staffordshire,E02006178,Great Wyrley,-99,-99,-99,-99,-99,-99,-99,3,3,-99,3,4,4,-99,-99,-99,-99,-99,-99,-99,-99,-99,-99,-99,-99,-99,-99,-99,-99,-99,-99,3,6,-99,-99,16,16
E12000005,West Midlands,E10000028,Staffordshire,E07000196,South Staffordshire,E02006179,"Featherstone West, Coven & Shareshill",-99,-99,-99,-99,-99,-99,-99,-99,6,7,6,6,3,-99,-99,-99,-99,8,4,3,-99,-99,-99,-99,-99,-99,-99,-99,-99,-99,-99,4,-99,6,5,6,6
E12000005,West Midlands,E10000028,Staffordshire,E07000196,South Staffordshire,E02006180,Featherstone East & Essington,-99,-99,-99,-99,-99,-99,-99,-99,6,5,5,5,6,5,-99,-99,-99,-99,5,-99,-99,-99,-99,-99,-99,-99,-99,-99,-99,-99,-99,3,-99,-99,3,-99,-99
E12000005,West Midlands,E10000028,Staffordshire,E07000196,South Staffordshire,E02006181,Bilbrook,-99,-99,-99,-99,-99,-99,-99,-99,-99,-99,5,-99,-99,-99,-99,-99,-99,-99,-99,-99,-99,-99,-99,-99,-99,-99,-99,-99,-99,-99,-99,-99,4,6,-99,5,5
E12000005,West Midlands,E10000028,Staffordshire,E07000196,South Staffordshire,E02006182,Codsall,-99,-99,-99,-99,-99,-99,-99,-99,-99,5,4,5,3,-99,-99,-99,-99,-99,-99,-99,-99,-99,-99,-99,-99,-99,-99,-99,-99,-99,-99,-99,-99,4,-99,6,6
E12000005,West Midlands,E10000028,Staffordshire,E07000196,South Staffordshire,E02006183,Perton West & Pattingham,-99,-99,-99,-99,-99,-99,-99,4,-99,-99,5,-99,3,-99,-99,-99,-99,-99,-99,-99,-99,-99,-99,-99,-99,-99,-99,-99,-99,-99,-99,-99,-99,-99,-99,4,4
E12000005,West Midlands,E10000028,Staffordshire,E07000196,South Staffordshire,E02006184,Perton East,-99,-99,-99,-99,-99,-99,-99,-99,4,-99,-99,-99,3,-99,-99,-99,-99,3,-99,-99,-99,-99,-99,-99,-99,-99,-99,-99,-99,-99,-99,-99,-99,-99,5,4,4
E12000005,West Midlands,E10000028,Staffordshire,E07000196,South Staffordshire,E02006185,Wombourne Inner,-99,-99,-99,-99,-99,-99,-99,-99,-99,-99,-99,-99,-99,3,-99,-99,3,-99,-99,-99,-99,-99,-99,-99,-99,-99,-99,-99,-99,-99,-99,-99,-99,3,14,4,4
E12000005,West Midlands,E10000028,Staffordshire,E07000196,South Staffordshire,E02006186,"Wombourne Outer, Swindon & Seisdon",-99,-99,-99,-99,-99,-99,-99,-99,-99,15,6,-99,6,11,-99,-99,-99,-99,-99,-99,-99,-99,-99,-99,-99,-99,-99,-99,-99,-99,-99,-99,6,5,18,10,10
E12000005,West Midlands,E10000028,Staffordshire,E07000196,South Staffordshire,E02006187,Kinver,-99,-99,-99,-99,-99,-99,-99,-99,-99,-99,-99,-99,-99,-99,-99,-99,-99,-99,-99,-99,-99,-99,-99,-99,-99,-99,-99,-99,-99,-99,-99,-99,-99,-99,-99,4,4
E12000005,West Midlands,E10000028,Staffordshire,E07000197,Stafford,E02006188,Fulford & Meir Heath,-99,-99,-99,-99,-99,-99,-99,-99,-99,-99,3,-99,3,-99,-99,10,-99,-99,-99,-99,4,-99,-99,-99,-99,-99,4,-99,-99,-99,-99,3,-99,-99,4,9,9
E12000005,West Midlands,E10000028,Staffordshire,E07000197,Stafford,E02006189,"Barlaston, Tittensor & Swynnerton",-99,-99,-99,-99,-99,-99,-99,-99,-99,-99,6,-99,-99,6,6,4,-99,-99,-99,-99,-99,-99,-99,-99,-99,-99,-99,-99,-99,-99,-99,4,4,4,-99,5,5
E12000005,West Midlands,E10000028,Staffordshire,E07000197,Stafford,E02006190,Stone Town,-99,-99,-99,-99,-99,-99,-99,-99,-99,6,7,8,6,7,5,5,-99,-99,4,-99,-99,-99,-99,-99,-99,-99,-99,-99,4,-99,-99,7,4,-99,8,3,3
E12000005,West Midlands,E10000028,Staffordshire,E07000197,Stafford,E02006191,Little Stoke & Milwich,-99,-99,-99,-99,-99,-99,-99,-99,-99,-99,5,5,10,-99,7,-99,4,-99,4,-99,-99,-99,-99,-99,-99,-99,-99,-99,-99,-99,-99,-99,-99,7,-99,6,6
E12000005,West Midlands,E10000028,Staffordshire,E07000197,Stafford,E02006192,Eccleshall & Yarnfield,-99,-99,-99,-99,-99,-99,-99,-99,-99,-99,-99,7,18,5,-99,14,-99,-99,-99,-99,-99,-99,-99,-99,-99,-99,-99,-99,-99,-99,-99,-99,-99,4,6,4,4
E12000005,West Midlands,E10000028,Staffordshire,E07000197,Stafford,E02006193,Stafford Common & Great Bridgeford,-99,-99,-99,-99,-99,-99,-99,-99,-99,-99,3,3,7,5,-99,-99,3,-99,-99,-99,-99,-99,-99,-99,-99,-99,-99,-99,-99,-99,-99,-99,-99,-99,-99,4,4
E12000005,West Midlands,E10000028,Staffordshire,E07000197,Stafford,E02006194,Doxey & Holmcroft,-99,-99,-99,-99,-99,-99,-99,-99,-99,-99,4,4,12,8,3,6,6,-99,-99,-99,-99,-99,-99,-99,-99,-99,-99,-99,-99,-99,-99,-99,-99,-99,-99,4,4
E12000005,West Midlands,E10000028,Staffordshire,E07000197,Stafford,E02006195,Weston & Haywood,-99,-99,-99,-99,-99,-99,-99,-99,-99,3,-99,3,-99,-99,-99,-99,-99,-99,-99,-99,-99,-99,-99,-99,-99,-99,-99,-99,-99,-99,-99,-99,-99,-99,7,12,12
E12000005,West Midlands,E10000028,Staffordshire,E07000197,Stafford,E02006196,Stafford North East,-99,-99,-99,-99,-99,-99,-99,-99,-99,3,-99,3,9,5,3,3,7,-99,-99,-99,-99,-99,-99,-99,-99,-99,-99,-99,-99,-99,-99,-99,3,-99,13,52,52
E12000005,West Midlands,E10000028,Staffordshire,E07000197,Stafford,E02006197,Central Stafford,-99,-99,-99,-99,-99,-99,-99,-99,-99,-99,8,3,11,20,3,-99,-99,3,-99,-99,-99,-99,-99,-99,-99,-99,-99,-99,-99,-99,-99,-99,-99,-99,3,4,4
E12000005,West Midlands,E10000028,Staffordshire,E07000197,Stafford,E02006198,Littleworth & Hopton,-99,-99,-99,-99,-99,-99,-99,-99,-99,3,3,5,4,3,-99,-99,-99,-99,-99,-99,-99,-99,-99,-99,-99,-99,-99,-99,-99,-99,3,3,4,6,6,9,9
E12000005,West Midlands,E10000028,Staffordshire,E07000197,Stafford,E02006199,Rowley & Derrington,-99,-99,-99,-99,-99,-99,-99,-99,-99,3,9,4,3,8,-99,6,3,-99,-99,-99,-99,-99,-99,-99,-99,-99,-99,-99,-99,-99,-99,-99,-99,-99,4,12,12
E12000005,West Midlands,E10000028,Staffordshire,E07000197,Stafford,E02006200,Highfields & Burton Manor,-99,-99,-99,-99,-99,-99,-99,-99,-99,-99,-99,-99,-99,-99,-99,-99,-99,-99,-99,-99,-99,-99,-99,-99,-99,-99,-99,-99,-99,-99,-99,-99,-99,-99,3,5,5
E12000005,West Midlands,E10000028,Staffordshire,E07000197,Stafford,E02006201,Weeping Cross & Brocton,-99,-99,-99,-99,-99,-99,-99,-99,-99,-99,3,4,5,3,-99,-99,-99,3,-99,-99,-99,-99,-99,-99,-99,-99,-99,-99,-99,-99,-99,7,-99,-99,3,10,10
E12000005,West Midlands,E10000028,Staffordshire,E07000197,Stafford,E02006202,Gnosall & Haughton,-99,-99,-99,-99,-99,-99,-99,-99,-99,-99,-99,3,5,-99,-99,-99,-99,-99,-99,-99,-99,-99,-99,-99,-99,-99,-99,-99,-99,-99,-99,-99,3,15,7,3,3
E12000005,West Midlands,E10000028,Staffordshire,E07000197,Stafford,E02006203,Mosspit & Silkmore Lane,-99,-99,-99,-99,-99,-99,-99,-99,-99,-99,-99,6,8,-99,-99,3,-99,-99,-99,-99,-99,-99,-99,-99,-99,-99,-99,-99,-99,-99,-99,-99,-99,4,-99,4,4
E12000005,West Midlands,E10000028,Staffordshire,E07000198,Staffordshire Moorlands,E02006204,Leek East & Upper Hulme,-99,-99,-99,-99,-99,-99,-99,-99,-99,-99,-99,15,10,6,-99,-99,-99,-99,4,-99,-99,3,-99,-99,-99,-99,-99,-99,-99,-99,-99,-99,-99,-99,6,-99,-99
E12000005,West Midlands,E10000028,Staffordshire,E07000198,Staffordshire Moorlands,E02006205,Biddulph Moor & Rudyard,-99,-99,-99,-99,-99,-99,-99,-99,-99,-99,3,-99,-99,-99,-99,-99,5,-99,-99,-99,-99,-99,-99,-99,-99,-99,-99,-99,-99,-99,3,-99,-99,5,-99,-99,-99
E12000005,West Midlands,E10000028,Staffordshire,E07000198,Staffordshire Moorlands,E02006206,Biddulph Central,-99,-99,-99,-99,-99,-99,-99,-99,-99,-99,-99,-99,-99,3,3,4,-99,-99,-99,-99,-99,-99,-99,-99,-99,-99,-99,-99,-99,-99,-99,-99,4,-99,3,4,4
E12000005,West Midlands,E10000028,Staffordshire,E07000198,Staffordshire Moorlands,E02006207,Biddulph North & Brownlees,-99,-99,-99,-99,-99,-99,-99,-99,-99,-99,3,-99,3,3,8,-99,7,-99,-99,-99,-99,-99,-99,-99,-99,-99,-99,-99,-99,-99,-99,-99,-99,-99,-99,5,5
E12000005,West Midlands,E10000028,Staffordshire,E07000198,Staffordshire Moorlands,E02006208,Leek Town,-99,-99,-99,-99,-99,-99,-99,-99,-99,3,4,4,4,-99,-99,-99,-99,-99,-99,-99,-99,-99,-99,-99,-99,-99,-99,-99,-99,-99,-99,4,-99,-99,-99,6,6
E12000005,West Midlands,E10000028,Staffordshire,E07000198,Staffordshire Moorlands,E02006209,Leek South & Cheddleton,-99,-99,-99,-99,-99,-99,-99,3,-99,-99,4,4,4,5,3,-99,-99,-99,-99,-99,-99,-99,-99,-99,-99,-99,-99,-99,-99,-99,-99,-99,-99,3,6,9,9
E12000005,West Midlands,E10000028,Staffordshire,E07000198,Staffordshire Moorlands,E02006210,"Ipstones, Warslow & Hamps Valley",-99,-99,-99,-99,-99,-99,-99,-99,-99,-99,-99,-99,3,-99,-99,-99,-99,-99,-99,-99,-99,-99,-99,-99,-99,-99,-99,-99,-99,-99,-99,-99,-99,-99,-99,-99,-99
E12000005,West Midlands,E10000028,Staffordshire,E07000198,Staffordshire Moorlands,E02006211,Endon & Brown Edge,-99,-99,-99,-99,-99,-99,-99,-99,-99,-99,-99,3,-99,-99,-99,-99,-99,-99,-99,-99,-99,-99,-99,-99,-99,-99,-99,-99,-99,-99,-99,-99,-99,-99,-99,4,4
E12000005,West Midlands,E10000028,Staffordshire,E07000198,Staffordshire Moorlands,E02006212,Werrington & Wetley Rocks,-99,-99,-99,-99,-99,-99,-99,-99,3,-99,3,4,-99,-99,5,-99,-99,-99,-99,-99,4,9,-99,-99,-99,-99,-99,-99,-99,-99,-99,-99,3,4,-99,4,4
E12000005,West Midlands,E10000028,Staffordshire,E07000198,Staffordshire Moorlands,E02006213,"Cheadle North, Alton & Kingsley",-99,-99,-99,-99,-99,-99,-99,-99,-99,-99,-99,3,-99,3,3,-99,3,-99,-99,3,-99,-99,-99,-99,-99,-99,-99,-99,-99,4,-99,-99,-99,-99,-99,4,4
E12000005,West Midlands,E10000028,Staffordshire,E07000198,Staffordshire Moorlands,E02006214,Cheadle Town,-99,-99,-99,-99,-99,-99,-99,-99,-99,-99,-99,-99,7,3,4,4,4,-99,-99,-99,-99,-99,-99,-99,-99,-99,-99,-99,-99,-99,-99,-99,-99,-99,-99,6,6
E12000005,West Midlands,E10000028,Staffordshire,E07000198,Staffordshire Moorlands,E02006215,"Blythe Bridge, Forsbrook & Caverswall",-99,-99,-99,-99,-99,-99,-99,-99,4,-99,3,-99,4,4,-99,3,3,3,-99,-99,-99,-99,-99,-99,-99,-99,-99,-99,-99,-99,-99,4,-99,3,3,5,5
E12000005,West Midlands,E10000028,Staffordshire,E07000198,Staffordshire Moorlands,E02006216,Cheadle South & Upper Tean,-99,-99,-99,-99,-99,-99,-99,-99,3,-99,4,4,6,5,-99,4,4,-99,-99,-99,-99,-99,-99,-99,-99,-99,-99,-99,3,-99,-99,-99,-99,-99,-99,5,5
E12000005,West Midlands,E10000028,Staffordshire,E07000199,Tamworth,E02006217,Coton Farm & Perry Crofts,-99,-99,-99,-99,-99,-99,-99,-99,-99,3,5,3,7,-99,4,4,3,3,4,-99,-99,-99,-99,-99,-99,-99,-99,-99,-99,-99,8,-99,6,3,-99,18,18
E12000005,West Midlands,E10000028,Staffordshire,E07000199,Tamworth,E02006218,Central Tamworth,-99,-99,-99,-99,-99,-99,-99,4,4,5,7,4,-99,5,-99,6,7,7,3,-99,-99,-99,-99,-99,-99,-99,-99,-99,-99,-99,-99,-99,-99,-99,-99,-99,-99
E12000005,West Midlands,E10000028,Staffordshire,E07000199,Tamworth,E02006219,Amington,-99,-99,-99,-99,-99,-99,-99,-99,3,-99,-99,-99,3,5,4,3,-99,-99,-99,-99,-99,-99,-99,-99,-99,-99,-99,-99,-99,-99,-99,4,5,-99,-99,4,4
E12000005,West Midlands,E10000028,Staffordshire,E07000199,Tamworth,E02006220,Bolehall,-99,-99,-99,-99,-99,-99,-99,-99,5,-99,-99,4,-99,-99,-99,-99,-99,-99,-99,-99,-99,-99,-99,-99,-99,-99,-99,-99,-99,-99,-99,3,-99,3,-99,5,5
E12000005,West Midlands,E10000028,Staffordshire,E07000199,Tamworth,E02006221,Kettlebrook,-99,-99,-99,-99,-99,-99,-99,-99,-99,-99,-99,3,3,-99,3,4,-99,-99,-99,-99,-99,-99,-99,-99,-99,-99,-99,-99,-99,-99,-99,-99,-99,-99,-99,3,3
E12000005,West Midlands,E10000028,Staffordshire,E07000199,Tamworth,E02006222,Belgrave,-99,-99,-99,-99,-99,-99,-99,-99,4,6,4,-99,-99,5,-99,10,3,-99,-99,-99,-99,-99,-99,-99,-99,-99,-99,-99,-99,-99,-99,-99,4,3,-99,4,4
E12000005,West Midlands,E10000028,Staffordshire,E07000199,Tamworth,E02006223,Glascote Heath,-99,-99,-99,-99,-99,-99,-99,-99,-99,3,3,-99,-99,-99,5,7,4,-99,-99,-99,-99,-99,-99,-99,-99,-99,-99,-99,-99,-99,-99,-99,-99,-99,-99,-99,-99
E12000005,West Midlands,E10000028,Staffordshire,E07000199,Tamworth,E02006224,Wilnecote East,-99,-99,-99,-99,-99,-99,-99,-99,-99,5,-99,-99,-99,-99,-99,-99,-99,-99,-99,-99,-99,-99,4,-99,-99,-99,-99,5,-99,-99,5,3,3,3,-99,3,3
E12000005,West Midlands,E10000028,Staffordshire,E07000199,Tamworth,E02006225,Dosthill & Two Gates,-99,-99,-99,-99,-99,-99,-99,-99,5,4,3,-99,-99,-99,-99,3,-99,-99,-99,4,-99,-99,-99,-99,-99,-99,-99,-99,-99,-99,-99,-99,-99,-99,-99,3,3
E12000005,West Midlands,E10000028,Staffordshire,E07000199,Tamworth,E02006226,Wilnecote West & Hockley,-99,-99,-99,-99,-99,-99,-99,-99,4,5,3,5,-99,8,-99,-99,4,-99,-99,3,-99,-99,-99,-99,-99,-99,-99,-99,-99,-99,-99,4,3,3,7,-99,-99
E12000006,East of England,E10000029,Suffolk,E07000200,Babergh,E02006227,"Lavenham, Bildeston & Brettenham",-99,-99,-99,-99,-99,-99,-99,-99,-99,3,-99,-99,3,-99,-99,-99,-99,-99,-99,-99,-99,-99,-99,-99,-99,-99,-99,-99,-99,-99,-99,-99,-99,-99,-99,-99,-99
E12000006,East of England,E10000029,Suffolk,E07000200,Babergh,E02006228,Glemsford & Lawshall,-99,-99,-99,-99,-99,-99,-99,-99,-99,-99,-99,3,-99,-99,-99,3,-99,-99,-99,-99,-99,-99,-99,-99,-99,-99,-99,-99,-99,-99,-99,-99,-99,-99,-99,-99,-99
E12000006,East of England,E10000029,Suffolk,E07000200,Babergh,E02006229,North Sudbury & Long Melford,-99,-99,-99,-99,-99,-99,-99,-99,-99,-99,-99,7,-99,-99,3,3,4,-99,-99,-99,-99,-99,-99,-99,-99,-99,-99,-99,-99,-99,-99,-99,-99,-99,-99,-99,-99
E12000006,East of England,E10000029,Suffolk,E07000200,Babergh,E02006230,Hadleigh,-99,-99,-99,-99,-99,-99,-99,-99,-99,3,-99,4,-99,3,-99,-99,-99,-99,-99,-99,-99,-99,-99,-99,-99,-99,-99,-99,-99,-99,-99,-99,-99,-99,-99,-99,-99
E12000006,East of England,E10000029,Suffolk,E07000200,Babergh,E02006231,"Sproughton, Washbrook & Hintlesham",-99,-99,-99,-99,-99,-99,-99,-99,-99,-99,-99,8,6,6,-99,3,9,-99,13,-99,-99,-99,-99,-99,-99,-99,-99,-99,-99,-99,-99,-99,-99,-99,-99,3,3
E12000006,East of England,E10000029,Suffolk,E07000200,Babergh,E02006232,"Acton, Great Waldingfield & Bures",-99,-99,-99,-99,-99,-99,-99,-99,-99,-99,-99,-99,-99,3,-99,-99,-99,-99,-99,-99,-99,-99,-99,-99,-99,-99,-99,-99,-99,-99,-99,3,-99,-99,-99,3,3
E12000006,East of England,E10000029,Suffolk,E07000200,Babergh,E02006233,Sudbury,-99,-99,-99,-99,-99,-99,-99,-99,7,-99,-99,-99,3,3,-99,3,-99,-99,-99,-99,-99,-99,-99,-99,-99,-99,-99,-99,-99,-99,-99,3,-99,3,-99,6,6
E12000006,East of England,E10000029,Suffolk,E07000200,Babergh,E02006234,Great Cornard,-99,-99,-99,-99,-99,-99,-99,-99,-99,-99,-99,-99,-99,6,-99,-99,-99,-99,-99,-99,-99,-99,-99,-99,-99,-99,-99,-99,-99,-99,-99,-99,-99,-99,-99,-99,-99
E12000006,East of England,E10000029,Suffolk,E07000200,Babergh,E02006235,"Leavenheath, Nayland & Boxford",-99,-99,-99,-99,-99,-99,-99,-99,-99,-99,-99,4,3,6,11,-99,-99,-99,-99,-99,-99,-99,-99,-99,-99,-99,-99,-99,-99,-99,-99,-99,-99,-99,-99,-99,-99
E12000006,East of England,E10000029,Suffolk,E07000200,Babergh,E02006236,"East Bergholt, Brantham & Capel St Mary",-99,-99,-99,-99,-99,-99,-99,-99,-99,3,-99,5,4,-99,3,-99,-99,-99,-99,-99,-99,-99,-99,-99,-99,-99,-99,-99,-99,-99,-99,-99,-99,-99,-99,10,10
E12000006,East of England,E10000029,Suffolk,E07000200,Babergh,E02006237,Shotley Peninsula,-99,-99,-99,-99,-99,-99,-99,-99,-99,4,3,-99,10,3,-99,-99,4,4,-99,-99,-99,-99,-99,-99,-99,-99,-99,-99,-99,-99,-99,-99,-99,-99,-99,-99,-99
E12000006,East of England,E10000029,Suffolk,E07000245,West Suffolk,E02006238,Brandon,-99,-99,-99,-99,-99,-99,-99,-99,-99,-99,-99,-99,8,9,-99,-99,-99,-99,-99,-99,-99,-99,-99,-99,-99,-99,-99,-99,-99,-99,-99,-99,-99,-99,-99,-99,-99
E12000006,East of England,E10000029,Suffolk,E07000245,West Suffolk,E02006239,Lakenheath,-99,-99,-99,-99,-99,-99,-99,-99,-99,-99,-99,-99,-99,-99,-99,-99,-99,-99,-99,-99,-99,-99,-99,-99,-99,-99,-99,-99,-99,-99,-99,-99,-99,-99,-99,-99,-99
E12000006,East of England,E10000029,Suffolk,E07000245,West Suffolk,E02006240,"Beck Row, Eriswell & Barton Mills",-99,-99,-99,-99,-99,-99,-99,-99,-99,-99,-99,-99,-99,-99,3,-99,-99,-99,-99,-99,-99,-99,4,-99,-99,-99,-99,-99,-99,-99,-99,-99,-99,-99,-99,-99,-99
E12000006,East of England,E10000029,Suffolk,E07000245,West Suffolk,E02006241,Mildenhall,-99,-99,-99,-99,-99,-99,-99,-99,-99,-99,-99,-99,-99,-99,4,-99,-99,-99,-99,-99,-99,-99,-99,-99,-99,-99,-99,-99,-99,-99,-99,-99,-99,-99,-99,3,3
E12000006,East of England,E10000029,Suffolk,E07000245,West Suffolk,E02006242,"Red Lodge, Icklingham & Moulton",-99,-99,-99,-99,-99,-99,-99,-99,-99,-99,-99,-99,4,-99,3,6,-99,-99,-99,-99,-99,-99,-99,-99,-99,-99,-99,-99,-99,-99,-99,-99,3,-99,-99,9,9
E12000006,East of England,E10000029,Suffolk,E07000245,West Suffolk,E02006243,"North Newmarket, Studlands & Exning",-99,-99,-99,-99,-99,-99,-99,-99,-99,-99,-99,-99,4,-99,-99,-99,3,-99,4,-99,-99,-99,-99,-99,-99,-99,-99,-99,-99,-99,-99,-99,-99,-99,-99,5,5
E12000006,East of England,E10000029,Suffolk,E07000202,Ipswich,E02006245,Whitton,-99,-99,-99,-99,-99,-99,-99,-99,3,-99,-99,-99,3,8,-99,-99,4,-99,-99,-99,-99,-99,-99,-99,-99,-99,-99,-99,-99,-99,-99,-99,-99,-99,-99,-99,-99
E12000006,East of England,E10000029,Suffolk,E07000202,Ipswich,E02006246,Castle Hill,-99,-99,-99,-99,-99,-99,-99,-99,-99,-99,5,8,5,7,-99,-99,-99,-99,-99,-99,-99,-99,-99,-99,-99,-99,-99,-99,-99,-99,-99,-99,-99,-99,-99,-99,-99
E12000006,East of England,E10000029,Suffolk,E07000202,Ipswich,E02006247,Whitehouse,-99,-99,-99,-99,-99,-99,-99,-99,-99,4,4,5,14,8,-99,3,3,-99,-99,-99,-99,-99,-99,-99,-99,-99,-99,-99,-99,-99,-99,-99,-99,-99,-99,-99,-99
E12000006,East of England,E10000029,Suffolk,E07000202,Ipswich,E02006248,Rushmere,-99,-99,-99,-99,-99,-99,-99,-99,3,3,3,-99,4,-99,-99,-99,-99,-99,-99,-99,-99,-99,-99,-99,-99,-99,-99,-99,-99,-99,-99,-99,-99,-99,-99,-99,-99
E12000006,East of England,E10000029,Suffolk,E07000202,Ipswich,E02006249,Christchurch Park,-99,-99,-99,-99,-99,-99,-99,-99,-99,-99,-99,-99,8,5,5,3,-99,-99,-99,-99,-99,-99,-99,-99,-99,-99,-99,-99,-99,-99,-99,-99,-99,-99,-99,4,4
E12000006,East of England,E10000029,Suffolk,E07000202,Ipswich,E02006250,Westgate,-99,-99,-99,-99,-99,-99,-99,-99,-99,6,4,5,7,14,3,8,10,6,-99,-99,-99,-99,-99,-99,-99,-99,-99,-99,-99,-99,-99,3,-99,-99,-99,3,3
E12000006,East of England,E10000029,Suffolk,E07000202,Ipswich,E02006251,Ipswich Central,-99,-99,-99,-99,-99,-99,-99,-99,-99,4,9,3,11,-99,-99,3,-99,-99,-99,-99,-99,-99,-99,-99,-99,-99,-99,-99,-99,-99,-99,-99,-99,-99,-99,3,3
E12000006,East of England,E10000029,Suffolk,E07000202,Ipswich,E02006252,California,-99,-99,-99,-99,-99,-99,-99,-99,-99,-99,6,14,10,8,6,7,-99,3,-99,-99,-99,-99,-99,-99,-99,-99,-99,-99,-99,-99,-99,-99,-99,-99,-99,-99,-99
E12000006,East of England,E10000029,Suffolk,E07000202,Ipswich,E02006253,Broke Hall,-99,-99,-99,-99,-99,-99,-99,-99,-99,-99,7,5,7,12,-99,-99,-99,-99,-99,-99,-99,-99,-99,-99,-99,-99,-99,-99,-99,-99,-99,-99,-99,-99,-99,-99,-99
E12000006,East of England,E10000029,Suffolk,E07000202,Ipswich,E02006254,Gipping & Chantry Park,-99,-99,-99,-99,-99,-99,-99,-99,-99,-99,6,6,15,14,6,6,16,-99,6,-99,-99,-99,-99,-99,-99,-99,-99,-99,-99,-99,-99,-99,-99,-99,-99,-99,-99
E12000006,East of England,E10000029,Suffolk,E07000202,Ipswich,E02006255,Holywells,-99,-99,-99,-99,-99,-99,-99,-99,-99,-99,-99,-99,8,6,4,-99,-99,-99,-99,-99,-99,-99,-99,-99,-99,-99,-99,-99,-99,-99,-99,-99,-99,-99,-99,-99,-99
E12000006,East of England,E10000029,Suffolk,E07000202,Ipswich,E02006256,"Maidenhall, Stoke & Port",-99,-99,-99,-99,-99,-99,-99,-99,-99,6,12,9,12,5,5,4,3,5,-99,-99,-99,-99,-99,-99,-99,4,-99,-99,-99,-99,-99,-99,-99,-99,3,6,6
E12000006,East of England,E10000029,Suffolk,E07000202,Ipswich,E02006257,Belstead Hills,-99,-99,-99,-99,-99,-99,-99,-99,-99,-99,-99,-99,13,8,-99,-99,3,-99,-99,-99,-99,-99,-99,-99,-99,-99,-99,-99,-99,-99,-99,-99,3,-99,-99,-99,-99
E12000006,East of England,E10000029,Suffolk,E07000202,Ipswich,E02006258,Priory Heath,-99,-99,-99,-99,-99,-99,-99,-99,-99,3,-99,4,19,20,3,11,-99,-99,-99,-99,-99,-99,-99,-99,-99,-99,-99,-99,-99,-99,-99,3,-99,-99,-99,4,4
E12000006,East of England,E10000029,Suffolk,E07000202,Ipswich,E02006259,Stoke Park,-99,-99,-99,-99,-99,-99,-99,-99,-99,3,-99,-99,10,-99,6,-99,-99,-99,-99,-99,-99,-99,-99,-99,-99,-99,-99,-99,-99,-99,-99,-99,-99,-99,-99,-99,-99
E12000006,East of England,E10000029,Suffolk,E07000202,Ipswich,E02006260,"Gainsborough, Greenwich & Orwell",-99,-99,-99,-99,-99,-99,-99,-99,-99,4,3,-99,7,5,-99,-99,3,-99,3,-99,-99,-99,-99,-99,-99,-99,-99,-99,-99,-99,-99,-99,-99,-99,-99,-99,-99
E12000006,East of England,E10000029,Suffolk,E07000203,Mid Suffolk,E02006261,"Eye, Palgrave & Occold",-99,-99,-99,-99,-99,-99,-99,-99,-99,-99,3,3,20,10,-99,10,-99,-99,-99,-99,-99,-99,-99,-99,-99,-99,-99,-99,-99,-99,3,3,-99,-99,-99,4,4
E12000006,East of England,E10000029,Suffolk,E07000203,Mid Suffolk,E02006262,"Rickinghall, Walsham le Willows & Gislingham",-99,-99,-99,-99,-99,-99,-99,-99,-99,-99,-99,-99,-99,-99,-99,-99,-99,-99,-99,-99,-99,-99,-99,-99,-99,-99,-99,-99,-99,-99,3,-99,-99,-99,-99,-99,-99
E12000006,East of England,E10000029,Suffolk,E07000203,Mid Suffolk,E02006263,"Fressingfield, Laxfield & Worlingworth",-99,-99,-99,-99,-99,-99,-99,-99,-99,-99,-99,-99,-99,-99,-99,-99,-99,-99,-99,-99,-99,-99,-99,-99,-99,-99,-99,-99,-99,-99,-99,-99,-99,-99,-99,-99,-99
E12000006,East of England,E10000029,Suffolk,E07000203,Mid Suffolk,E02006264,"Thurston, Badwell Ash & Elmswell North",-99,-99,-99,-99,-99,-99,-99,-99,-99,-99,-99,-99,5,3,-99,-99,-99,-99,-99,-99,-99,-99,-99,-99,-99,-99,-99,-99,-99,-99,-99,-99,-99,-99,-99,4,4
E12000006,East of England,E10000029,Suffolk,E07000203,Mid Suffolk,E02006265,"Stowupland, Mendlesham & Bacton",-99,-99,-99,-99,-99,-99,-99,-99,-99,-99,-99,-99,4,3,4,5,-99,-99,-99,-99,-99,-99,-99,-99,-99,-99,-99,-99,-99,-99,-99,-99,-99,-99,-99,-99,-99
E12000006,East of England,E10000029,Suffolk,E07000203,Mid Suffolk,E02006266,"Elmswell South, Haughley, Beyton & Felsham",-99,-99,-99,-99,-99,-99,-99,-99,-99,-99,-99,-99,9,-99,-99,-99,-99,-99,-99,-99,-99,-99,-99,-99,-99,-99,-99,-99,-99,-99,-99,-99,-99,-99,-99,-99,-99
E12000006,East of England,E10000029,Suffolk,E07000203,Mid Suffolk,E02006267,"Debenham, Stonham & Coddenham",-99,-99,-99,-99,-99,-99,-99,-99,-99,3,-99,-99,3,4,-99,-99,-99,-99,-99,-99,-99,-99,-99,-99,-99,-99,-99,-99,-99,-99,-99,-99,-99,-99,-99,5,5
E12000006,East of England,E10000029,Suffolk,E07000203,Mid Suffolk,E02006268,Stowmarket West,-99,-99,-99,-99,-99,-99,-99,-99,-99,3,-99,3,6,4,-99,-99,3,-99,-99,-99,-99,-99,-99,-99,-99,-99,-99,-99,-99,-99,-99,-99,-99,-99,-99,-99,-99
E12000006,East of England,E10000029,Suffolk,E07000203,Mid Suffolk,E02006269,"Stowmarket Outer, Finborough & Battisford",-99,-99,-99,-99,-99,-99,-99,-99,-99,4,-99,-99,4,-99,6,21,-99,3,-99,-99,-99,-99,-99,-99,-99,-99,-99,-99,-99,-99,-99,-99,-99,-99,-99,-99,-99
E12000006,East of England,E10000029,Suffolk,E07000203,Mid Suffolk,E02006270,Stowmarket East & Needham Market North,-99,-99,-99,-99,-99,-99,-99,-99,-99,-99,-99,-99,6,12,3,3,3,3,-99,-99,-99,-99,-99,-99,-99,-99,-99,-99,-99,-99,-99,-99,-99,-99,-99,-99,-99
E12000006,East of England,E10000029,Suffolk,E07000203,Mid Suffolk,E02006271,Needham Market South & Graeat Blakenham,-99,-99,-99,-99,-99,-99,-99,-99,-99,-99,-99,-99,9,4,5,-99,-99,-99,8,-99,-99,-99,-99,-99,-99,-99,-99,-99,-99,-99,-99,-99,-99,-99,-99,5,5
E12000006,East of England,E10000029,Suffolk,E07000203,Mid Suffolk,E02006272,Claydon & Bramford,-99,-99,-99,-99,-99,-99,-99,-99,-99,6,3,7,6,-99,-99,3,-99,-99,-99,-99,-99,-99,-99,-99,-99,-99,-99,-99,-99,-99,-99,-99,-99,-99,3,-99,-99
E12000006,East of England,E10000029,Suffolk,E07000245,West Suffolk,E02006273,Stanton & Barmingham,-99,-99,-99,-99,-99,-99,-99,-99,-99,-99,-99,-99,-99,-99,3,-99,-99,-99,-99,-99,-99,-99,-99,-99,-99,-99,-99,-99,-99,-99,-99,-99,-99,-99,-99,-99,-99
E12000006,East of England,E10000029,Suffolk,E07000245,West Suffolk,E02006274,"Ixworth, Honington & Barnham",-99,-99,-99,-99,-99,-99,-99,-99,-99,-99,-99,-99,4,-99,-99,-99,-99,-99,-99,-99,-99,-99,-99,-99,-99,-99,-99,-99,-99,-99,-99,-99,-99,-99,-99,-99,-99
E12000006,East of England,E10000029,Suffolk,E07000245,West Suffolk,E02006275,Howard Estate & Northgate,-99,-99,-99,-99,-99,-99,-99,-99,-99,-99,-99,-99,-99,4,-99,5,-99,-99,-99,-99,-99,-99,-99,-99,-99,-99,-99,-99,-99,-99,-99,-99,-99,-99,-99,-99,-99
E12000006,East of England,E10000029,Suffolk,E07000245,West Suffolk,E02006276,"Fornham, Great Barton & Rougham",-99,-99,-99,-99,-99,-99,-99,-99,-99,-99,-99,8,12,5,-99,-99,4,-99,5,-99,-99,-99,-99,-99,-99,-99,-99,-99,-99,-99,3,-99,-99,3,-99,-99,-99
E12000006,East of England,E10000029,Suffolk,E07000245,West Suffolk,E02006277,Moreton Hall,-99,-99,-99,-99,-99,-99,-99,-99,-99,-99,-99,-99,5,-99,-99,-99,-99,-99,-99,-99,-99,-99,-99,-99,-99,-99,-99,-99,-99,-99,-99,-99,3,6,-99,-99,-99
E12000006,East of England,E10000029,Suffolk,E07000245,West Suffolk,E02006278,Bury St Edmunds Central,-99,-99,-99,-99,-99,-99,-99,-99,-99,3,3,4,10,5,-99,3,-99,-99,-99,-99,-99,-99,-99,-99,-99,-99,-99,-99,-99,-99,-99,-99,3,-99,-99,7,7
E12000006,East of England,E10000029,Suffolk,E07000245,West Suffolk,E02006279,Bury St Edmunds West,-99,-99,-99,-99,-99,-99,-99,-99,-99,-99,-99,4,5,4,-99,-99,-99,-99,-99,-99,-99,-99,-99,-99,-99,-99,-99,-99,-99,-99,-99,-99,-99,-99,-99,-99,-99
E12000006,East of England,E10000029,Suffolk,E07000245,West Suffolk,E02006280,"Barrow, Chedburgh & Sicklesmere",-99,-99,-99,-99,-99,-99,-99,-99,-99,-99,-99,-99,-99,7,-99,3,-99,-99,-99,-99,-99,-99,-99,-99,-99,-99,-99,-99,-99,-99,-99,-99,-99,-99,-99,4,4
E12000006,East of England,E10000029,Suffolk,E07000245,West Suffolk,E02006281,Eastgate & Southgate,-99,-99,-99,-99,-99,-99,-99,-99,-99,-99,-99,-99,4,-99,-99,-99,-99,-99,-99,-99,-99,-99,-99,-99,-99,-99,-99,-99,-99,-99,-99,-99,3,-99,-99,-99,-99
E12000006,East of England,E10000029,Suffolk,E07000245,West Suffolk,E02006282,"Clare, Cavendish & Wickhambrook",-99,-99,-99,-99,-99,-99,-99,-99,-99,-99,-99,-99,-99,-99,-99,-99,4,-99,-99,-99,-99,-99,-99,-99,-99,-99,-99,-99,-99,-99,-99,-99,-99,-99,-99,-99,-99
E12000006,East of England,E10000029,Suffolk,E07000245,West Suffolk,E02006283,"Kedington, Hundon & Withersfield",-99,-99,-99,-99,-99,-99,-99,-99,-99,4,-99,3,-99,7,-99,-99,-99,-99,-99,-99,-99,-99,-99,-99,-99,-99,-99,-99,-99,-99,-99,4,-99,-99,-99,6,6
E12000006,East of England,E10000029,Suffolk,E07000245,West Suffolk,E02006284,Haverhill North,-99,-99,-99,-99,-99,-99,-99,-99,-99,-99,-99,3,3,7,9,-99,-99,-99,-99,-99,-99,-99,-99,-99,-99,-99,-99,-99,-99,-99,-99,3,-99,-99,-99,5,5
E12000006,East of England,E10000029,Suffolk,E07000245,West Suffolk,E02006285,Haverhill West,-99,-99,-99,-99,-99,-99,-99,-99,-99,-99,-99,-99,4,4,4,-99,-99,-99,-99,-99,-99,-99,-99,-99,-99,-99,-99,-99,-99,-99,-99,4,3,-99,6,-99,-99
E12000006,East of England,E10000029,Suffolk,E07000245,West Suffolk,E02006286,Haverhill East & South,-99,-99,-99,-99,-99,-99,-99,-99,3,-99,-99,4,15,4,10,11,-99,3,-99,-99,-99,-99,-99,-99,-99,-99,-99,-99,-99,-99,-99,7,-99,-99,-99,4,4
E12000006,East of England,E10000029,Suffolk,E07000244,East Suffolk,E02006287,"Yoxford, Wenhaston & Walberswick",-99,-99,-99,-99,-99,-99,-99,-99,-99,-99,-99,-99,-99,-99,-99,-99,-99,-99,-99,-99,-99,-99,-99,-99,-99,-99,-99,-99,-99,-99,-99,-99,-99,-99,-99,-99,-99
E12000006,East of England,E10000029,Suffolk,E07000244,East Suffolk,E02006288,Framlingham & Hacheston,-99,-99,-99,-99,-99,-99,-99,-99,-99,-99,-99,-99,-99,-99,3,-99,-99,-99,-99,-99,-99,-99,-99,-99,-99,-99,-99,-99,-99,-99,-99,5,-99,-99,-99,3,3
E12000006,East of England,E10000029,Suffolk,E07000244,East Suffolk,E02006289,Saxmundham & Coldfair Green,-99,-99,-99,-99,-99,-99,-99,-99,-99,-99,-99,-99,3,-99,3,8,8,4,-99,-99,-99,-99,-99,-99,-99,-99,-99,-99,-99,-99,-99,-99,-99,-99,-99,3,3
E12000006,East of England,E10000029,Suffolk,E07000244,East Suffolk,E02006290,Leiston & Aldeburgh,-99,-99,-99,-99,-99,-99,-99,-99,-99,-99,-99,4,9,6,-99,4,-99,-99,-99,-99,-99,-99,-99,-99,-99,-99,-99,-99,-99,-99,-99,-99,-99,-99,-99,-99,-99
E12000006,East of England,E10000029,Suffolk,E07000244,East Suffolk,E02006291,Wickham Market & Melton,-99,-99,-99,-99,-99,-99,-99,-99,-99,-99,4,4,6,4,-99,-99,-99,-99,-99,-99,-99,-99,-99,-99,-99,-99,-99,-99,-99,-99,-99,-99,-99,-99,-99,-99,-99
E12000006,East of England,E10000029,Suffolk,E07000244,East Suffolk,E02006292,"Westerfield, Grundisburgh & Bredfield",-99,-99,-99,-99,-99,-99,-99,-99,-99,-99,-99,11,6,3,6,-99,-99,-99,-99,-99,-99,-99,-99,-99,-99,-99,-99,-99,-99,-99,-99,-99,-99,-99,-99,5,5
E12000006,East of England,E10000029,Suffolk,E07000244,East Suffolk,E02006293,"Rendlesham, Orford & Hollesley",-99,-99,-99,-99,-99,-99,-99,-99,-99,-99,-99,6,8,6,6,6,-99,-99,-99,-99,-99,-99,-99,-99,-99,-99,-99,-99,-99,-99,-99,-99,-99,-99,-99,5,5
E12000006,East of England,E10000029,Suffolk,E07000244,East Suffolk,E02006294,Woodbridge,-99,-99,-99,-99,-99,-99,-99,-99,-99,-99,-99,6,4,3,3,3,-99,-99,-99,-99,-99,-99,-99,-99,-99,-99,-99,-99,-99,-99,-99,-99,-99,-99,-99,5,5
E12000006,East of England,E10000029,Suffolk,E07000244,East Suffolk,E02006295,Kesgrave West & Rushmere,-99,-99,-99,-99,-99,-99,-99,-99,-99,3,3,3,3,3,-99,-99,-99,-99,-99,-99,-99,-99,-99,-99,-99,-99,-99,-99,-99,-99,-99,-99,-99,-99,-99,-99,-99
E12000006,East of England,E10000029,Suffolk,E07000244,East Suffolk,E02006296,Kesgrave East & Martlesham,-99,-99,-99,-99,-99,-99,-99,-99,-99,-99,-99,4,8,10,7,-99,-99,-99,-99,-99,-99,-99,-99,-99,-99,-99,-99,-99,-99,-99,-99,-99,-99,-99,-99,-99,-99
E12000006,East of England,E10000029,Suffolk,E07000244,East Suffolk,E02006297,"Bixley, Warren Heath & Nacton",-99,-99,-99,-99,-99,-99,-99,-99,3,-99,-99,-99,4,-99,-99,3,-99,-99,-99,-99,-99,-99,-99,-99,-99,-99,-99,-99,-99,-99,-99,-99,-99,-99,4,7,7
E12000006,East of England,E10000029,Suffolk,E07000244,East Suffolk,E02006298,Trimley & Kirton,-99,-99,-99,-99,-99,-99,-99,-99,-99,-99,-99,-99,3,3,-99,-99,-99,-99,-99,-99,-99,-99,-99,-99,-99,-99,-99,-99,-99,-99,-99,-99,-99,-99,-99,-99,-99
E12000006,East of England,E10000029,Suffolk,E07000244,East Suffolk,E02006299,Felixstowe East,-99,-99,-99,-99,-99,-99,-99,-99,-99,-99,-99,-99,9,6,-99,-99,3,4,-99,-99,-99,-99,-99,-99,-99,-99,-99,-99,-99,-99,-99,-99,-99,-99,-99,4,4
E12000006,East of England,E10000029,Suffolk,E07000244,East Suffolk,E02006300,Felixstowe West,-99,-99,-99,-99,-99,-99,-99,-99,-99,-99,3,-99,8,-99,5,-99,-99,-99,-99,-99,-99,-99,-99,-99,-99,-99,-99,-99,-99,-99,-99,-99,-99,-99,-99,-99,-99
E12000006,East of England,E10000029,Suffolk,E07000244,East Suffolk,E02006301,Felixstowe Seafront,-99,-99,-99,-99,-99,-99,-99,-99,-99,3,-99,3,4,3,-99,-99,-99,-99,-99,-99,-99,-99,-99,-99,-99,-99,-99,-99,-99,-99,-99,-99,-99,-99,-99,-99,-99
E12000006,East of England,E10000029,Suffolk,E07000244,East Suffolk,E02006302,"Gunton East, Corton & Somerleyton",-99,-99,-99,-99,-99,-99,-99,-99,-99,-99,4,5,-99,-99,4,-99,-99,-99,-99,-99,-99,-99,-99,-99,-99,-99,-99,-99,-99,-99,-99,-99,-99,-99,-99,-99,-99
E12000006,East of England,E10000029,Suffolk,E07000244,East Suffolk,E02006303,Gunton West,-99,-99,-99,-99,-99,-99,-99,-99,-99,7,3,5,-99,5,9,18,5,-99,-99,-99,-99,-99,-99,-99,-99,-99,-99,-99,-99,-99,-99,-99,-99,-99,-99,7,7
E12000006,East of England,E10000029,Suffolk,E07000244,East Suffolk,E02006304,Oulton,-99,-99,-99,-99,-99,-99,-99,-99,3,6,7,-99,-99,-99,6,5,-99,-99,-99,-99,-99,-99,-99,-99,-99,-99,-99,-99,-99,-99,-99,-99,-99,-99,-99,-99,-99
E12000006,East of England,E10000029,Suffolk,E07000244,East Suffolk,E02006305,Lowestoft Central,-99,-99,-99,-99,-99,-99,-99,-99,-99,5,6,6,6,-99,5,4,-99,3,-99,-99,-99,-99,-99,-99,-99,-99,-99,-99,-99,-99,-99,-99,-99,-99,-99,3,3
E12000006,East of England,E10000029,Suffolk,E07000244,East Suffolk,E02006306,Normanston & Oulton Broad East,-99,-99,-99,-99,-99,-99,-99,-99,5,-99,5,8,-99,-99,-99,-99,10,-99,-99,-99,-99,-99,-99,-99,-99,-99,-99,-99,-99,-99,-99,-99,-99,-99,-99,4,4
E12000006,East of England,E10000029,Suffolk,E07000244,East Suffolk,E02006307,Oulton Broad West,-99,-99,-99,-99,-99,-99,-99,-99,-99,4,-99,3,-99,-99,-99,-99,-99,-99,-99,-99,-99,-99,-99,-99,-99,-99,-99,-99,-99,-99,-99,-99,3,-99,-99,-99,-99
E12000006,East of England,E10000029,Suffolk,E07000244,East Suffolk,E02006308,Lowestoft Harbour & Kirkley,-99,-99,-99,-99,-99,-99,-99,-99,-99,3,-99,3,6,8,-99,-99,-99,9,-99,-99,-99,-99,-99,-99,-99,-99,-99,-99,-99,-99,-99,-99,-99,-99,-99,3,3
E12000006,East of England,E10000029,Suffolk,E07000244,East Suffolk,E02006309,Pakefield North,-99,-99,-99,-99,-99,-99,-99,-99,3,-99,3,11,-99,-99,-99,-99,-99,-99,-99,-99,-99,-99,-99,-99,-99,-99,-99,-99,-99,-99,-99,-99,-99,-99,-99,5,5
E12000006,East of England,E10000029,Suffolk,E07000244,East Suffolk,E02006310,Carlton Colville,-99,-99,-99,-99,-99,-99,-99,-99,3,-99,11,5,-99,4,-99,-99,-99,-99,-99,-99,-99,-99,-99,-99,-99,-99,-99,-99,-99,-99,-99,-99,-99,-99,-99,-99,-99
E12000006,East of England,E10000029,Suffolk,E07000244,East Suffolk,E02006311,Beccles,-99,-99,-99,-99,-99,-99,-99,-99,-99,4,6,3,4,3,21,10,6,-99,-99,-99,-99,-99,-99,-99,-99,-99,-99,-99,-99,-99,-99,-99,-99,-99,-99,-99,-99
E12000006,East of England,E10000029,Suffolk,E07000244,East Suffolk,E02006312,Worlingham & Barnby,-99,-99,-99,-99,-99,-99,-99,-99,-99,-99,3,-99,3,-99,-99,-99,4,-99,-99,-99,-99,-99,-99,-99,-99,-99,-99,-99,-99,-99,-99,-99,-99,-99,-99,3,3
E12000006,East of England,E10000029,Suffolk,E07000244,East Suffolk,E02006313,Pakefield South & Kessingland,-99,-99,-99,-99,-99,-99,-99,-99,3,7,-99,4,5,-99,-99,-99,-99,-99,-99,-99,-99,-99,-99,-99,-99,-99,-99,-99,-99,-99,-99,-99,-99,-99,-99,4,4
E12000006,East of England,E10000029,Suffolk,E07000244,East Suffolk,E02006314,Bungay & the Saints,-99,-99,-99,-99,-99,-99,-99,-99,-99,-99,-99,4,8,11,25,3,-99,-99,-99,-99,-99,-99,-99,-99,-99,-99,-99,-99,-99,-99,-99,-99,-99,-99,-99,6,6
E12000006,East of England,E10000029,Suffolk,E07000244,East Suffolk,E02006315,"Southwold, Reydon & Wrentham",-99,-99,-99,-99,-99,-99,-99,-99,-99,-99,-99,-99,-99,-99,-99,-99,-99,-99,-99,-99,-99,-99,-99,-99,-99,-99,-99,-99,-99,-99,-99,-99,-99,-99,-99,3,3
E12000006,East of England,E10000029,Suffolk,E07000244,East Suffolk,E02006316,Halesworth & Wangford,-99,-99,-99,-99,-99,-99,-99,-99,-99,-99,3,-99,11,7,-99,-99,-99,-99,-99,-99,-99,-99,-99,-99,-99,-99,-99,-99,-99,-99,-99,-99,-99,-99,-99,-99,-99
E12000008,South East,E10000030,Surrey,E07000207,Elmbridge,E02006317,West Molesey North,-99,-99,-99,-99,-99,-99,-99,-99,-99,4,-99,-99,3,-99,-99,9,-99,-99,-99,-99,-99,-99,-99,-99,-99,-99,-99,-99,-99,-99,-99,-99,-99,-99,-99,3,3
E12000008,South East,E10000030,Surrey,E07000207,Elmbridge,E02006318,East Molesey,-99,-99,-99,-99,-99,-99,-99,-99,-99,-99,-99,3,-99,-99,-99,-99,-99,-99,-99,-99,-99,-99,-99,-99,-99,-99,-99,-99,-99,-99,-99,-99,-99,-99,4,13,13
E12000008,South East,E10000030,Surrey,E07000207,Elmbridge,E02006319,West Molesey South,-99,-99,-99,-99,-99,-99,-99,-99,-99,3,3,-99,-99,-99,5,5,3,-99,-99,-99,-99,-99,-99,-99,-99,-99,-99,-99,-99,3,-99,3,-99,3,-99,6,6
E12000008,South East,E10000030,Surrey,E07000207,Elmbridge,E02006320,Walton North & Molesey Heath,-99,-99,-99,-99,-99,-99,-99,-99,-99,-99,-99,3,3,-99,-99,-99,-99,-99,-99,-99,-99,-99,-99,-99,-99,-99,-99,-99,-99,-99,-99,-99,-99,-99,-99,9,9
E12000008,South East,E10000030,Surrey,E07000207,Elmbridge,E02006321,Thames Ditton,-99,-99,-99,-99,-99,-99,-99,-99,4,6,4,6,4,3,11,-99,-99,-99,-99,-99,-99,-99,-99,-99,-99,-99,-99,-99,-99,4,3,3,-99,-99,-99,7,7
E12000008,South East,E10000030,Surrey,E07000207,Elmbridge,E02006322,Long Ditton,-99,-99,-99,-99,-99,-99,-99,-99,-99,-99,-99,-99,-99,-99,-99,-99,-99,-99,-99,-99,-99,-99,-99,-99,-99,-99,-99,-99,-99,-99,-99,-99,-99,-99,-99,-99,-99
E12000008,South East,E10000030,Surrey,E07000207,Elmbridge,E02006323,Walton Central,-99,-99,-99,-99,-99,-99,-99,-99,-99,4,-99,-99,-99,-99,-99,-99,-99,-99,-99,-99,-99,-99,-99,-99,-99,-99,-99,-99,-99,-99,-99,-99,3,-99,3,8,8
E12000008,South East,E10000030,Surrey,E07000207,Elmbridge,E02006324,Walton East,-99,-99,-99,-99,-99,-99,-99,-99,3,3,-99,5,-99,-99,-99,-99,-99,-99,-99,-99,-99,-99,-99,-99,-99,-99,-99,-99,-99,-99,-99,-99,-99,-99,-99,6,6
E12000008,South East,E10000030,Surrey,E07000207,Elmbridge,E02006325,Hinchley Wood & Weston Green,-99,-99,-99,-99,-99,-99,-99,-99,3,4,-99,-99,-99,-99,-99,-99,-99,-99,-99,-99,-99,-99,-99,-99,-99,-99,-99,-99,-99,-99,3,4,7,-99,3,13,13
E12000008,South East,E10000030,Surrey,E07000207,Elmbridge,E02006326,Walton Hersham Road,-99,-99,-99,-99,-99,-99,-99,-99,3,-99,5,3,-99,-99,-99,-99,-99,-99,-99,-99,-99,-99,-99,-99,-99,-99,-99,-99,-99,-99,-99,-99,-99,3,-99,12,12
E12000008,South East,E10000030,Surrey,E07000207,Elmbridge,E02006327,Oatlands,-99,-99,-99,-99,-99,-99,-99,-99,-99,5,3,-99,-99,-99,-99,-99,-99,-99,-99,-99,-99,-99,-99,-99,-99,-99,-99,-99,-99,3,3,-99,-99,-99,-99,-99,-99
E12000008,South East,E10000030,Surrey,E07000207,Elmbridge,E02006328,Weybridge Riverside,-99,-99,-99,-99,-99,-99,-99,9,-99,-99,-99,-99,11,-99,-99,-99,-99,-99,-99,-99,-99,-99,-99,-99,-99,-99,-99,-99,4,-99,-99,-99,-99,-99,-99,8,8
E12000008,South East,E10000030,Surrey,E07000207,Elmbridge,E02006329,Esher,-99,-99,-99,-99,-99,-99,-99,-99,8,3,-99,-99,-99,-99,7,-99,-99,-99,-99,-99,-99,-99,-99,-99,-99,-99,-99,-99,3,-99,-99,3,-99,-99,4,8,8
E12000008,South East,E10000030,Surrey,E07000207,Elmbridge,E02006330,Hersham,-99,-99,-99,-99,-99,-99,-99,-99,5,5,3,3,-99,-99,-99,-99,-99,-99,-99,-99,-99,-99,-99,-99,-99,-99,-99,-99,-99,-99,-99,4,-99,-99,5,9,9
E12000008,South East,E10000030,Surrey,E07000207,Elmbridge,E02006331,Claygate,-99,-99,-99,-99,-99,-99,-99,-99,5,-99,5,-99,-99,-99,3,-99,-99,-99,-99,-99,-99,-99,-99,-99,-99,-99,-99,-99,-99,-99,-99,3,-99,3,3,9,9
E12000008,South East,E10000030,Surrey,E07000207,Elmbridge,E02006332,Weybridge St George's Hill,-99,-99,-99,-99,-99,-99,-99,-99,-99,4,3,-99,7,6,-99,6,6,-99,3,-99,-99,-99,-99,-99,-99,3,-99,-99,3,-99,-99,-99,-99,-99,-99,-99,-99
E12000008,South East,E10000030,Surrey,E07000207,Elmbridge,E02006333,Cobham,-99,-99,-99,-99,-99,-99,-99,-99,3,8,-99,4,-99,-99,-99,-99,-99,-99,-99,-99,-99,-99,-99,-99,-99,-99,-99,-99,-99,3,-99,-99,-99,-99,3,8,8
E12000008,South East,E10000030,Surrey,E07000207,Elmbridge,E02006334,Oxshott & Stoke D'Abernon,-99,-99,-99,-99,-99,-99,-99,3,3,-99,-99,-99,4,-99,-99,-99,-99,-99,-99,-99,-99,-99,-99,-99,-99,-99,-99,-99,-99,4,-99,4,-99,-99,-99,11,11
E12000008,South East,E10000030,Surrey,E07000208,Epsom and Ewell,E02006335,Worcester Park West,-99,-99,-99,-99,-99,-99,-99,-99,-99,6,-99,-99,-99,-99,-99,-99,-99,-99,-99,-99,-99,-99,-99,-99,-99,-99,-99,-99,-99,-99,-99,-99,-99,4,-99,9,9
E12000008,South East,E10000030,Surrey,E07000208,Epsom and Ewell,E02006336,Ruxley Lane,-99,-99,-99,-99,-99,-99,-99,-99,-99,3,4,4,7,5,-99,-99,-99,-99,-99,-99,-99,-99,-99,-99,-99,-99,-99,-99,-99,-99,-99,-99,-99,-99,-99,-99,-99
E12000008,South East,E10000030,Surrey,E07000208,Epsom and Ewell,E02006337,Stoneleigh & Auriol,-99,-99,-99,-99,-99,-99,-99,-99,5,4,-99,3,4,3,-99,3,-99,-99,-99,-99,-99,-99,-99,-99,-99,-99,-99,-99,-99,-99,-99,6,-99,-99,5,8,8
E12000008,South East,E10000030,Surrey,E07000208,Epsom and Ewell,E02006338,West Ewell,-99,-99,-99,-99,-99,-99,-99,-99,4,-99,3,-99,-99,-99,4,-99,-99,-99,-99,3,-99,-99,-99,-99,-99,-99,-99,-99,-99,-99,-99,3,-99,-99,-99,4,4
E12000008,South East,E10000030,Surrey,E07000208,Epsom and Ewell,E02006339,Horton & Manor Park,-99,-99,-99,-99,-99,-99,-99,4,7,13,10,9,3,5,3,-99,-99,-99,-99,-99,-99,-99,-99,-99,-99,-99,-99,-99,-99,-99,-99,-99,-99,-99,-99,8,8
E12000008,South East,E10000030,Surrey,E07000208,Epsom and Ewell,E02006341,Epsom North,-99,-99,-99,-99,-99,-99,-99,-99,6,8,8,6,8,-99,-99,-99,-99,-99,-99,-99,-99,-99,-99,-99,-99,-99,-99,-99,-99,-99,-99,-99,-99,-99,-99,13,13
E12000008,South East,E10000030,Surrey,E07000208,Epsom and Ewell,E02006342,Epsom Town,-99,-99,-99,-99,-99,-99,-99,-99,3,7,11,5,6,5,4,3,-99,-99,-99,-99,-99,-99,-99,-99,-99,-99,-99,-99,-99,-99,-99,3,-99,-99,-99,-99,-99
E12000008,South East,E10000030,Surrey,E07000208,Epsom and Ewell,E02006343,Epsom Downs & Common,-99,-99,-99,-99,-99,-99,-99,-99,4,-99,7,5,4,-99,14,-99,-99,-99,3,-99,-99,-99,-99,-99,-99,-99,-99,-99,3,-99,5,-99,-99,-99,-99,3,3
E12000008,South East,E10000030,Surrey,E07000209,Guildford,E02006344,West Clandon & Send,-99,-99,-99,-99,-99,-99,-99,-99,-99,-99,-99,5,4,-99,-99,-99,-99,-99,-99,-99,-99,-99,-99,-99,-99,-99,-99,-99,-99,-99,-99,-99,-99,-99,4,12,12
E12000008,South East,E10000030,Surrey,E07000209,Guildford,E02006345,Pirbright & Normandy,-99,-99,-99,-99,-99,-99,-99,-99,-99,-99,-99,-99,-99,5,-99,-99,-99,-99,-99,-99,-99,-99,-99,-99,-99,-99,-99,-99,-99,-99,-99,-99,-99,-99,4,4,4
E12000008,South East,E10000030,Surrey,E07000209,Guildford,E02006346,Horsley & Effingham,-99,-99,-99,-99,-99,-99,-99,-99,-99,5,-99,5,4,-99,4,-99,-99,-99,-99,-99,-99,-99,-99,-99,-99,-99,-99,-99,-99,4,-99,-99,-99,-99,4,5,5
E12000008,South East,E10000030,Surrey,E07000209,Guildford,E02006347,Ash Vale,-99,-99,-99,-99,-99,-99,-99,-99,-99,-99,6,4,-99,-99,-99,-99,-99,-99,-99,-99,-99,-99,-99,-99,-99,-99,-99,-99,-99,-99,-99,-99,-99,-99,-99,-99,-99
E12000008,South East,E10000030,Surrey,E07000209,Guildford,E02006348,"Worplesdon, Jacobs Well & Wood Street",-99,-99,-99,-99,-99,-99,-99,-99,-99,3,7,7,13,6,9,17,-99,3,-99,-99,-99,-99,-99,-99,-99,-99,-99,-99,-99,-99,-99,-99,-99,-99,-99,3,3
E12000008,South East,E10000030,Surrey,E07000209,Guildford,E02006349,Stoughton,-99,-99,-99,-99,-99,-99,-99,-99,4,-99,-99,4,4,4,-99,-99,-99,4,-99,-99,-99,-99,-99,-99,-99,-99,-99,-99,-99,-99,-99,4,-99,-99,4,6,6
E12000008,South East,E10000030,Surrey,E07000209,Guildford,E02006350,"Bellfields, Slyfield & Weyfield",-99,-99,-99,-99,-99,-99,-99,5,-99,4,4,10,-99,-99,-99,3,-99,-99,-99,-99,-99,-99,-99,-99,-99,-99,-99,-99,-99,-99,-99,-99,-99,-99,-99,3,3
E12000008,South East,E10000030,Surrey,E07000209,Guildford,E02006351,Burpham North & Merrow East,-99,-99,-99,-99,-99,-99,-99,-99,-99,3,4,5,3,-99,-99,-99,-99,-99,-99,-99,-99,-99,-99,-99,-99,-99,-99,-99,-99,-99,-99,-99,-99,-99,-99,7,7
E12000008,South East,E10000030,Surrey,E07000209,Guildford,E02006352,Woodbridge Hill,-99,-99,-99,-99,-99,-99,-99,-99,-99,7,-99,6,5,-99,4,3,-99,-99,-99,-99,-99,-99,-99,-99,-99,-99,-99,-99,-99,-99,-99,-99,3,-99,-99,-99,-99
E12000008,South East,E10000030,Surrey,E07000209,Guildford,E02006353,Ash Wharf,-99,-99,-99,-99,-99,-99,-99,-99,-99,-99,-99,-99,3,-99,4,-99,-99,-99,-99,-99,-99,-99,-99,-99,-99,-99,-99,-99,-99,-99,-99,-99,-99,-99,-99,-99,-99
E12000008,South East,E10000030,Surrey,E07000209,Guildford,E02006354,"Burpham, Boxgrove & Merrow West",-99,-99,-99,-99,-99,-99,-99,-99,-99,5,-99,4,4,7,-99,-99,-99,-99,-99,-99,-99,-99,-99,-99,-99,-99,-99,-99,-99,5,-99,-99,-99,-99,3,11,11
E12000008,South East,E10000030,Surrey,E07000209,Guildford,E02006355,Park Barn & Royal Surrey,-99,-99,-99,-99,-99,-99,-99,-99,-99,20,19,15,11,13,-99,18,7,-99,-99,3,-99,-99,-99,-99,-99,-99,-99,-99,-99,-99,-99,-99,3,-99,3,3,3
E12000008,South East,E10000030,Surrey,E07000209,Guildford,E02006356,Guildford Town Centre,-99,-99,-99,-99,-99,-99,-99,3,-99,3,10,3,3,3,-99,-99,-99,-99,-99,-99,-99,-99,-99,-99,-99,-99,-99,-99,-99,-99,-99,-99,-99,-99,-99,3,3
E12000008,South East,E10000030,Surrey,E07000209,Guildford,E02006357,Tongham,-99,-99,-99,-99,-99,-99,-99,-99,-99,-99,5,3,-99,3,-99,3,-99,-99,-99,-99,-99,-99,-99,-99,-99,-99,-99,-99,-99,-99,-99,-99,-99,-99,-99,3,3
E12000008,South East,E10000030,Surrey,E07000209,Guildford,E02006358,Onslow Village and University,-99,-99,-99,-99,-99,-99,-99,-99,3,5,5,-99,-99,3,-99,-99,3,-99,-99,-99,-99,-99,-99,-99,-99,-99,-99,-99,-99,-99,-99,3,-99,-99,-99,8,8
E12000008,South East,E10000030,Surrey,E07000209,Guildford,E02006359,Pewley Down & The Mount,-99,-99,-99,-99,-99,-99,-99,-99,-99,-99,-99,4,-99,-99,-99,-99,-99,-99,-99,-99,-99,-99,-99,-99,-99,-99,-99,-99,-99,-99,-99,-99,-99,-99,-99,6,6
E12000008,South East,E10000030,Surrey,E07000209,Guildford,E02006360,Shalford & Wanborough,-99,-99,-99,-99,-99,-99,-99,-99,-99,6,4,9,3,-99,-99,-99,-99,-99,-99,-99,-99,-99,-99,-99,-99,-99,-99,-99,3,-99,-99,-99,-99,-99,-99,16,16
E12000008,South East,E10000030,Surrey,E07000209,Guildford,E02006361,"Gomshall, Shere & Albury",-99,-99,-99,-99,-99,-99,-99,3,-99,-99,-99,3,-99,-99,-99,-99,-99,-99,-99,-99,-99,-99,-99,-99,-99,-99,-99,-99,-99,-99,-99,-99,-99,-99,3,4,4
E12000008,South East,E10000030,Surrey,E07000210,Mole Valley,E02006362,Ashtead East,-99,-99,-99,-99,-99,-99,-99,-99,-99,-99,-99,-99,-99,-99,-99,-99,-99,-99,-99,-99,-99,-99,-99,-99,-99,-99,-99,-99,-99,-99,-99,3,-99,-99,-99,4,4
E12000008,South East,E10000030,Surrey,E07000210,Mole Valley,E02006363,Ashtead West,-99,-99,-99,-99,-99,-99,-99,-99,4,-99,-99,3,-99,-99,-99,3,-99,-99,-99,-99,-99,-99,-99,-99,-99,-99,-99,-99,-99,-99,-99,-99,-99,-99,-99,4,4
E12000008,South East,E10000030,Surrey,E07000210,Mole Valley,E02006364,Leatherhead North,-99,-99,-99,-99,-99,-99,-99,-99,3,-99,3,-99,6,-99,-99,3,-99,-99,-99,-99,-99,-99,-99,-99,-99,-99,-99,-99,-99,-99,-99,-99,-99,-99,3,4,4
E12000008,South East,E10000030,Surrey,E07000210,Mole Valley,E02006365,Leatherhead South & Ashtead South,-99,-99,-99,-99,-99,-99,-99,-99,4,6,5,3,-99,-99,-99,10,-99,-99,-99,-99,-99,-99,-99,-99,-99,-99,-99,-99,-99,-99,-99,-99,-99,-99,-99,7,7
E12000008,South East,E10000030,Surrey,E07000210,Mole Valley,E02006366,Fetcham,-99,-99,-99,-99,-99,-99,-99,-99,3,3,3,3,-99,-99,-99,-99,-99,-99,-99,-99,-99,-99,-99,-99,-99,-99,-99,-99,-99,-99,-99,-99,-99,-99,-99,5,5
E12000008,South East,E10000030,Surrey,E07000210,Mole Valley,E02006367,Bookham North,-99,-99,-99,-99,-99,-99,-99,-99,4,3,-99,-99,-99,-99,-99,-99,-99,-99,-99,-99,-99,-99,-99,-99,-99,-99,-99,-99,-99,-99,-99,-99,-99,-99,-99,5,5
E12000008,South East,E10000030,Surrey,E07000210,Mole Valley,E02006368,Bookham South,-99,-99,-99,-99,-99,-99,4,3,-99,3,-99,-99,-99,-99,-99,-99,-99,-99,-99,-99,-99,-99,-99,-99,-99,-99,-99,-99,-99,-99,-99,-99,-99,-99,-99,-99,-99
E12000008,South East,E10000030,Surrey,E07000210,Mole Valley,E02006369,Box Hill & Brockham,-99,-99,-99,-99,-99,-99,-99,-99,3,7,21,6,4,4,-99,-99,-99,-99,-99,-99,-99,-99,-99,-99,-99,-99,-99,-99,-99,-99,4,-99,-99,-99,-99,-99,-99
E12000008,South East,E10000030,Surrey,E07000210,Mole Valley,E02006370,Dorking North & Westhumble,-99,-99,-99,-99,-99,-99,-99,-99,-99,-99,4,-99,-99,-99,-99,-99,-99,-99,-99,-99,-99,-99,-99,-99,-99,-99,-99,-99,-99,-99,4,-99,-99,-99,-99,4,4
E12000008,South East,E10000030,Surrey,E07000210,Mole Valley,E02006371,Dorking South,-99,-99,-99,-99,-99,-99,-99,-99,-99,6,6,14,5,-99,-99,3,-99,-99,-99,-99,-99,-99,-99,-99,-99,-99,-99,-99,-99,-99,-99,-99,-99,-99,-99,4,4
E12000008,South East,E10000030,Surrey,E07000210,Mole Valley,E02006372,Holmwoods,-99,-99,-99,-99,-99,-99,-99,-99,-99,9,3,12,-99,-99,-99,-99,-99,-99,-99,-99,-99,-99,-99,-99,-99,-99,-99,-99,-99,-99,-99,-99,-99,-99,-99,3,3
E12000008,South East,E10000030,Surrey,E07000210,Mole Valley,E02006373,"Westcott, Ockley & Capel",-99,-99,-99,-99,-99,-99,-99,-99,-99,-99,4,-99,8,-99,-99,-99,-99,-99,3,-99,-99,-99,-99,-99,-99,-99,-99,-99,-99,-99,-99,-99,-99,-99,-99,6,6
E12000008,South East,E10000030,Surrey,E07000210,Mole Valley,E02006374,"Charlwood, Newdigate & Beare Green",-99,-99,-99,-99,-99,-99,-99,-99,3,5,7,5,5,-99,-99,-99,-99,-99,-99,-99,-99,-99,-99,-99,-99,-99,-99,-99,-99,-99,-99,-99,-99,-99,-99,-99,-99
E12000008,South East,E10000030,Surrey,E07000211,Reigate and Banstead,E02006375,Nork,-99,-99,-99,-99,-99,-99,-99,-99,5,4,7,5,-99,-99,9,-99,-99,-99,-99,-99,-99,-99,-99,-99,-99,-99,-99,3,-99,-99,-99,-99,-99,-99,-99,-99,-99
E12000008,South East,E10000030,Surrey,E07000211,Reigate and Banstead,E02006376,Banstead,-99,-99,-99,-99,-99,-99,-99,3,14,4,8,-99,-99,4,-99,-99,-99,-99,-99,-99,-99,-99,-99,-99,-99,-99,-99,-99,-99,-99,-99,3,6,-99,-99,-99,-99
E12000008,South East,E10000030,Surrey,E07000211,Reigate and Banstead,E02006377,Tattenham North,-99,-99,-99,-99,-99,-99,-99,3,5,3,-99,-99,-99,-99,-99,-99,-99,-99,-99,-99,-99,-99,-99,-99,-99,-99,-99,-99,-99,-99,-99,4,-99,-99,-99,-99,-99
E12000008,South East,E10000030,Surrey,E07000211,Reigate and Banstead,E02006378,Chipstead & Netherne,-99,-99,-99,-99,-99,-99,-99,-99,4,6,4,6,4,4,-99,-99,-99,-99,-99,-99,-99,-99,-99,-99,-99,-99,-99,-99,-99,-99,-99,3,-99,3,-99,-99,-99
E12000008,South East,E10000030,Surrey,E07000211,Reigate and Banstead,E02006379,Tattenham South,-99,-99,-99,-99,-99,-99,-99,-99,3,5,8,5,8,-99,-99,-99,-99,-99,-99,-99,-99,-99,-99,-99,-99,-99,-99,-99,-99,-99,-99,-99,4,-99,-99,-99,-99
E12000008,South East,E10000030,Surrey,E07000211,Reigate and Banstead,E02006380,Tadworth & Walton,-99,-99,-99,-99,-99,-99,-99,-99,3,6,3,4,4,-99,-99,-99,-99,-99,-99,-99,-99,-99,-99,-99,-99,-99,-99,-99,-99,-99,-99,-99,-99,-99,-99,6,6
E12000008,South East,E10000030,Surrey,E07000211,Reigate and Banstead,E02006381,Kingswood,-99,-99,-99,-99,-99,-99,-99,4,-99,4,5,-99,-99,-99,-99,-99,-99,-99,-99,-99,-99,-99,-99,-99,-99,-99,-99,-99,-99,-99,-99,-99,3,-99,3,-99,-99
E12000008,South East,E10000030,Surrey,E07000211,Reigate and Banstead,E02006382,Merstham,-99,-99,-99,-99,-99,-99,-99,-99,-99,7,3,7,4,6,4,3,3,-99,-99,-99,-99,-99,-99,-99,-99,-99,-99,-99,-99,-99,-99,-99,3,-99,-99,-99,-99
E12000008,South East,E10000030,Surrey,E07000211,Reigate and Banstead,E02006383,Reigate Hill & Gatton,-99,-99,-99,-99,-99,-99,-99,3,8,13,5,4,4,13,3,-99,3,5,-99,-99,-99,-99,-99,-99,-99,-99,-99,3,-99,-99,-99,-99,-99,-99,-99,3,3
E12000008,South East,E10000030,Surrey,E07000211,Reigate and Banstead,E02006384,Redhill West,-99,-99,-99,-99,-99,-99,-99,-99,5,13,8,10,11,10,4,6,-99,-99,-99,-99,-99,-99,-99,-99,-99,-99,-99,-99,-99,-99,-99,-99,-99,-99,-99,3,3
E12000008,South East,E10000030,Surrey,E07000211,Reigate and Banstead,E02006385,Redhill East,-99,-99,-99,-99,-99,-99,-99,-99,3,7,9,10,8,6,6,-99,3,-99,-99,-99,-99,-99,-99,-99,-99,-99,-99,-99,-99,-99,-99,-99,-99,3,3,3,3
E12000008,South East,E10000030,Surrey,E07000211,Reigate and Banstead,E02006386,Reigate Central & Redhill Common,-99,-99,-99,-99,-99,-99,-99,-99,3,-99,4,5,5,-99,3,4,-99,-99,-99,-99,-99,-99,-99,-99,-99,-99,-99,-99,-99,-99,-99,-99,-99,-99,-99,-99,-99
E12000008,South East,E10000030,Surrey,E07000211,Reigate and Banstead,E02006387,Reigate South Park,-99,-99,-99,-99,-99,-99,-99,-99,3,4,5,5,-99,-99,-99,-99,-99,-99,-99,-99,-99,-99,-99,-99,-99,-99,-99,-99,-99,-99,-99,-99,-99,-99,-99,8,8
E12000008,South East,E10000030,Surrey,E07000211,Reigate and Banstead,E02006388,Earlswood & Whitebushes,-99,-99,-99,-99,-99,-99,-99,-99,-99,3,12,28,12,7,7,3,6,-99,-99,-99,-99,-99,-99,-99,-99,-99,-99,-99,-99,-99,-99,-99,-99,-99,3,-99,-99
E12000008,South East,E10000030,Surrey,E07000211,Reigate and Banstead,E02006389,Salfords & Woodhatch,-99,-99,-99,-99,-99,-99,-99,-99,-99,-99,6,-99,5,-99,3,-99,-99,-99,-99,-99,-99,-99,-99,-99,-99,-99,-99,-99,-99,-99,3,-99,-99,-99,-99,3,3
E12000008,South East,E10000030,Surrey,E07000211,Reigate and Banstead,E02006390,Horley West,-99,-99,-99,-99,-99,-99,-99,-99,-99,9,5,6,3,8,6,-99,-99,6,-99,-99,-99,-99,-99,-99,-99,-99,-99,-99,-99,-99,-99,-99,-99,-99,-99,-99,-99
E12000008,South East,E10000030,Surrey,E07000211,Reigate and Banstead,E02006391,Horley East,-99,-99,-99,-99,-99,-99,-99,-99,3,-99,4,7,-99,-99,-99,-99,-99,-99,-99,-99,-99,-99,-99,-99,-99,-99,-99,-99,3,-99,-99,-99,-99,-99,-99,-99,-99
E12000008,South East,E10000030,Surrey,E07000211,Reigate and Banstead,E02006392,Horley Central,-99,-99,-99,-99,-99,-99,-99,-99,5,6,11,17,14,10,6,-99,-99,-99,-99,-99,-99,-99,-99,-99,-99,-99,-99,-99,-99,-99,-99,3,-99,-99,-99,5,5
E12000008,South East,E10000030,Surrey,E07000212,Runnymede,E02006393,Egham Town,-99,-99,-99,-99,-99,-99,-99,3,-99,3,-99,-99,-99,-99,-99,-99,-99,-99,-99,-99,-99,-99,-99,-99,-99,-99,-99,-99,-99,-99,-99,-99,-99,-99,-99,7,7
E12000008,South East,E10000030,Surrey,E07000212,Runnymede,E02006394,Englefield Green & University,-99,-99,-99,-99,-99,-99,-99,4,3,4,-99,5,-99,-99,-99,-99,-99,-99,-99,-99,-99,-99,-99,-99,-99,-99,-99,-99,-99,-99,-99,-99,-99,4,8,18,18
E12000008,South East,E10000030,Surrey,E07000212,Runnymede,E02006395,Egham Hythe & Pooley Green,-99,-99,-99,-99,-99,-99,-99,-99,-99,-99,3,9,-99,-99,-99,-99,-99,-99,-99,-99,-99,-99,-99,-99,-99,-99,-99,-99,-99,-99,-99,4,6,7,3,-99,-99
E12000008,South East,E10000030,Surrey,E07000212,Runnymede,E02006396,Thorpe,-99,-99,-99,-99,-99,-99,-99,-99,-99,-99,4,-99,4,5,5,3,-99,9,-99,-99,-99,-99,-99,-99,-99,-99,-99,-99,-99,-99,-99,-99,-99,-99,4,6,6
E12000008,South East,E10000030,Surrey,E07000212,Runnymede,E02006397,Virginia Water,-99,-99,-99,-99,-99,-99,-99,-99,-99,-99,3,3,-99,4,-99,8,-99,-99,-99,-99,-99,-99,-99,-99,-99,-99,-99,-99,-99,-99,-99,-99,9,-99,6,4,4
E12000008,South East,E10000030,Surrey,E07000212,Runnymede,E02006398,Chertsey,-99,-99,-99,-99,-99,-99,-99,-99,-99,3,7,7,3,4,3,-99,-99,-99,-99,-99,-99,-99,-99,-99,-99,-99,-99,-99,-99,-99,-99,-99,-99,-99,-99,-99,-99
E12000008,South East,E10000030,Surrey,E07000212,Runnymede,E02006399,Addlestone North,-99,-99,-99,-99,-99,-99,-99,-99,3,3,4,3,13,-99,-99,-99,-99,-99,-99,-99,-99,-99,-99,-99,-99,3,-99,-99,-99,-99,-99,-99,-99,-99,3,8,8
E12000008,South East,E10000030,Surrey,E07000212,Runnymede,E02006400,Ottershaw & Lyne,-99,-99,-99,-99,-99,-99,-99,-99,-99,6,8,5,-99,3,-99,-99,-99,-99,-99,-99,-99,-99,-99,-99,-99,-99,-99,-99,-99,-99,-99,-99,-99,4,-99,-99,-99
E12000008,South East,E10000030,Surrey,E07000212,Runnymede,E02006401,Addlestone South,-99,-99,-99,-99,-99,-99,-99,-99,-99,3,10,8,15,4,-99,4,-99,7,-99,-99,-99,-99,-99,-99,-99,-99,-99,-99,3,-99,-99,3,-99,3,-99,-99,-99
E12000008,South East,E10000030,Surrey,E07000212,Runnymede,E02006402,New Haw & Woodham,-99,-99,-99,-99,-99,-99,-99,-99,7,3,-99,-99,7,-99,-99,-99,-99,-99,-99,-99,-99,-99,-99,-99,-99,-99,-99,-99,-99,-99,-99,3,-99,-99,-99,3,3
E12000008,South East,E10000030,Surrey,E07000213,Spelthorne,E02006403,Stanwell North & Stanwell Moor,-99,-99,-99,-99,-99,-99,-99,-99,-99,-99,-99,4,3,-99,-99,-99,-99,-99,-99,-99,-99,-99,-99,-99,-99,-99,-99,-99,-99,3,-99,-99,3,-99,-99,4,4
E12000008,South East,E10000030,Surrey,E07000213,Spelthorne,E02006404,Stanwell South,-99,-99,-99,-99,-99,-99,-99,-99,8,3,-99,5,3,5,7,-99,-99,3,-99,3,-99,-99,-99,-99,-99,-99,-99,-99,-99,-99,-99,-99,3,-99,4,4,4
E12000008,South East,E10000030,Surrey,E07000213,Spelthorne,E02006405,Ashford West,-99,-99,-99,-99,-99,-99,-99,4,9,-99,5,6,3,7,-99,-99,-99,-99,-99,-99,-99,-99,-99,-99,-99,-99,-99,-99,3,-99,3,8,8,3,5,8,8
E12000008,South East,E10000030,Surrey,E07000213,Spelthorne,E02006406,Staines Town,-99,-99,-99,-99,-99,-99,-99,-99,-99,-99,-99,3,3,5,4,-99,-99,-99,-99,-99,-99,-99,-99,-99,-99,-99,-99,-99,-99,-99,-99,3,7,-99,-99,3,3
E12000008,South East,E10000030,Surrey,E07000213,Spelthorne,E02006407,Ashford East,-99,-99,-99,-99,-99,-99,-99,-99,4,4,-99,9,3,3,-99,-99,-99,-99,-99,-99,-99,-99,-99,-99,-99,-99,-99,-99,-99,-99,-99,3,9,-99,-99,9,9
E12000008,South East,E10000030,Surrey,E07000213,Spelthorne,E02006408,Ashford Common,-99,-99,-99,-99,-99,-99,-99,-99,-99,4,4,-99,5,-99,-99,-99,-99,-99,-99,-99,-99,-99,-99,-99,-99,-99,-99,-99,3,-99,3,-99,-99,-99,3,6,6
E12000008,South East,E10000030,Surrey,E07000213,Spelthorne,E02006409,Staines South East,-99,-99,-99,-99,-99,-99,-99,-99,-99,3,-99,-99,5,-99,-99,-99,-99,-99,-99,-99,-99,-99,-99,-99,-99,-99,-99,-99,-99,-99,-99,7,4,-99,-99,-99,-99
E12000008,South East,E10000030,Surrey,E07000213,Spelthorne,E02006410,Sunbury Common,-99,-99,-99,-99,-99,-99,-99,-99,5,5,-99,-99,7,3,5,-99,-99,-99,-99,-99,-99,-99,-99,-99,-99,-99,-99,-99,-99,-99,-99,-99,4,-99,4,6,6
E12000008,South East,E10000030,Surrey,E07000213,Spelthorne,E02006411,Staines South West,-99,-99,-99,-99,-99,-99,-99,-99,3,-99,-99,-99,4,-99,-99,-99,-99,-99,-99,-99,-99,-99,-99,-99,-99,-99,-99,-99,-99,-99,-99,-99,-99,3,-99,7,7
E12000008,South East,E10000030,Surrey,E07000213,Spelthorne,E02006412,Sunbury East,-99,-99,-99,-99,-99,-99,-99,-99,-99,-99,-99,7,4,-99,-99,3,-99,-99,-99,-99,-99,-99,-99,-99,-99,-99,-99,-99,-99,3,3,-99,-99,-99,6,8,8
E12000008,South East,E10000030,Surrey,E07000213,Spelthorne,E02006413,Halliford & Sunbury West,-99,-99,-99,-99,-99,-99,-99,-99,3,3,6,-99,6,7,-99,-99,-99,-99,-99,-99,-99,-99,-99,-99,-99,-99,-99,-99,-99,-99,-99,-99,3,-99,-99,3,3
E12000008,South East,E10000030,Surrey,E07000213,Spelthorne,E02006414,Littleton & Shepperton Green,-99,-99,-99,-99,-99,-99,-99,-99,-99,-99,-99,4,-99,-99,-99,-99,3,-99,-99,-99,-99,-99,-99,-99,-99,-99,-99,-99,-99,-99,-99,-99,-99,-99,-99,-99,-99
E12000008,South East,E10000030,Surrey,E07000213,Spelthorne,E02006415,Shepperton Town,-99,-99,-99,-99,-99,-99,-99,-99,-99,-99,-99,4,6,3,-99,-99,-99,-99,-99,-99,-99,-99,-99,-99,-99,-99,-99,-99,-99,-99,-99,-99,-99,-99,4,4,4
E12000008,South East,E10000030,Surrey,E07000214,Surrey Heath,E02006416,Chobham & Windlesham,-99,-99,-99,-99,-99,-99,-99,-99,-99,3,-99,-99,-99,-99,-99,3,-99,-99,-99,-99,-99,-99,-99,-99,-99,-99,-99,-99,-99,-99,-99,-99,-99,-99,-99,7,7
E12000008,South East,E10000030,Surrey,E07000214,Surrey Heath,E02006417,Bagshot,-99,-99,-99,-99,-99,-99,-99,-99,-99,-99,5,4,-99,13,7,3,-99,-99,-99,-99,-99,-99,-99,-99,-99,-99,-99,-99,-99,-99,-99,4,-99,-99,-99,4,4
E12000008,South East,E10000030,Surrey,E07000214,Surrey Heath,E02006418,Lightwater,-99,-99,-99,-99,-99,-99,-99,-99,-99,4,6,3,-99,-99,-99,-99,-99,-99,-99,-99,-99,-99,-99,-99,-99,-99,-99,-99,-99,-99,-99,-99,-99,-99,4,3,3
E12000008,South East,E10000030,Surrey,E07000214,Surrey Heath,E02006419,Camberley North,-99,-99,-99,-99,-99,-99,-99,-99,-99,5,4,12,4,3,-99,3,3,-99,-99,-99,-99,-99,-99,-99,-99,-99,-99,-99,-99,-99,-99,3,-99,-99,-99,3,3
E12000008,South East,E10000030,Surrey,E07000214,Surrey Heath,E02006420,Camberley Town,-99,-99,-99,-99,-99,-99,-99,-99,-99,6,-99,11,3,5,6,3,-99,-99,-99,-99,-99,-99,-99,-99,-99,-99,-99,-99,-99,-99,-99,-99,-99,5,7,-99,-99
E12000008,South East,E10000030,Surrey,E07000214,Surrey Heath,E02006421,West End & Bisley,-99,-99,-99,-99,-99,-99,-99,-99,3,3,5,4,4,-99,-99,4,-99,3,-99,-99,-99,-99,-99,-99,-99,-99,-99,-99,-99,-99,-99,-99,-99,4,-99,7,7
E12000008,South East,E10000030,Surrey,E07000214,Surrey Heath,E02006422,Camberley Heatherside,-99,-99,-99,-99,-99,-99,-99,-99,-99,-99,5,5,6,-99,-99,-99,-99,-99,-99,-99,-99,-99,-99,-99,-99,-99,-99,-99,-99,-99,-99,-99,-99,-99,4,4,4
E12000008,South East,E10000030,Surrey,E07000214,Surrey Heath,E02006423,Camberley West,-99,-99,-99,-99,-99,-99,-99,-99,3,5,8,5,12,8,3,5,11,3,-99,-99,-99,-99,-99,-99,-99,-99,-99,-99,-99,-99,-99,-99,-99,-99,5,7,7
E12000008,South East,E10000030,Surrey,E07000214,Surrey Heath,E02006424,Camberley Parkside,-99,-99,-99,-99,-99,-99,-99,-99,-99,6,4,4,-99,-99,-99,-99,-99,-99,-99,-99,-99,-99,-99,-99,-99,-99,-99,-99,-99,-99,-99,-99,-99,-99,-99,-99,-99
E12000008,South East,E10000030,Surrey,E07000214,Surrey Heath,E02006425,Frimley,-99,-99,-99,-99,-99,-99,-99,-99,3,15,9,15,7,4,4,-99,4,-99,-99,-99,-99,-99,-99,-99,-99,-99,-99,-99,-99,-99,-99,-99,-99,-99,-99,3,3
E12000008,South East,E10000030,Surrey,E07000214,Surrey Heath,E02006426,Frimley Green,-99,-99,-99,-99,-99,-99,-99,-99,-99,-99,-99,-99,3,4,-99,-99,-99,-99,-99,-99,-99,-99,-99,-99,-99,-99,-99,-99,-99,-99,-99,-99,-99,-99,3,3,3
E12000008,South East,E10000030,Surrey,E07000214,Surrey Heath,E02006427,Mytchett & Frith Hill,-99,-99,-99,-99,-99,-99,-99,-99,-99,-99,9,5,3,5,4,-99,-99,-99,-99,-99,-99,-99,-99,-99,-99,-99,-99,-99,-99,-99,-99,-99,-99,3,-99,-99,-99
E12000008,South East,E10000030,Surrey,E07000215,Tandridge,E02006429,Warlingham West & Whyteleafe,-99,-99,-99,-99,-99,-99,-99,-99,-99,5,-99,5,-99,-99,-99,-99,-99,-99,-99,-99,-99,-99,-99,-99,-99,-99,-99,-99,-99,-99,-99,-99,4,-99,3,4,4
E12000008,South East,E10000030,Surrey,E07000215,Tandridge,E02006430,Caterham North,-99,-99,-99,-99,-99,-99,-99,-99,3,4,7,12,7,-99,3,-99,-99,-99,-99,-99,-99,-99,-99,-99,-99,-99,-99,-99,-99,-99,-99,6,-99,3,3,8,8
E12000008,South East,E10000030,Surrey,E07000215,Tandridge,E02006431,Caterham Valley,-99,-99,-99,-99,-99,-99,-99,-99,-99,6,6,7,3,5,-99,-99,-99,-99,-99,-99,-99,-99,-99,-99,-99,-99,-99,-99,-99,3,-99,-99,-99,3,-99,3,3
E12000008,South East,E10000030,Surrey,E07000215,Tandridge,E02006432,Caterham West,-99,-99,-99,-99,-99,-99,-99,-99,-99,-99,-99,10,-99,3,-99,-99,-99,-99,-99,-99,-99,-99,-99,-99,-99,-99,-99,-99,-99,-99,-99,-99,-99,-99,-99,9,9
E12000008,South East,E10000030,Surrey,E07000215,Tandridge,E02006433,Oxted North,-99,-99,-99,-99,-99,-99,-99,-99,-99,3,3,4,-99,14,-99,6,-99,-99,-99,-99,-99,-99,-99,-99,-99,3,-99,-99,-99,-99,-99,-99,-99,-99,-99,-99,-99
E12000008,South East,E10000030,Surrey,E07000215,Tandridge,E02006434,Oxted South,-99,-99,-99,-99,-99,-99,-99,-99,-99,6,-99,4,-99,-99,-99,-99,-99,-99,-99,-99,-99,-99,-99,-99,-99,-99,-99,-99,-99,-99,-99,-99,-99,-99,-99,-99,-99
E12000008,South East,E10000030,Surrey,E07000215,Tandridge,E02006435,Nutfield & Bletchingley,-99,-99,-99,-99,-99,-99,-99,-99,-99,-99,3,-99,-99,-99,-99,-99,-99,-99,-99,-99,-99,-99,-99,-99,-99,-99,-99,-99,-99,-99,-99,-99,3,-99,3,-99,-99
E12000008,South East,E10000030,Surrey,E07000215,Tandridge,E02006436,Godstone,-99,-99,-99,-99,-99,-99,-99,-99,-99,-99,5,4,3,3,-99,-99,-99,-99,-99,-99,-99,-99,-99,-99,-99,-99,-99,-99,-99,-99,-99,-99,-99,-99,3,4,4
E12000008,South East,E10000030,Surrey,E07000215,Tandridge,E02006437,Lingfield & Dormansland,-99,-99,-99,-99,-99,-99,-99,-99,4,8,-99,4,6,-99,-99,-99,-99,-99,-99,-99,-99,-99,-99,-99,-99,-99,-99,-99,-99,-99,-99,-99,4,-99,-99,7,7
E12000008,South East,E10000030,Surrey,E07000215,Tandridge,E02006438,Smallfield & Felbridge,-99,-99,-99,-99,-99,-99,-99,-99,-99,3,6,-99,-99,6,4,4,-99,-99,-99,-99,-99,-99,-99,-99,-99,-99,-99,-99,-99,-99,-99,-99,-99,-99,-99,4,4
E12000008,South East,E10000030,Surrey,E07000216,Waverley,E02006439,Farnham Weybourne & Badshot Lea,-99,-99,-99,-99,-99,-99,-99,-99,-99,3,-99,3,8,-99,4,5,-99,-99,-99,-99,-99,-99,-99,-99,-99,-99,-99,-99,-99,-99,-99,-99,-99,-99,-99,6,6
E12000008,South East,E10000030,Surrey,E07000216,Waverley,E02006440,Farnham Upper Hale,-99,-99,-99,-99,-99,-99,-99,-99,-99,-99,-99,5,-99,-99,-99,-99,-99,-99,-99,-99,-99,-99,-99,-99,-99,-99,-99,-99,-99,-99,-99,-99,-99,-99,-99,-99,-99
E12000008,South East,E10000030,Surrey,E07000216,Waverley,E02006441,Farnham Town,-99,-99,-99,-99,-99,-99,-99,-99,-99,-99,-99,-99,7,-99,-99,-99,-99,-99,-99,-99,-99,-99,-99,-99,-99,-99,-99,-99,-99,-99,-99,-99,-99,3,-99,5,5
E12000008,South East,E10000030,Surrey,E07000216,Waverley,E02006442,Farnham Moor Park & Bourne,-99,-99,-99,-99,-99,-99,-99,-99,-99,-99,8,3,-99,-99,-99,-99,-99,-99,-99,-99,-99,-99,-99,-99,-99,-99,-99,-99,-99,-99,-99,-99,-99,-99,-99,7,7
E12000008,South East,E10000030,Surrey,E07000216,Waverley,E02006443,Farncombe,-99,-99,-99,-99,-99,-99,-99,-99,-99,-99,-99,7,4,4,3,3,-99,-99,-99,-99,-99,-99,-99,-99,-99,-99,-99,-99,-99,-99,-99,-99,-99,3,-99,-99,-99
E12000008,South East,E10000030,Surrey,E07000216,Waverley,E02006444,Farnham Shortheath,-99,-99,-99,-99,-99,-99,-99,-99,-99,-99,-99,-99,4,-99,-99,-99,-99,-99,-99,-99,-99,-99,-99,-99,-99,-99,-99,-99,-99,-99,-99,-99,-99,-99,5,-99,-99
E12000008,South East,E10000030,Surrey,E07000216,Waverley,E02006445,Godalming North,-99,-99,-99,-99,-99,-99,-99,3,-99,-99,-99,3,5,7,5,-99,-99,-99,-99,-99,-99,-99,-99,-99,-99,-99,-99,-99,-99,-99,3,-99,-99,-99,-99,9,9
E12000008,South East,E10000030,Surrey,E07000216,Waverley,E02006446,"Blackheath, Wonersh & Shamley Green",-99,-99,-99,-99,-99,-99,-99,-99,4,3,3,7,3,-99,-99,-99,-99,-99,-99,-99,-99,-99,-99,-99,-99,-99,-99,-99,-99,-99,-99,-99,-99,-99,3,7,7
E12000008,South East,E10000030,Surrey,E07000216,Waverley,E02006447,Farnham Wrecclesham,-99,-99,-99,-99,-99,-99,-99,-99,-99,-99,-99,3,-99,3,-99,-99,-99,-99,-99,-99,-99,-99,-99,-99,-99,-99,-99,-99,-99,-99,-99,-99,4,-99,-99,-99,-99
E12000008,South East,E10000030,Surrey,E07000216,Waverley,E02006448,Godalming South,-99,-99,-99,-99,-99,-99,-99,-99,3,3,3,-99,4,-99,-99,-99,-99,-99,-99,-99,-99,-99,-99,-99,-99,-99,-99,-99,-99,-99,-99,3,-99,-99,-99,-99,-99
E12000008,South East,E10000030,Surrey,E07000216,Waverley,E02006449,Elstead & Milford,-99,-99,-99,-99,-99,-99,-99,-99,-99,-99,-99,-99,4,4,-99,-99,-99,-99,-99,-99,-99,-99,-99,-99,-99,-99,-99,-99,-99,-99,-99,-99,-99,-99,-99,4,4
E12000008,South East,E10000030,Surrey,E07000216,Waverley,E02006450,"Wheelerstreet, Wormley & Hambledon",-99,-99,-99,-99,-99,-99,-99,-99,4,-99,4,9,7,-99,3,-99,-99,-99,-99,-99,-99,-99,-99,-99,-99,-99,-99,-99,-99,-99,-99,-99,-99,-99,-99,9,9
E12000008,South East,E10000030,Surrey,E07000216,Waverley,E02006451,Cranleigh,-99,-99,-99,-99,-99,-99,-99,-99,-99,-99,5,3,7,4,-99,-99,-99,-99,-99,-99,-99,-99,-99,-99,-99,-99,-99,-99,-99,3,11,4,-99,-99,-99,8,8
E12000008,South East,E10000030,Surrey,E07000216,Waverley,E02006453,Ewhurst & Chiddingfold,-99,-99,-99,-99,-99,-99,-99,3,-99,3,-99,8,7,-99,-99,3,-99,-99,-99,-99,-99,-99,-99,-99,-99,-99,-99,-99,-99,3,-99,-99,-99,-99,4,8,8
E12000008,South East,E10000030,Surrey,E07000216,Waverley,E02006454,Haslemere East,-99,-99,-99,-99,-99,-99,-99,3,6,-99,3,3,-99,4,-99,-99,-99,-99,-99,-99,-99,-99,-99,-99,-99,-99,-99,-99,-99,-99,-99,-99,-99,-99,9,5,5
E12000008,South East,E10000030,Surrey,E07000216,Waverley,E02006455,Haslemere West,-99,-99,-99,-99,-99,-99,-99,-99,-99,-99,4,-99,6,10,-99,6,-99,-99,-99,-99,-99,-99,-99,-99,-99,-99,-99,-99,-99,-99,-99,3,-99,-99,-99,5,5
E12000008,South East,E10000030,Surrey,E07000217,Woking,E02006456,Byfleet,-99,-99,-99,-99,-99,-99,-99,-99,-99,5,5,3,4,3,3,-99,5,-99,-99,-99,-99,-99,-99,-99,-99,-99,-99,-99,-99,-99,-99,-99,-99,-99,3,5,5
E12000008,South East,E10000030,Surrey,E07000217,Woking,E02006457,West Byfleet & Pyrford North,-99,-99,-99,-99,-99,-99,-99,-99,4,3,-99,3,6,-99,-99,-99,-99,4,-99,-99,-99,-99,-99,-99,-99,-99,-99,-99,-99,-99,-99,-99,-99,-99,-99,6,6
E12000008,South East,E10000030,Surrey,E07000217,Woking,E02006458,Horsell,-99,-99,-99,-99,-99,-99,-99,-99,3,-99,-99,8,-99,-99,3,3,-99,-99,-99,-99,-99,-99,-99,-99,-99,-99,-99,-99,3,-99,-99,5,-99,-99,9,4,4
E12000008,South East,E10000030,Surrey,E07000217,Woking,E02006459,Sheerwater,-99,-99,-99,-99,-99,-99,-99,-99,-99,-99,7,14,6,6,4,-99,-99,-99,-99,-99,-99,-99,4,5,3,-99,6,4,5,-99,-99,-99,3,4,5,8,8
E12000008,South East,E10000030,Surrey,E07000217,Woking,E02006460,Goldsworth Park,-99,-99,-99,-99,-99,-99,-99,3,4,-99,3,4,4,7,6,-99,-99,-99,-99,-99,-99,-99,-99,-99,-99,-99,-99,-99,-99,-99,-99,-99,-99,-99,4,6,6
E12000008,South East,E10000030,Surrey,E07000217,Woking,E02006461,Maybury Hill & Pyrford South,-99,-99,-99,-99,-99,-99,3,-99,3,-99,-99,5,5,-99,-99,-99,-99,-99,-99,-99,-99,-99,-99,-99,-99,-99,-99,-99,-99,-99,-99,-99,3,-99,4,4,4
E12000008,South East,E10000030,Surrey,E07000217,Woking,E02006462,Knaphill,-99,-99,-99,-99,-99,-99,-99,-99,-99,-99,3,4,4,4,3,-99,-99,-99,-99,-99,-99,-99,-99,-99,-99,-99,-99,-99,-99,-99,-99,-99,-99,-99,-99,7,7
E12000008,South East,E10000030,Surrey,E07000217,Woking,E02006463,Woking Central,-99,-99,-99,-99,-99,-99,-99,-99,4,3,3,10,6,5,-99,4,-99,-99,-99,-99,-99,-99,-99,-99,-99,-99,-99,-99,4,-99,-99,-99,-99,-99,-99,4,4
E12000008,South East,E10000030,Surrey,E07000217,Woking,E02006464,St John's,-99,-99,-99,-99,-99,-99,-99,-99,-99,-99,-99,4,-99,4,-99,-99,-99,-99,-99,-99,-99,-99,-99,-99,-99,-99,-99,-99,-99,-99,-99,-99,3,-99,-99,7,7
E12000008,South East,E10000030,Surrey,E07000217,Woking,E02006465,Hook Heath,-99,-99,-99,-99,-99,-99,-99,-99,-99,-99,-99,-99,-99,3,-99,-99,-99,-99,-99,-99,-99,-99,-99,-99,-99,-99,-99,-99,-99,-99,-99,-99,-99,-99,-99,5,5
E12000008,South East,E10000030,Surrey,E07000217,Woking,E02006466,Old Woking & Westfield,-99,-99,-99,-99,-99,-99,-99,-99,-99,-99,3,3,-99,5,-99,-99,-99,-99,-99,-99,-99,-99,-99,-99,-99,-99,-99,-99,3,-99,-99,3,-99,5,3,3,3
E12000008,South East,E10000030,Surrey,E07000217,Woking,E02006467,Mayford & Brookwood,-99,-99,-99,-99,-99,-99,-99,-99,-99,-99,3,-99,-99,-99,3,-99,-99,-99,-99,-99,-99,-99,3,-99,-99,-99,-99,-99,-99,-99,-99,-99,-99,-99,-99,5,5
E12000005,West Midlands,E10000031,Warwickshire,E07000218,North Warwickshire,E02006468,"Polesworth, Warton & Austrey",-99,-99,-99,-99,-99,-99,-99,-99,-99,-99,3,-99,-99,4,4,-99,4,5,4,5,-99,-99,-99,-99,-99,-99,-99,-99,-99,-99,-99,4,-99,4,-99,5,5
E12000005,West Midlands,E10000031,Warwickshire,E07000218,North Warwickshire,E02006469,"Dordon, Hurley & Wood End",-99,-99,-99,-99,-99,-99,-99,-99,4,6,-99,5,3,-99,3,3,9,-99,3,3,4,-99,-99,-99,-99,-99,-99,-99,-99,-99,-99,-99,-99,-99,7,4,4
E12000005,West Midlands,E10000031,Warwickshire,E07000218,North Warwickshire,E02006470,Atherstone,-99,-99,-99,-99,-99,-99,-99,5,6,6,-99,12,6,6,4,4,3,-99,-99,10,-99,-99,-99,-99,-99,-99,-99,-99,-99,-99,-99,-99,-99,-99,6,5,5
E12000005,West Midlands,E10000031,Warwickshire,E07000218,North Warwickshire,E02006471,Kingsbury & Curdworth,-99,-99,-99,-99,-99,-99,-99,-99,5,-99,3,4,-99,-99,-99,-99,-99,-99,-99,-99,-99,3,-99,-99,-99,-99,-99,-99,-99,-99,-99,-99,-99,6,-99,6,6
E12000005,West Midlands,E10000031,Warwickshire,E07000218,North Warwickshire,E02006472,Hartshill & Ansley,-99,-99,-99,-99,-99,-99,-99,3,3,4,3,3,4,-99,3,4,3,-99,-99,3,-99,-99,-99,-99,-99,-99,-99,-99,-99,-99,-99,-99,-99,-99,-99,5,5
E12000005,West Midlands,E10000031,Warwickshire,E07000218,North Warwickshire,E02006473,Coleshill & Water Orton,-99,-99,-99,-99,-99,-99,-99,-99,6,9,6,14,9,-99,6,3,-99,-99,3,-99,-99,-99,-99,-99,-99,-99,-99,-99,-99,-99,-99,6,-99,7,3,6,6
E12000005,West Midlands,E10000031,Warwickshire,E07000218,North Warwickshire,E02006474,New Arley & Fillongley,-99,-99,-99,-99,-99,-99,-99,-99,3,3,-99,9,5,7,-99,3,-99,-99,-99,-99,-99,-99,-99,-99,-99,-99,-99,-99,-99,-99,-99,-99,3,3,7,4,4
E12000005,West Midlands,E10000031,Warwickshire,E07000219,Nuneaton and Bedworth,E02006475,Weddington & St Nicholas Park,-99,-99,-99,-99,-99,-99,-99,-99,5,-99,-99,-99,-99,6,-99,-99,3,-99,-99,-99,-99,-99,-99,-99,-99,-99,-99,-99,-99,-99,-99,-99,3,-99,4,7,7
E12000005,West Midlands,E10000031,Warwickshire,E07000219,Nuneaton and Bedworth,E02006476,Camp Hill,-99,-99,-99,-99,-99,-99,-99,-99,-99,4,-99,8,7,3,9,3,5,4,-99,-99,-99,-99,-99,-99,3,-99,-99,-99,-99,-99,-99,6,7,-99,-99,4,4
E12000005,West Midlands,E10000031,Warwickshire,E07000219,Nuneaton and Bedworth,E02006477,Horeston Grange,-99,-99,-99,-99,-99,-99,-99,-99,3,3,-99,-99,4,5,-99,-99,-99,-99,3,3,-99,-99,-99,-99,-99,-99,-99,-99,-99,-99,-99,-99,-99,-99,9,8,8
E12000005,West Midlands,E10000031,Warwickshire,E07000219,Nuneaton and Bedworth,E02006478,Galley Common & Whittleford,-99,-99,-99,-99,-99,-99,-99,-99,4,5,5,4,3,6,-99,5,-99,-99,-99,4,-99,-99,-99,-99,-99,-99,-99,-99,3,-99,-99,-99,-99,6,4,6,6
E12000005,West Midlands,E10000031,Warwickshire,E07000219,Nuneaton and Bedworth,E02006479,Nuneaton Town Centre,-99,-99,-99,-99,-99,-99,-99,-99,-99,8,10,5,5,11,6,-99,11,3,7,-99,9,8,5,-99,-99,-99,3,-99,3,-99,-99,5,3,4,4,4,4
E12000005,West Midlands,E10000031,Warwickshire,E07000219,Nuneaton and Bedworth,E02006480,Tomkinson Road,-99,-99,-99,-99,-99,-99,-99,-99,3,-99,4,6,5,7,-99,4,5,5,5,4,6,-99,-99,-99,-99,-99,-99,-99,-99,-99,-99,-99,-99,-99,8,-99,-99
E12000005,West Midlands,E10000031,Warwickshire,E07000219,Nuneaton and Bedworth,E02006481,Stockingford,-99,-99,-99,-99,-99,-99,-99,-99,3,4,3,-99,4,8,7,-99,-99,-99,-99,8,-99,-99,-99,-99,-99,-99,-99,-99,-99,-99,-99,-99,-99,5,-99,3,3
E12000005,West Midlands,E10000031,Warwickshire,E07000219,Nuneaton and Bedworth,E02006482,Bermuda & Heath End,-99,-99,-99,-99,-99,-99,-99,-99,-99,-99,4,6,6,11,5,3,6,3,8,5,-99,-99,-99,-99,-99,-99,-99,-99,3,-99,-99,-99,-99,3,-99,4,4
E12000005,West Midlands,E10000031,Warwickshire,E07000219,Nuneaton and Bedworth,E02006483,Caldwell & Chilvers Coton,-99,-99,-99,-99,-99,-99,-99,-99,5,3,5,6,14,14,7,17,4,-99,4,8,5,-99,5,-99,-99,-99,-99,-99,-99,-99,-99,-99,-99,-99,-99,-99,-99
E12000005,West Midlands,E10000031,Warwickshire,E07000219,Nuneaton and Bedworth,E02006484,Attleborough,-99,-99,-99,-99,-99,-99,-99,-99,-99,-99,-99,-99,3,5,14,5,3,4,-99,-99,3,-99,-99,-99,-99,-99,-99,-99,-99,-99,-99,-99,3,-99,-99,9,9
E12000005,West Midlands,E10000031,Warwickshire,E07000219,Nuneaton and Bedworth,E02006485,Whitestone,-99,-99,-99,-99,-99,-99,-99,-99,-99,-99,-99,-99,4,3,-99,-99,3,4,3,-99,3,-99,-99,-99,-99,-99,-99,-99,-99,-99,-99,-99,3,4,5,8,8
E12000005,West Midlands,E10000031,Warwickshire,E07000219,Nuneaton and Bedworth,E02006486,Bedworth Woodlands,-99,-99,-99,-99,-99,-99,-99,3,3,-99,5,3,-99,4,3,-99,-99,4,4,-99,-99,-99,-99,-99,-99,-99,-99,-99,-99,-99,-99,-99,-99,7,4,5,5
E12000005,West Midlands,E10000031,Warwickshire,E07000219,Nuneaton and Bedworth,E02006487,Bedworth Town,-99,-99,-99,-99,-99,-99,-99,-99,-99,-99,5,-99,-99,3,3,-99,3,3,3,-99,4,-99,-99,-99,-99,-99,3,-99,-99,-99,-99,-99,-99,-99,5,-99,-99
E12000005,West Midlands,E10000031,Warwickshire,E07000219,Nuneaton and Bedworth,E02006488,Bulkington,-99,-99,-99,-99,-99,-99,-99,-99,7,7,4,-99,4,-99,-99,-99,-99,-99,-99,3,-99,-99,-99,-99,-99,-99,-99,-99,-99,-99,-99,-99,-99,-99,-99,-99,-99
E12000005,West Midlands,E10000031,Warwickshire,E07000219,Nuneaton and Bedworth,E02006489,Bedworth Coalpit Field & Exhall,-99,-99,-99,-99,-99,-99,-99,-99,3,-99,3,-99,-99,-99,5,-99,3,-99,3,6,-99,-99,-99,-99,3,-99,5,-99,-99,-99,-99,-99,-99,13,6,5,5
E12000005,West Midlands,E10000031,Warwickshire,E07000219,Nuneaton and Bedworth,E02006490,Bedworth Heath,-99,-99,-99,-99,-99,-99,-99,-99,4,7,5,4,3,4,-99,-99,-99,-99,-99,3,-99,3,-99,4,-99,-99,3,-99,-99,-99,-99,-99,-99,3,5,11,11
E12000005,West Midlands,E10000031,Warwickshire,E07000220,Rugby,E02006492,"Brinklow, Wolvey & Clifton",-99,-99,-99,-99,-99,-99,-99,-99,-99,4,3,7,10,7,-99,-99,-99,-99,-99,-99,-99,-99,-99,-99,-99,-99,3,-99,3,-99,-99,3,4,10,7,15,15
E12000005,West Midlands,E10000031,Warwickshire,E07000220,Rugby,E02006493,Brownsover,-99,-99,-99,-99,-99,-99,-99,-99,-99,3,-99,3,-99,6,8,4,3,-99,-99,-99,-99,-99,-99,-99,-99,-99,-99,4,-99,3,3,3,4,5,3,8,8
E12000005,West Midlands,E10000031,Warwickshire,E07000220,Rugby,E02006494,Town North & Newbold on Avon,-99,-99,-99,-99,-99,-99,-99,-99,-99,-99,-99,-99,-99,8,5,-99,-99,3,-99,-99,-99,-99,-99,-99,-99,-99,-99,-99,-99,-99,-99,-99,6,11,5,5,5
E12000005,West Midlands,E10000031,Warwickshire,E07000220,Rugby,E02006495,"Wolston, Binley Woods & Ryton",-99,-99,-99,-99,-99,-99,-99,-99,-99,-99,-99,-99,-99,-99,-99,-99,-99,-99,-99,-99,-99,-99,-99,-99,-99,-99,-99,-99,-99,-99,-99,7,11,7,4,10,10
E12000005,West Midlands,E10000031,Warwickshire,E07000220,Rugby,E02006496,Town East,-99,-99,-99,-99,-99,-99,-99,-99,-99,-99,3,4,-99,-99,-99,-99,3,-99,-99,-99,-99,-99,-99,4,-99,-99,-99,-99,-99,-99,-99,-99,4,6,-99,3,3
E12000005,West Midlands,E10000031,Warwickshire,E07000220,Rugby,E02006497,New Bilton,-99,-99,-99,-99,-99,-99,-99,-99,-99,-99,-99,-99,4,4,-99,4,3,-99,-99,-99,-99,-99,-99,-99,-99,-99,-99,-99,-99,-99,-99,4,6,9,7,3,3
E12000005,West Midlands,E10000031,Warwickshire,E07000220,Rugby,E02006498,Cawston & Long Lawford,-99,-99,-99,-99,-99,-99,-99,-99,-99,-99,6,5,3,-99,4,-99,-99,3,-99,-99,-99,-99,-99,-99,-99,-99,-99,-99,-99,-99,-99,-99,3,3,9,13,13
E12000005,West Midlands,E10000031,Warwickshire,E07000220,Rugby,E02006499,Eastlands,-99,-99,-99,-99,-99,-99,-99,-99,-99,-99,-99,-99,-99,-99,5,-99,-99,-99,-99,-99,-99,-99,-99,-99,-99,-99,-99,-99,-99,-99,-99,-99,5,-99,-99,8,8
E12000005,West Midlands,E10000031,Warwickshire,E07000220,Rugby,E02006500,Town South & School,-99,-99,-99,-99,-99,-99,-99,-99,-99,-99,5,-99,4,-99,-99,-99,3,-99,-99,-99,-99,-99,-99,-99,-99,-99,-99,-99,-99,-99,-99,-99,5,3,5,-99,-99
E12000005,West Midlands,E10000031,Warwickshire,E07000220,Rugby,E02006501,Hillmorton,-99,-99,-99,-99,-99,-99,-99,-99,-99,-99,3,3,6,5,-99,6,-99,3,-99,-99,-99,-99,-99,-99,-99,-99,-99,-99,-99,-99,-99,4,3,5,10,7,7
E12000005,West Midlands,E10000031,Warwickshire,E07000220,Rugby,E02006502,Overslade & Bilton,-99,-99,-99,-99,-99,-99,-99,-99,-99,9,6,4,18,6,16,-99,8,-99,-99,-99,-99,-99,3,-99,-99,-99,-99,-99,-99,-99,-99,4,-99,3,4,5,5
E12000005,West Midlands,E10000031,Warwickshire,E07000220,Rugby,E02006503,"Dunchurch, Stretton-on-Dunsmore & Marton",-99,-99,-99,-99,-99,-99,-99,-99,3,-99,3,-99,-99,-99,-99,-99,-99,-99,-99,-99,-99,-99,-99,-99,-99,-99,-99,-99,-99,-99,-99,-99,6,6,-99,9,9
E12000005,West Midlands,E10000031,Warwickshire,E07000221,Stratford-on-Avon,E02006504,"Earlswood, Tamworth-in-Arden & Sambourne",-99,-99,-99,-99,-99,-99,-99,-99,4,3,4,9,3,3,-99,-99,-99,-99,-99,-99,-99,-99,-99,-99,-99,-99,-99,-99,-99,-99,-99,-99,3,-99,-99,-99,-99
E12000005,West Midlands,E10000031,Warwickshire,E07000221,Stratford-on-Avon,E02006505,Henley-in-Arden & Claverdon,-99,-99,-99,-99,-99,-99,-99,3,4,4,-99,-99,-99,3,-99,-99,-99,-99,-99,-99,-99,-99,-99,-99,-99,-99,-99,-99,-99,-99,-99,-99,-99,-99,3,5,5
E12000005,West Midlands,E10000031,Warwickshire,E07000221,Stratford-on-Avon,E02006506,Studley,-99,-99,-99,-99,-99,-99,-99,-99,-99,6,3,5,9,-99,3,-99,-99,-99,-99,-99,-99,-99,-99,-99,-99,-99,-99,-99,-99,-99,-99,-99,-99,3,5,15,15
E12000005,West Midlands,E10000031,Warwickshire,E07000221,Stratford-on-Avon,E02006507,"Southam, Stockton & Napton",-99,-99,-99,-99,-99,-99,-99,-99,3,-99,9,9,5,9,-99,11,3,-99,-99,-99,-99,-99,-99,-99,-99,-99,-99,-99,-99,-99,-99,-99,-99,3,-99,10,10
E12000005,West Midlands,E10000031,Warwickshire,E07000221,Stratford-on-Avon,E02006508,"Harbury, Long Itchington & Fenny Compton",-99,-99,-99,-99,-99,-99,-99,-99,3,6,-99,-99,3,3,-99,-99,-99,-99,-99,-99,-99,-99,-99,-99,-99,-99,-99,-99,-99,-99,4,-99,-99,-99,-99,3,3
E12000005,West Midlands,E10000031,Warwickshire,E07000221,Stratford-on-Avon,E02006509,Alcester,-99,-99,-99,-99,-99,-99,-99,-99,-99,-99,3,6,3,6,-99,-99,-99,-99,-99,-99,-99,-99,-99,-99,-99,-99,-99,-99,-99,-99,-99,-99,-99,-99,-99,-99,-99
E12000005,West Midlands,E10000031,Warwickshire,E07000221,Stratford-on-Avon,E02006510,Wilmcote & Great Alne,-99,-99,-99,-99,-99,-99,-99,-99,-99,-99,9,-99,10,14,4,-99,3,-99,-99,-99,-99,-99,-99,-99,-99,-99,-99,-99,-99,-99,-99,-99,-99,-99,-99,6,6
E12000005,West Midlands,E10000031,Warwickshire,E07000221,Stratford-on-Avon,E02006511,Wellesbourne & Snitterfield,-99,-99,-99,-99,-99,-99,-99,-99,-99,5,-99,3,-99,4,-99,-99,-99,-99,-99,-99,-99,-99,-99,-99,-99,-99,-99,-99,-99,-99,-99,-99,-99,-99,4,4,4
E12000005,West Midlands,E10000031,Warwickshire,E07000221,Stratford-on-Avon,E02006512,Stratford North,-99,-99,-99,-99,-99,-99,-99,-99,-99,12,3,15,12,8,-99,4,-99,-99,-99,-99,-99,-99,-99,-99,-99,-99,-99,-99,-99,-99,-99,4,-99,4,-99,10,10
E12000005,West Midlands,E10000031,Warwickshire,E07000221,Stratford-on-Avon,E02006513,Stratford South East & Tiddington,-99,-99,-99,-99,-99,-99,-99,-99,-99,5,4,3,3,3,3,-99,-99,-99,-99,-99,-99,-99,-99,-99,-99,-99,-99,-99,-99,-99,-99,-99,3,4,6,9,9
E12000005,West Midlands,E10000031,Warwickshire,E07000221,Stratford-on-Avon,E02006514,Stratford South West,-99,-99,-99,-99,-99,-99,-99,-99,7,3,-99,3,-99,9,4,-99,-99,-99,-99,-99,-99,-99,-99,-99,-99,-99,-99,-99,-99,-99,-99,-99,-99,-99,3,6,6
E12000005,West Midlands,E10000031,Warwickshire,E07000221,Stratford-on-Avon,E02006515,Bidford & Welford,-99,-99,-99,-99,-99,-99,-99,-99,5,7,6,4,5,3,-99,5,-99,-99,-99,-99,-99,-99,-99,-99,-99,-99,-99,-99,-99,-99,-99,-99,-99,6,-99,7,7
E12000005,West Midlands,E10000031,Warwickshire,E07000221,Stratford-on-Avon,E02006516,"Kineton, Tysoe & Warmington",-99,-99,-99,-99,-99,-99,-99,-99,-99,-99,4,10,8,5,3,-99,-99,-99,-99,-99,-99,-99,-99,-99,-99,-99,-99,-99,-99,-99,-99,-99,-99,-99,-99,3,3
E12000005,West Midlands,E10000031,Warwickshire,E07000221,Stratford-on-Avon,E02006517,Lower Quinton & Ettington,-99,-99,-99,-99,-99,-99,-99,-99,-99,5,-99,-99,3,4,-99,-99,-99,-99,-99,-99,-99,-99,-99,-99,-99,-99,-99,-99,-99,-99,-99,-99,-99,3,-99,9,9
E12000005,West Midlands,E10000031,Warwickshire,E07000221,Stratford-on-Avon,E02006518,Shipston-on-Stour & Brailes,-99,-99,-99,-99,-99,-99,-99,-99,-99,3,7,8,7,10,-99,-99,-99,4,-99,-99,-99,-99,-99,-99,-99,4,-99,-99,-99,-99,-99,4,3,-99,-99,4,4
E12000005,West Midlands,E10000031,Warwickshire,E07000222,Warwick,E02006519,Kenilworth West,-99,-99,-99,-99,-99,-99,-99,-99,3,6,3,-99,-99,-99,7,-99,-99,-99,-99,-99,-99,-99,-99,-99,-99,-99,-99,-99,-99,-99,-99,-99,-99,-99,-99,4,4
E12000005,West Midlands,E10000031,Warwickshire,E07000222,Warwick,E02006520,Kenilworth East,-99,-99,-99,-99,-99,-99,-99,-99,4,3,4,6,8,-99,-99,-99,-99,-99,-99,-99,-99,-99,-99,-99,-99,-99,-99,-99,-99,-99,-99,-99,-99,-99,-99,3,3
E12000005,West Midlands,E10000031,Warwickshire,E07000222,Warwick,E02006521,Kenilworth South,-99,-99,-99,-99,-99,-99,-99,-99,-99,5,3,4,-99,-99,-99,-99,-99,-99,-99,-99,-99,-99,-99,-99,-99,-99,-99,-99,-99,-99,-99,-99,-99,3,4,4,4
E12000005,West Midlands,E10000031,Warwickshire,E07000222,Warwick,E02006522,Kingswood & Leek Wootton,-99,-99,-99,-99,-99,-99,-99,-99,-99,-99,-99,-99,-99,-99,-99,-99,-99,-99,-99,-99,-99,-99,-99,-99,-99,-99,-99,-99,-99,-99,-99,-99,-99,-99,-99,7,7
E12000005,West Midlands,E10000031,Warwickshire,E07000222,Warwick,E02006523,"Cubbington, Stoneleigh & Radford Semele",-99,-99,-99,-99,-99,-99,-99,-99,3,-99,4,-99,9,3,3,16,-99,-99,-99,-99,-99,-99,-99,-99,-99,-99,-99,-99,-99,-99,-99,4,-99,-99,12,9,9
E12000005,West Midlands,E10000031,Warwickshire,E07000222,Warwick,E02006524,Lillington,-99,-99,-99,-99,-99,-99,-99,-99,-99,5,-99,-99,-99,3,4,-99,-99,-99,-99,-99,-99,-99,-99,-99,-99,-99,-99,-99,-99,-99,-99,-99,-99,-99,-99,-99,-99
E12000005,West Midlands,E10000031,Warwickshire,E07000222,Warwick,E02006525,Leamington Central & North,-99,-99,-99,-99,-99,-99,-99,3,3,7,4,8,11,11,12,7,-99,-99,-99,-99,-99,-99,-99,-99,-99,-99,-99,-99,-99,-99,-99,-99,-99,3,4,8,8
E12000005,West Midlands,E10000031,Warwickshire,E07000222,Warwick,E02006526,Warwick North,-99,-99,-99,-99,-99,-99,-99,-99,4,5,4,5,-99,5,-99,3,-99,-99,-99,-99,-99,-99,-99,-99,-99,-99,-99,-99,-99,-99,-99,-99,-99,-99,5,3,3
E12000005,West Midlands,E10000031,Warwickshire,E07000222,Warwick,E02006527,Leamington West & Milverton,-99,-99,-99,-99,-99,-99,-99,-99,-99,3,3,-99,-99,3,4,-99,6,-99,-99,-99,-99,-99,-99,-99,-99,-99,-99,-99,-99,-99,-99,3,-99,4,-99,7,7
E12000005,West Midlands,E10000031,Warwickshire,E07000222,Warwick,E02006528,Leamington East & Sydenham,-99,-99,-99,-99,-99,-99,-99,-99,3,3,-99,-99,-99,6,3,-99,-99,-99,-99,-99,-99,-99,-99,-99,-99,-99,-99,-99,3,-99,-99,-99,3,5,6,7,7
E12000005,West Midlands,E10000031,Warwickshire,E07000222,Warwick,E02006529,Warwick South West & Aylesford,-99,-99,-99,-99,-99,-99,-99,-99,-99,5,6,5,-99,-99,3,-99,-99,-99,-99,-99,-99,-99,-99,-99,-99,-99,-99,-99,-99,-99,-99,-99,-99,-99,3,7,7
E12000005,West Midlands,E10000031,Warwickshire,E07000222,Warwick,E02006530,"Warwick South East, Myton & Heathcote",-99,-99,-99,-99,-99,-99,-99,-99,-99,7,5,4,3,-99,3,-99,-99,-99,-99,-99,-99,-99,-99,-99,-99,-99,-99,-99,-99,-99,5,-99,3,-99,4,9,9
E12000005,West Midlands,E10000031,Warwickshire,E07000222,Warwick,E02006531,Leamington Brunswick,-99,-99,-99,-99,-99,-99,-99,4,4,-99,-99,6,3,-99,-99,-99,-99,-99,-99,-99,-99,-99,-99,-99,-99,-99,-99,3,-99,-99,-99,-99,-99,-99,5,8,8
E12000005,West Midlands,E10000031,Warwickshire,E07000222,Warwick,E02006532,"Bishops Tachbrook, Barford & Hatton Park",-99,-99,-99,-99,-99,-99,-99,-99,-99,5,4,3,-99,5,-99,-99,-99,-99,-99,-99,-99,-99,-99,-99,-99,-99,-99,-99,-99,-99,-99,-99,-99,-99,-99,-99,-99
E12000005,West Midlands,E10000031,Warwickshire,E07000222,Warwick,E02006533,Whitnash,-99,-99,-99,-99,-99,-99,-99,-99,-99,3,6,-99,6,4,-99,-99,-99,-99,-99,-99,-99,-99,-99,-99,-99,-99,-99,-99,-99,-99,-99,-99,-99,5,4,6,6
E12000008,South East,E10000032,West Sussex,E07000223,Adur,E02006534,Hillside,-99,-99,-99,-99,-99,-99,-99,-99,-99,5,-99,-99,9,3,4,-99,-99,-99,3,-99,-99,-99,-99,-99,-99,-99,-99,-99,-99,-99,-99,-99,3,3,-99,4,4
E12000008,South East,E10000032,West Sussex,E07000223,Adur,E02006535,Buckingham,-99,-99,-99,-99,-99,-99,-99,-99,-99,-99,6,-99,-99,-99,3,-99,-99,-99,-99,-99,-99,-99,-99,-99,-99,-99,-99,-99,-99,-99,-99,-99,-99,-99,-99,-99,-99
E12000008,South East,E10000032,West Sussex,E07000223,Adur,E02006536,North Lancing,-99,-99,-99,-99,-99,-99,-99,-99,-99,-99,3,-99,3,3,3,-99,-99,-99,-99,-99,-99,-99,-99,-99,-99,-99,-99,-99,-99,-99,-99,3,-99,-99,-99,-99,-99
E12000008,South East,E10000032,West Sussex,E07000223,Adur,E02006537,Kingston & Southwick,-99,-99,-99,-99,-99,-99,-99,-99,-99,4,-99,6,4,8,3,-99,-99,-99,-99,-99,-99,-99,-99,-99,-99,-99,-99,-99,3,3,-99,-99,-99,4,-99,8,8
E12000008,South East,E10000032,West Sussex,E07000223,Adur,E02006538,Shoreham Central & Beach,-99,-99,-99,-99,-99,-99,-99,-99,-99,-99,-99,4,-99,-99,-99,-99,-99,-99,-99,-99,-99,-99,-99,-99,-99,-99,-99,-99,-99,-99,-99,-99,-99,-99,-99,-99,-99
E12000008,South East,E10000032,West Sussex,E07000223,Adur,E02006539,Cokeham & Sompting,-99,-99,-99,-99,-99,-99,-99,-99,-99,-99,-99,3,3,4,-99,-99,-99,-99,-99,-99,-99,-99,-99,-99,-99,-99,-99,-99,-99,-99,-99,-99,-99,-99,-99,-99,-99
E12000008,South East,E10000032,West Sussex,E07000223,Adur,E02006540,Marsh Barn & Widewater,-99,-99,-99,-99,-99,-99,-99,-99,-99,-99,-99,3,-99,4,-99,-99,-99,-99,-99,-99,-99,-99,-99,-99,-99,-99,-99,-99,-99,-99,-99,3,3,-99,-99,-99,-99
E12000008,South East,E10000032,West Sussex,E07000223,Adur,E02006541,South Lancing,-99,-99,-99,-99,-99,-99,-99,-99,-99,-99,7,5,10,7,-99,3,-99,-99,-99,-99,-99,-99,-99,-99,-99,-99,-99,-99,-99,-99,-99,-99,3,-99,-99,-99,-99
E12000008,South East,E10000032,West Sussex,E07000224,Arun,E02006542,Arundel,-99,-99,-99,-99,-99,-99,-99,-99,-99,-99,-99,-99,-99,-99,-99,-99,-99,-99,-99,-99,-99,-99,-99,-99,-99,-99,-99,-99,-99,-99,-99,-99,-99,-99,-99,-99,-99
E12000008,South East,E10000032,West Sussex,E07000224,Arun,E02006543,"Angmering North, Patching & Findon",-99,-99,-99,-99,-99,-99,-99,-99,3,-99,-99,-99,-99,-99,-99,-99,-99,-99,-99,-99,-99,-99,-99,-99,-99,-99,-99,-99,-99,-99,-99,-99,-99,-99,-99,-99,-99
E12000008,South East,E10000032,West Sussex,E07000224,Arun,E02006544,"Westergate, Eastergate & Walberton",-99,-99,-99,-99,-99,-99,-99,-99,-99,3,-99,7,-99,-99,-99,-99,-99,-99,-99,-99,-99,-99,-99,-99,-99,-99,-99,-99,-99,-99,-99,6,-99,-99,-99,3,3
E12000008,South East,E10000032,West Sussex,E07000224,Arun,E02006545,Wick & Toddington,-99,-99,-99,-99,-99,-99,-99,-99,-99,-99,-99,-99,-99,7,-99,3,-99,-99,-99,-99,-99,-99,-99,-99,-99,-99,-99,-99,-99,-99,-99,-99,-99,5,5,-99,-99
E12000008,South East,E10000032,West Sussex,E07000224,Arun,E02006546,Angmering South,-99,-99,-99,-99,-99,-99,-99,-99,-99,4,-99,-99,3,-99,3,-99,-99,-99,-99,-99,-99,-99,-99,-99,-99,-99,-99,-99,-99,-99,-99,-99,4,3,-99,-99,-99
E12000008,South East,E10000032,West Sussex,E07000224,Arun,E02006547,Yapton & Climping,-99,-99,-99,-99,-99,-99,-99,-99,-99,-99,-99,-99,-99,4,-99,-99,-99,-99,-99,-99,-99,-99,-99,-99,-99,-99,-99,-99,-99,-99,-99,-99,-99,-99,-99,3,3
E12000008,South East,E10000032,West Sussex,E07000224,Arun,E02006548,Rustington North,-99,-99,-99,-99,-99,-99,-99,-99,-99,-99,-99,-99,7,9,13,-99,-99,-99,-99,-99,-99,-99,-99,-99,-99,-99,-99,-99,-99,-99,-99,4,-99,3,-99,3,3
E12000008,South East,E10000032,West Sussex,E07000224,Arun,E02006549,Ferring & Kingston Gorse,-99,-99,-99,-99,-99,-99,-99,-99,-99,-99,3,-99,-99,-99,-99,-99,-99,-99,-99,-99,-99,-99,-99,-99,-99,-99,-99,-99,-99,-99,-99,-99,-99,-99,-99,-99,-99
E12000008,South East,E10000032,West Sussex,E07000224,Arun,E02006550,Littlehampton East,-99,-99,-99,-99,-99,-99,-99,-99,-99,-99,-99,5,-99,-99,3,-99,-99,-99,4,-99,-99,-99,-99,-99,-99,-99,-99,-99,-99,-99,-99,4,-99,-99,-99,-99,-99
E12000008,South East,E10000032,West Sussex,E07000224,Arun,E02006551,East Preston & Rustington East,-99,-99,-99,-99,-99,-99,-99,-99,-99,-99,-99,4,-99,-99,-99,-99,3,-99,-99,-99,-99,-99,-99,-99,-99,-99,-99,-99,-99,-99,-99,-99,-99,-99,-99,-99,-99
E12000008,South East,E10000032,West Sussex,E07000224,Arun,E02006552,Littlehampton West and River,-99,-99,-99,-99,-99,-99,-99,-99,-99,-99,-99,7,-99,6,-99,-99,-99,-99,-99,-99,-99,-99,-99,-99,-99,-99,-99,-99,-99,-99,-99,3,-99,-99,-99,5,5
E12000008,South East,E10000032,West Sussex,E07000224,Arun,E02006553,North Bersted,-99,-99,-99,-99,-99,-99,-99,-99,-99,-99,-99,-99,-99,3,5,-99,-99,-99,-99,-99,-99,-99,-99,-99,-99,-99,-99,-99,-99,-99,-99,-99,-99,-99,-99,4,4
E12000008,South East,E10000032,West Sussex,E07000224,Arun,E02006554,Middleton-on-Sea,-99,-99,-99,-99,-99,-99,-99,-99,-99,-99,-99,-99,-99,-99,-99,-99,-99,-99,-99,-99,-99,-99,-99,-99,-99,-99,-99,-99,-99,-99,-99,-99,-99,-99,-99,-99,-99
E12000008,South East,E10000032,West Sussex,E07000224,Arun,E02006555,South Bersted,-99,-99,-99,-99,-99,-99,-99,-99,-99,-99,-99,3,-99,-99,3,-99,-99,-99,-99,-99,-99,-99,-99,-99,-99,-99,-99,-99,-99,-99,-99,-99,-99,-99,-99,-99,-99
E12000008,South East,E10000032,West Sussex,E07000224,Arun,E02006556,Felpham,-99,-99,-99,-99,-99,-99,-99,-99,-99,-99,3,-99,-99,-99,-99,-99,-99,-99,-99,-99,-99,-99,-99,-99,-99,-99,-99,-99,-99,-99,-99,-99,-99,-99,-99,5,5
E12000008,South East,E10000032,West Sussex,E07000224,Arun,E02006557,Hawthorn Road,-99,-99,-99,-99,-99,-99,-99,-99,-99,-99,-99,-99,-99,3,-99,-99,-99,-99,-99,-99,-99,-99,-99,-99,-99,-99,-99,-99,-99,-99,-99,-99,-99,-99,3,-99,-99
E12000008,South East,E10000032,West Sussex,E07000224,Arun,E02006558,Bognor Regis Central,-99,-99,-99,-99,-99,-99,-99,-99,-99,-99,-99,4,6,-99,24,6,3,-99,-99,-99,-99,-99,-99,-99,-99,-99,-99,-99,-99,-99,-99,-99,-99,-99,4,-99,-99
E12000008,South East,E10000032,West Sussex,E07000224,Arun,E02006559,Aldwick,-99,-99,-99,-99,-99,-99,-99,-99,-99,-99,-99,-99,-99,-99,-99,-99,-99,-99,-99,-99,-99,-99,-99,-99,-99,-99,-99,-99,-99,-99,-99,3,-99,-99,3,-99,-99
E12000008,South East,E10000032,West Sussex,E07000224,Arun,E02006560,Nyetimber & Pagham,-99,-99,-99,-99,-99,-99,-99,-99,-99,-99,-99,-99,-99,-99,-99,7,-99,-99,-99,-99,-99,-99,-99,-99,-99,-99,-99,-99,-99,-99,-99,-99,-99,-99,3,3,3
E12000008,South East,E10000032,West Sussex,E07000225,Chichester,E02006561,Fernhurst & Northchapel,-99,-99,-99,-99,-99,-99,-99,4,-99,-99,6,4,13,3,-99,-99,-99,-99,-99,-99,-99,-99,-99,-99,-99,-99,-99,-99,-99,-99,-99,-99,-99,-99,3,3,3
E12000008,South East,E10000032,West Sussex,E07000225,Chichester,E02006562,Ifold & Wisborough Green,-99,-99,-99,-99,-99,-99,-99,-99,-99,-99,-99,-99,-99,-99,-99,-99,-99,-99,-99,-99,-99,-99,-99,-99,-99,-99,-99,-99,-99,3,-99,-99,-99,-99,-99,4,4
E12000008,South East,E10000032,West Sussex,E07000225,Chichester,E02006563,Millland & South Harting,-99,-99,-99,-99,-99,-99,-99,-99,-99,-99,-99,-99,-99,-99,-99,-99,-99,-99,-99,-99,-99,-99,-99,-99,-99,-99,-99,-99,-99,-99,-99,-99,-99,-99,-99,4,4
E12000008,South East,E10000032,West Sussex,E07000225,Chichester,E02006564,Midhurst & Cocking,-99,-99,-99,-99,-99,-99,-99,-99,-99,-99,3,3,4,-99,-99,-99,-99,-99,-99,-99,-99,-99,-99,-99,-99,-99,-99,-99,-99,-99,-99,-99,-99,-99,-99,-99,-99
E12000008,South East,E10000032,West Sussex,E07000225,Chichester,E02006565,Easebourne & Petworth,-99,-99,-99,-99,-99,-99,-99,-99,-99,9,-99,-99,-99,11,-99,-99,-99,-99,-99,-99,-99,-99,-99,-99,-99,-99,-99,-99,-99,-99,-99,-99,-99,-99,-99,-99,-99
E12000008,South East,E10000032,West Sussex,E07000225,Chichester,E02006566,"Dean, Lavant & Summersdale",-99,-99,-99,-99,-99,-99,-99,-99,-99,3,-99,-99,-99,-99,3,-99,-99,-99,-99,-99,-99,-99,-99,-99,-99,-99,-99,-99,-99,-99,-99,-99,-99,-99,-99,-99,-99
E12000008,South East,E10000032,West Sussex,E07000225,Chichester,E02006567,Westbourne & Funtington,-99,-99,-99,-99,-99,-99,-99,-99,-99,-99,-99,-99,-99,-99,-99,-99,3,-99,-99,-99,-99,-99,-99,-99,-99,-99,-99,-99,-99,-99,-99,-99,-99,-99,-99,-99,-99
E12000008,South East,E10000032,West Sussex,E07000225,Chichester,E02006568,College Lane & Oaklands,-99,-99,-99,-99,-99,-99,-99,-99,-99,-99,6,-99,-99,14,6,-99,-99,3,3,-99,-99,-99,-99,-99,-99,-99,-99,-99,-99,-99,-99,-99,-99,-99,-99,3,3
E12000008,South East,E10000032,West Sussex,E07000225,Chichester,E02006569,"Southbourne, Bosham & Thorney",-99,-99,-99,-99,-99,-99,-99,-99,-99,-99,-99,7,-99,-99,-99,-99,-99,-99,-99,-99,-99,-99,-99,-99,-99,-99,-99,-99,-99,-99,-99,-99,3,4,-99,4,4
E12000008,South East,E10000032,West Sussex,E07000225,Chichester,E02006570,Central Chichester,-99,-99,-99,-99,-99,-99,-99,-99,-99,-99,-99,4,3,3,6,19,5,-99,-99,-99,-99,-99,-99,-99,-99,-99,-99,-99,-99,-99,-99,-99,-99,-99,-99,3,3
E12000008,South East,E10000032,West Sussex,E07000225,Chichester,E02006571,Stockbridge & Fishbourne,-99,-99,-99,-99,-99,-99,-99,-99,-99,-99,-99,-99,-99,-99,-99,-99,-99,-99,-99,-99,-99,-99,-99,-99,-99,-99,-99,-99,-99,-99,-99,3,-99,-99,-99,-99,-99
E12000008,South East,E10000032,West Sussex,E07000225,Chichester,E02006572,"Tangmere, Mundham & Hunston",-99,-99,-99,-99,-99,-99,-99,-99,-99,-99,-99,-99,-99,3,-99,7,-99,-99,-99,-99,-99,-99,-99,-99,-99,-99,-99,-99,-99,-99,-99,-99,-99,-99,-99,3,3
E12000008,South East,E10000032,West Sussex,E07000225,Chichester,E02006573,Wittering & Birdham,-99,-99,-99,-99,-99,-99,-99,-99,-99,3,-99,4,-99,-99,-99,-99,-99,-99,-99,-99,-99,-99,-99,-99,-99,-99,-99,-99,-99,-99,-99,-99,-99,-99,6,4,4
E12000008,South East,E10000032,West Sussex,E07000225,Chichester,E02006574,Selsey,-99,-99,-99,-99,-99,-99,-99,-99,-99,3,-99,4,-99,4,-99,4,-99,-99,-99,-99,-99,-99,-99,-99,-99,-99,-99,-99,-99,-99,-99,4,-99,-99,3,-99,-99
E12000008,South East,E10000032,West Sussex,E07000226,Crawley,E02006575,Langley Green & Gatwick Airport,-99,-99,-99,-99,-99,-99,-99,-99,-99,7,-99,-99,3,6,3,-99,3,-99,-99,-99,-99,4,10,-99,-99,-99,-99,-99,-99,-99,-99,-99,-99,-99,-99,-99,-99
E12000008,South East,E10000032,West Sussex,E07000226,Crawley,E02006576,Pound Hill,-99,-99,-99,-99,-99,-99,-99,-99,-99,5,5,-99,-99,8,-99,-99,-99,-99,-99,-99,-99,-99,-99,-99,-99,-99,-99,-99,-99,-99,-99,-99,-99,-99,-99,-99,-99
E12000008,South East,E10000032,West Sussex,E07000226,Crawley,E02006577,Ewhurst & West Green,-99,-99,-99,-99,-99,-99,-99,5,3,4,5,8,-99,12,7,-99,-99,4,-99,-99,-99,-99,-99,-99,-99,-99,-99,-99,-99,-99,-99,-99,-99,-99,-99,5,5
E12000008,South East,E10000032,West Sussex,E07000226,Crawley,E02006578,Manor Royal & Northgate,-99,-99,-99,-99,-99,-99,-99,-99,-99,3,4,3,6,-99,-99,-99,-99,-99,-99,3,-99,-99,-99,-99,-99,-99,-99,-99,-99,-99,-99,-99,-99,-99,4,3,3
E12000008,South East,E10000032,West Sussex,E07000226,Crawley,E02006579,Three Bridges,-99,-99,-99,-99,-99,-99,-99,-99,4,-99,3,4,4,-99,-99,4,-99,-99,-99,-99,-99,-99,-99,-99,-99,-99,-99,-99,-99,-99,-99,-99,-99,-99,3,5,5
E12000008,South East,E10000032,West Sussex,E07000226,Crawley,E02006580,Ifield & Gossops Green,-99,-99,-99,-99,-99,-99,-99,-99,-99,3,4,-99,-99,10,-99,3,-99,-99,-99,-99,-99,-99,-99,-99,-99,-99,-99,-99,-99,-99,-99,-99,3,-99,-99,-99,-99
E12000008,South East,E10000032,West Sussex,E07000226,Crawley,E02006581,Southgate,-99,-99,-99,-99,-99,-99,-99,-99,3,5,4,3,5,12,5,-99,-99,-99,-99,-99,-99,-99,-99,-99,-99,4,-99,-99,-99,-99,-99,-99,-99,-99,3,-99,-99
E12000008,South East,E10000032,West Sussex,E07000226,Crawley,E02006582,Maidenbower East & Worth,-99,-99,-99,-99,-99,-99,-99,-99,-99,-99,-99,-99,-99,-99,-99,-99,-99,-99,-99,-99,-99,-99,-99,-99,-99,-99,-99,-99,-99,3,-99,-99,-99,-99,7,-99,-99
E12000008,South East,E10000032,West Sussex,E07000226,Crawley,E02006583,Maidenbower West & Furnace Green,-99,-99,-99,-99,-99,-99,-99,-99,-99,7,6,9,3,10,4,5,-99,-99,-99,-99,-99,-99,-99,-99,-99,-99,-99,-99,-99,-99,-99,-99,-99,-99,-99,-99,-99
E12000008,South East,E10000032,West Sussex,E07000226,Crawley,E02006584,Bewbush,-99,-99,-99,-99,-99,-99,-99,-99,-99,-99,3,4,4,-99,3,-99,-99,-99,-99,-99,-99,-99,-99,-99,3,-99,-99,-99,-99,-99,-99,-99,-99,-99,4,-99,-99
E12000008,South East,E10000032,West Sussex,E07000226,Crawley,E02006585,Tilgate,-99,-99,-99,-99,-99,-99,-99,-99,-99,4,3,6,-99,3,-99,-99,-99,-99,4,-99,-99,-99,-99,-99,-99,4,-99,-99,4,-99,-99,-99,-99,-99,-99,-99,-99
E12000008,South East,E10000032,West Sussex,E07000226,Crawley,E02006586,Broadfield West,-99,-99,-99,-99,-99,-99,-99,-99,-99,-99,-99,4,4,-99,3,-99,3,-99,-99,3,-99,-99,-99,-99,-99,-99,3,-99,-99,-99,-99,3,-99,-99,4,4,4
E12000008,South East,E10000032,West Sussex,E07000226,Crawley,E02006587,Broadfield East,-99,-99,-99,-99,-99,-99,-99,-99,-99,-99,5,6,3,10,3,4,3,-99,-99,-99,-99,-99,-99,-99,-99,-99,-99,-99,-99,-99,-99,-99,-99,-99,-99,7,7
E12000008,South East,E10000032,West Sussex,E07000227,Horsham,E02006588,"Rusper, Faygate & Leechpool",-99,-99,-99,-99,-99,-99,-99,-99,-99,9,3,-99,6,7,3,-99,-99,-99,-99,3,-99,-99,-99,-99,-99,-99,-99,-99,-99,-99,-99,-99,4,3,-99,-99,-99
E12000008,South East,E10000032,West Sussex,E07000227,Horsham,E02006589,Littlehaven,-99,-99,-99,-99,-99,-99,-99,-99,3,3,8,4,5,6,11,-99,-99,-99,-99,3,-99,-99,-99,-99,-99,-99,-99,-99,-99,-99,-99,-99,7,-99,-99,6,6
E12000008,South East,E10000032,West Sussex,E07000227,Horsham,E02006590,Broadbridge Heath & Warnham,-99,-99,-99,-99,-99,-99,-99,-99,-99,5,-99,4,4,17,5,3,3,-99,3,-99,-99,-99,-99,-99,-99,-99,-99,-99,-99,-99,-99,-99,3,-99,-99,-99,-99
E12000008,South East,E10000032,West Sussex,E07000227,Horsham,E02006591,Horsham East & Roffey,-99,-99,-99,-99,-99,-99,-99,-99,3,3,-99,-99,-99,4,8,6,-99,6,-99,-99,-99,-99,-99,-99,-99,-99,-99,-99,-99,-99,-99,-99,3,-99,-99,17,17
E12000008,South East,E10000032,West Sussex,E07000227,Horsham,E02006592,"Rudgwick, Slinfold & Barns Green",-99,-99,-99,-99,-99,-99,-99,-99,-99,6,-99,9,4,4,-99,-99,3,-99,-99,-99,-99,-99,-99,-99,-99,-99,-99,-99,-99,-99,-99,3,-99,-99,-99,3,3
E12000008,South East,E10000032,West Sussex,E07000227,Horsham,E02006593,Horsham Central,-99,-99,-99,-99,-99,-99,3,-99,5,4,6,5,12,7,9,6,-99,3,6,-99,-99,5,-99,-99,-99,-99,-99,-99,-99,3,-99,-99,-99,-99,-99,-99,-99
E12000008,South East,E10000032,West Sussex,E07000227,Horsham,E02006594,Horsham West,-99,-99,-99,-99,-99,-99,-99,-99,3,3,5,5,3,-99,-99,-99,-99,-99,3,3,-99,-99,-99,-99,-99,-99,-99,-99,-99,-99,-99,-99,-99,-99,-99,3,3
E12000008,South East,E10000032,West Sussex,E07000227,Horsham,E02006595,"Horsham South, Mannings Heath & Nuthurst",-99,-99,-99,-99,-99,-99,-99,-99,3,-99,3,-99,-99,-99,-99,-99,-99,-99,-99,-99,-99,-99,-99,-99,-99,-99,-99,-99,-99,-99,-99,-99,-99,-99,5,6,6
E12000008,South East,E10000032,West Sussex,E07000227,Horsham,E02006596,Southwater,-99,-99,-99,-99,-99,-99,-99,-99,-99,-99,-99,-99,-99,-99,-99,-99,-99,-99,-99,-99,-99,-99,-99,-99,-99,-99,-99,-99,-99,-99,-99,-99,-99,3,-99,6,6
E12000008,South East,E10000032,West Sussex,E07000227,Horsham,E02006597,Billingshurst,-99,-99,-99,-99,-99,-99,-99,-99,-99,3,-99,8,4,-99,4,-99,-99,-99,-99,-99,-99,-99,-99,-99,-99,-99,-99,-99,-99,3,-99,-99,3,-99,-99,5,5
E12000008,South East,E10000032,West Sussex,E07000227,Horsham,E02006598,Cowfold & Partridge Green,-99,-99,-99,-99,-99,-99,-99,-99,-99,-99,-99,3,-99,-99,-99,-99,-99,-99,-99,-99,-99,-99,-99,-99,-99,-99,-99,-99,-99,-99,-99,-99,-99,-99,-99,3,3
E12000008,South East,E10000032,West Sussex,E07000227,Horsham,E02006599,West Chiltington Common,-99,-99,-99,-99,-99,-99,-99,-99,-99,-99,-99,-99,3,3,-99,-99,-99,-99,-99,-99,-99,-99,-99,-99,-99,-99,-99,-99,-99,-99,-99,-99,-99,-99,-99,-99,-99
E12000008,South East,E10000032,West Sussex,E07000227,Horsham,E02006600,"Amberley, Pulborough & Storrington",-99,-99,-99,-99,-99,-99,-99,-99,-99,-99,3,4,-99,3,-99,3,5,4,-99,-99,-99,-99,-99,-99,-99,-99,-99,-99,-99,-99,-99,-99,-99,3,-99,-99,-99
E12000008,South East,E10000032,West Sussex,E07000227,Horsham,E02006601,Henfield & Small Dole,-99,-99,-99,-99,-99,-99,-99,-99,-99,-99,-99,9,19,9,-99,5,-99,3,-99,-99,-99,-99,-99,-99,-99,-99,-99,-99,-99,-99,-99,3,-99,-99,3,3,3
E12000008,South East,E10000032,West Sussex,E07000227,Horsham,E02006602,Ashington & Washington,-99,-99,-99,-99,-99,-99,-99,-99,-99,-99,-99,-99,-99,3,-99,-99,-99,-99,-99,-99,-99,-99,-99,-99,-99,-99,-99,-99,-99,-99,-99,-99,-99,-99,-99,-99,-99
E12000008,South East,E10000032,West Sussex,E07000227,Horsham,E02006603,Steyning & Upper Beeding,-99,-99,-99,-99,-99,-99,-99,-99,-99,-99,-99,-99,-99,-99,3,-99,-99,-99,-99,-99,-99,-99,-99,-99,-99,-99,-99,-99,-99,-99,-99,-99,-99,-99,5,4,4
E12000008,South East,E10000032,West Sussex,E07000228,Mid Sussex,E02006604,East Grinstead Central & North,-99,-99,-99,-99,-99,-99,-99,-99,4,4,6,5,7,6,6,3,-99,14,3,-99,-99,-99,-99,-99,-99,-99,-99,-99,-99,6,3,-99,3,-99,3,3,3
E12000008,South East,E10000032,West Sussex,E07000228,Mid Sussex,E02006605,Copthorne & Turners Hill,-99,-99,-99,-99,-99,-99,-99,-99,-99,-99,4,4,6,-99,23,-99,3,-99,-99,-99,-99,-99,-99,-99,-99,-99,-99,-99,-99,-99,-99,-99,-99,-99,-99,-99,-99
E12000008,South East,E10000032,West Sussex,E07000228,Mid Sussex,E02006606,East Grinstead East,-99,-99,-99,-99,-99,-99,-99,3,-99,5,-99,3,-99,4,-99,-99,4,-99,-99,-99,-99,-99,-99,-99,-99,-99,-99,-99,-99,-99,-99,-99,-99,-99,-99,-99,-99
E12000008,South East,E10000032,West Sussex,E07000228,Mid Sussex,E02006607,East Grinstead West & South,-99,-99,-99,-99,-99,-99,-99,-99,-99,5,9,-99,3,9,-99,-99,-99,-99,-99,-99,-99,-99,-99,-99,-99,-99,-99,-99,-99,-99,-99,-99,-99,-99,-99,3,3
E12000008,South East,E10000032,West Sussex,E07000228,Mid Sussex,E02006608,Crawley Down,-99,-99,-99,-99,-99,-99,-99,-99,3,-99,-99,4,-99,-99,-99,-99,-99,-99,-99,-99,-99,-99,-99,-99,-99,-99,-99,-99,-99,-99,-99,-99,-99,-99,-99,-99,-99
E12000008,South East,E10000032,West Sussex,E07000228,Mid Sussex,E02006609,"Horsted Keynes, Ardingly & Sharpthorne",-99,-99,-99,-99,-99,-99,-99,-99,-99,-99,-99,-99,-99,3,-99,-99,-99,-99,-99,-99,-99,-99,-99,-99,-99,-99,-99,-99,-99,-99,-99,-99,-99,-99,-99,-99,-99
E12000008,South East,E10000032,West Sussex,E07000228,Mid Sussex,E02006610,Balcombe & Handcross,-99,-99,-99,-99,-99,-99,-99,-99,4,7,4,3,4,-99,-99,11,-99,-99,3,-99,-99,-99,-99,-99,-99,-99,-99,-99,-99,3,-99,-99,-99,-99,-99,9,9
E12000008,South East,E10000032,West Sussex,E07000228,Mid Sussex,E02006611,Haywards Heath North East,-99,-99,-99,-99,-99,-99,-99,-99,-99,6,4,6,-99,7,-99,5,-99,3,-99,-99,-99,-99,-99,-99,-99,-99,-99,-99,-99,-99,-99,4,-99,-99,-99,3,3
E12000008,South East,E10000032,West Sussex,E07000228,Mid Sussex,E02006612,Haywards Heath West,-99,-99,-99,-99,-99,-99,-99,-99,4,11,12,15,16,26,6,-99,3,-99,3,-99,-99,-99,-99,-99,-99,-99,-99,-99,-99,-99,4,-99,-99,-99,4,-99,-99
E12000008,South East,E10000032,West Sussex,E07000228,Mid Sussex,E02006613,Haywards Heath East,-99,-99,-99,-99,-99,-99,-99,-99,4,3,3,9,4,6,6,4,-99,-99,-99,-99,-99,-99,-99,-99,-99,-99,-99,-99,-99,-99,-99,-99,-99,-99,-99,-99,-99
E12000008,South East,E10000032,West Sussex,E07000228,Mid Sussex,E02006614,Haywards Heath South & Cuckfield,-99,-99,-99,-99,-99,-99,-99,-99,-99,5,-99,3,3,6,-99,-99,-99,-99,-99,-99,-99,-99,-99,-99,-99,-99,-99,-99,-99,-99,-99,-99,-99,-99,-99,8,8
E12000008,South East,E10000032,West Sussex,E07000228,Mid Sussex,E02006615,Burgess Hill West,-99,-99,-99,-99,-99,-99,-99,-99,-99,-99,-99,-99,6,-99,-99,3,-99,-99,-99,-99,-99,-99,-99,-99,-99,-99,-99,-99,-99,-99,-99,-99,-99,-99,-99,-99,-99
E12000008,South East,E10000032,West Sussex,E07000228,Mid Sussex,E02006616,Burgess Hill East,-99,-99,-99,-99,-99,-99,-99,-99,4,-99,-99,-99,8,7,7,-99,-99,-99,-99,-99,-99,-99,-99,-99,-99,-99,-99,-99,-99,-99,-99,-99,-99,-99,4,5,5
E12000008,South East,E10000032,West Sussex,E07000228,Mid Sussex,E02006617,Burgess Hill Central,-99,-99,-99,-99,-99,-99,-99,-99,-99,-99,3,3,7,3,4,3,-99,-99,-99,-99,-99,-99,-99,-99,-99,-99,-99,-99,-99,-99,-99,-99,3,-99,-99,4,4
E12000008,South East,E10000032,West Sussex,E07000228,Mid Sussex,E02006618,Burgess Hill South,-99,-99,-99,-99,-99,-99,-99,-99,-99,-99,6,3,4,5,-99,-99,-99,-99,-99,-99,-99,-99,-99,-99,-99,-99,-99,-99,-99,-99,-99,-99,-99,-99,-99,-99,-99
E12000008,South East,E10000032,West Sussex,E07000228,Mid Sussex,E02006619,Hurstpierpoint & Bolney,-99,-99,-99,-99,-99,-99,-99,3,4,3,-99,3,-99,-99,4,-99,-99,-99,-99,-99,-99,-99,-99,-99,-99,-99,-99,-99,-99,-99,-99,5,-99,-99,4,-99,-99
E12000008,South East,E10000032,West Sussex,E07000228,Mid Sussex,E02006620,"Hassocks, Keymer & East Hurstpierpoint",-99,-99,-99,-99,-99,-99,-99,-99,-99,-99,5,-99,-99,4,-99,-99,-99,-99,-99,-99,-99,-99,-99,-99,-99,-99,-99,-99,-99,-99,-99,3,-99,-99,-99,4,4
E12000008,South East,E10000032,West Sussex,E07000229,Worthing,E02006621,High Salvington & Findon Valley,-99,-99,-99,-99,-99,-99,-99,-99,3,-99,3,4,3,-99,-99,-99,-99,-99,-99,-99,-99,-99,-99,-99,-99,-99,-99,-99,-99,-99,-99,4,3,-99,-99,-99,-99
E12000008,South East,E10000032,West Sussex,E07000229,Worthing,E02006622,Salvington,-99,-99,-99,-99,-99,-99,-99,-99,-99,-99,3,6,-99,4,-99,-99,-99,-99,-99,-99,-99,-99,-99,-99,-99,-99,-99,-99,-99,-99,-99,-99,-99,-99,-99,3,3
E12000008,South East,E10000032,West Sussex,E07000229,Worthing,E02006623,Durrington North,-99,-99,-99,-99,-99,-99,-99,-99,-99,-99,4,-99,6,-99,-99,-99,-99,-99,-99,-99,-99,-99,-99,-99,-99,-99,-99,-99,-99,-99,-99,5,-99,-99,7,-99,-99
E12000008,South East,E10000032,West Sussex,E07000229,Worthing,E02006624,Broadwater West,-99,-99,-99,-99,-99,-99,-99,-99,-99,-99,-99,-99,5,-99,-99,-99,-99,-99,-99,-99,-99,-99,-99,-99,-99,-99,-99,-99,-99,-99,-99,-99,-99,-99,-99,-99,-99
E12000008,South East,E10000032,West Sussex,E07000229,Worthing,E02006625,Broadwater East,-99,-99,-99,-99,-99,-99,-99,-99,-99,-99,8,-99,7,-99,6,3,-99,-99,-99,-99,-99,-99,-99,-99,-99,-99,-99,-99,-99,-99,-99,6,3,-99,4,-99,-99
E12000008,South East,E10000032,West Sussex,E07000229,Worthing,E02006626,Northbrook,-99,-99,-99,-99,-99,-99,-99,-99,-99,-99,6,3,3,12,4,4,-99,-99,4,-99,-99,-99,-99,-99,-99,-99,-99,-99,-99,-99,-99,-99,-99,-99,-99,-99,-99
E12000008,South East,E10000032,West Sussex,E07000229,Worthing,E02006627,Durrington South,-99,-99,-99,-99,-99,-99,-99,-99,-99,-99,-99,4,4,5,-99,-99,-99,-99,-99,-99,3,-99,-99,-99,-99,-99,-99,-99,-99,-99,-99,-99,-99,-99,4,4,4
E12000008,South East,E10000032,West Sussex,E07000229,Worthing,E02006628,Broadwater South,-99,-99,-99,-99,-99,-99,-99,-99,-99,-99,-99,-99,7,5,4,-99,3,-99,-99,-99,-99,-99,-99,-99,-99,-99,-99,-99,-99,-99,-99,-99,-99,4,3,3,3
E12000008,South East,E10000032,West Sussex,E07000229,Worthing,E02006629,East Worthing,-99,-99,-99,-99,-99,-99,-99,-99,-99,-99,-99,7,8,3,-99,-99,-99,-99,3,-99,-99,-99,-99,-99,-99,-99,-99,-99,-99,-99,-99,-99,-99,4,-99,-99,-99
E12000008,South East,E10000032,West Sussex,E07000229,Worthing,E02006630,Heene,-99,-99,-99,-99,-99,-99,-99,-99,-99,3,7,7,12,9,9,-99,4,3,-99,-99,-99,-99,-99,-99,-99,-99,-99,-99,3,-99,-99,-99,4,6,3,-99,-99
E12000008,South East,E10000032,West Sussex,E07000229,Worthing,E02006631,Worthing Central,-99,-99,-99,-99,-99,-99,-99,-99,-99,-99,3,5,14,11,3,4,3,-99,-99,-99,-99,-99,-99,-99,-99,-99,-99,-99,-99,-99,-99,6,-99,-99,4,-99,-99
E12000008,South East,E10000032,West Sussex,E07000229,Worthing,E02006632,West Worthing,-99,-99,-99,-99,-99,-99,-99,-99,-99,-99,3,-99,4,-99,-99,-99,15,-99,-99,-99,-99,-99,-99,-99,3,-99,-99,-99,-99,-99,-99,-99,3,-99,-99,-99,-99
E12000008,South East,E10000032,West Sussex,E07000229,Worthing,E02006633,Goring-by-Sea,-99,-99,-99,-99,-99,-99,-99,-99,-99,-99,8,-99,-99,-99,-99,-99,7,-99,-99,-99,-99,-99,-99,-99,-99,-99,-99,-99,-99,-99,-99,3,-99,4,-99,-99,-99
E12000009,South West,E06000054,Wiltshire,E06000054,Wiltshire,E02006634,"Ramsbury, Ogbournes & Avebury",-99,-99,-99,-99,-99,-99,-99,-99,4,-99,-99,-99,5,4,-99,-99,-99,-99,-99,-99,-99,-99,-99,-99,-99,-99,-99,-99,-99,-99,-99,-99,-99,-99,4,-99,-99
E12000009,South West,E06000054,Wiltshire,E06000054,Wiltshire,E02006635,Marlborough,-99,-99,-99,-99,-99,-99,-99,-99,-99,-99,-99,-99,9,13,4,8,-99,-99,-99,-99,-99,-99,-99,-99,-99,-99,-99,-99,3,-99,-99,4,-99,3,4,4,4
E12000009,South West,E06000054,Wiltshire,E06000054,Wiltshire,E02006636,Pewsey & Lockeridge,-99,-99,-99,-99,-99,-99,-99,-99,-99,-99,-99,-99,-99,3,-99,-99,-99,-99,-99,-99,-99,-99,-99,-99,-99,-99,-99,-99,-99,-99,-99,-99,-99,-99,-99,3,3
E12000009,South West,E06000054,Wiltshire,E06000054,Wiltshire,E02006637,Devizes East,-99,-99,-99,-99,-99,-99,-99,-99,-99,-99,-99,-99,-99,4,8,5,3,-99,-99,-99,-99,-99,-99,-99,-99,-99,-99,-99,6,-99,-99,3,9,3,-99,-99,-99
E12000009,South West,E06000054,Wiltshire,E06000054,Wiltshire,E02006638,Devizes West,-99,-99,-99,-99,-99,-99,-99,-99,-99,-99,-99,-99,-99,-99,-99,3,-99,-99,-99,-99,-99,-99,-99,-99,-99,-99,-99,-99,-99,-99,-99,-99,-99,4,-99,-99,-99
E12000009,South West,E06000054,Wiltshire,E06000054,Wiltshire,E02006639,Potterne & Rowde,-99,-99,-99,-99,-99,-99,-99,-99,-99,-99,-99,-99,4,4,-99,-99,-99,-99,-99,-99,-99,-99,-99,-99,-99,-99,-99,-99,-99,-99,-99,-99,-99,-99,-99,4,4
E12000009,South West,E06000054,Wiltshire,E06000054,Wiltshire,E02006640,"Bedwyn, Burbage & Collingbourne",-99,-99,-99,-99,-99,-99,-99,-99,-99,-99,-99,-99,-99,-99,-99,-99,-99,-99,-99,-99,-99,-99,-99,-99,-99,-99,-99,-99,-99,-99,-99,4,-99,-99,-99,5,5
E12000009,South West,E06000054,Wiltshire,E06000054,Wiltshire,E02006641,Market Lavington & Bishops Cannings,-99,-99,-99,-99,-99,-99,-99,-99,-99,-99,3,4,3,4,-99,21,-99,-99,-99,-99,-99,-99,-99,-99,-99,-99,-99,-99,-99,-99,-99,3,-99,-99,-99,-99,-99
E12000009,South West,E06000054,Wiltshire,E06000054,Wiltshire,E02006642,Netheravon & Upavon,-99,-99,-99,-99,-99,-99,-99,-99,-99,-99,-99,-99,-99,-99,4,-99,-99,-99,-99,-99,-99,-99,-99,-99,-99,-99,-99,-99,-99,-99,-99,-99,-99,-99,-99,-99,-99
E12000009,South West,E06000054,Wiltshire,E06000054,Wiltshire,E02006643,Tidworth & Ludgershall,-99,-99,-99,-99,-99,-99,-99,-99,-99,3,3,-99,12,3,-99,6,6,-99,-99,-99,-99,-99,-99,-99,-99,-99,-99,-99,-99,3,3,4,3,-99,3,7,7
E12000009,South West,E06000054,Wiltshire,E06000054,Wiltshire,E02006644,Cricklade & Ashton Keynes,-99,-99,-99,-99,-99,-99,-99,-99,-99,-99,-99,4,-99,-99,-99,-99,-99,-99,-99,-99,-99,-99,-99,-99,-99,-99,-99,-99,-99,-99,3,-99,-99,-99,-99,-99,-99
E12000009,South West,E06000054,Wiltshire,E06000054,Wiltshire,E02006645,"Malmesbury, Crudwell & Oaksey",-99,-99,-99,-99,-99,-99,-99,-99,-99,4,4,-99,-99,-99,-99,3,-99,-99,-99,-99,-99,-99,-99,-99,-99,-99,-99,-99,-99,-99,-99,-99,-99,-99,-99,-99,-99
E12000009,South West,E06000054,Wiltshire,E06000054,Wiltshire,E02006646,Lydiard Millicent & Purton,-99,-99,-99,-99,-99,-99,-99,-99,-99,4,3,3,-99,-99,5,-99,-99,-99,-99,-99,-99,-99,-99,-99,-99,-99,-99,-99,-99,-99,-99,-99,-99,4,-99,-99,-99
E12000009,South West,E06000054,Wiltshire,E06000054,Wiltshire,E02006647,"Somerford, Dauntsey & Minety",-99,-99,-99,-99,-99,-99,-99,-99,-99,-99,-99,-99,-99,6,-99,-99,-99,-99,-99,-99,-99,-99,-99,-99,-99,-99,-99,-99,-99,-99,-99,-99,-99,-99,-99,-99,-99
E12000009,South West,E06000054,Wiltshire,E06000054,Wiltshire,E02006648,Sherston & Hullavington,-99,-99,-99,-99,-99,-99,-99,-99,-99,3,-99,-99,-99,-99,12,7,-99,-99,-99,-99,-99,-99,-99,-99,-99,-99,-99,-99,-99,-99,-99,-99,-99,-99,-99,3,3
E12000009,South West,E06000054,Wiltshire,E06000054,Wiltshire,E02006649,Royal Wootton Bassett Town,-99,-99,-99,-99,-99,-99,-99,-99,-99,-99,-99,11,4,-99,4,-99,15,-99,-99,-99,-99,-99,-99,-99,-99,-99,-99,-99,-99,-99,-99,-99,-99,-99,-99,-99,-99
E12000009,South West,E06000054,Wiltshire,E06000054,Wiltshire,E02006650,Royal Wootton Bassett Outer & Lyneham,-99,-99,-99,-99,-99,-99,-99,-99,-99,-99,7,-99,5,-99,-99,-99,-99,-99,-99,-99,-99,-99,-99,-99,3,-99,-99,-99,5,3,-99,-99,-99,-99,-99,4,4
E12000009,South West,E06000054,Wiltshire,E06000054,Wiltshire,E02006651,"Sutton Benger, Kington & Biddestone",-99,-99,-99,-99,-99,-99,-99,-99,-99,-99,-99,-99,-99,-99,-99,-99,-99,-99,-99,-99,-99,-99,-99,-99,-99,-99,-99,-99,-99,-99,-99,-99,-99,-99,-99,3,3
E12000009,South West,E06000054,Wiltshire,E06000054,Wiltshire,E02006652,Chippenham North,-99,-99,-99,-99,-99,-99,-99,-99,-99,-99,-99,-99,4,-99,-99,-99,-99,-99,-99,-99,-99,-99,-99,-99,-99,-99,-99,-99,-99,-99,-99,-99,-99,-99,4,-99,-99
E12000009,South West,E06000054,Wiltshire,E06000054,Wiltshire,E02006653,Chippenham West,-99,-99,-99,-99,-99,-99,-99,-99,-99,-99,-99,3,-99,-99,4,-99,-99,-99,-99,-99,-99,-99,-99,-99,-99,-99,-99,-99,-99,-99,-99,-99,-99,-99,-99,6,6
E12000009,South West,E06000054,Wiltshire,E06000054,Wiltshire,E02006654,Chippenham South & East,-99,-99,-99,-99,-99,-99,-99,-99,-99,-99,-99,4,-99,-99,3,-99,-99,-99,-99,-99,-99,-99,-99,-99,-99,-99,-99,-99,-99,-99,-99,-99,-99,-99,-99,5,5
E12000009,South West,E06000054,Wiltshire,E06000054,Wiltshire,E02006655,Derry Hill & Hilmarton,-99,-99,-99,-99,-99,-99,-99,-99,-99,6,-99,4,4,13,12,5,3,-99,-99,-99,-99,-99,-99,-99,-99,-99,-99,-99,-99,-99,-99,-99,-99,-99,-99,3,3
E12000009,South West,E06000054,Wiltshire,E06000054,Wiltshire,E02006656,Chippenham Pewsham,-99,-99,-99,-99,-99,-99,-99,-99,-99,-99,-99,-99,-99,-99,-99,-99,-99,-99,-99,-99,-99,-99,-99,-99,-99,-99,-99,-99,-99,-99,-99,-99,-99,-99,-99,5,5
E12000009,South West,E06000054,Wiltshire,E06000054,Wiltshire,E02006657,Calne North,-99,-99,-99,-99,-99,-99,-99,4,-99,-99,-99,4,4,3,-99,3,3,-99,-99,-99,-99,-99,-99,-99,-99,-99,-99,-99,-99,-99,-99,-99,3,-99,-99,-99,-99
E12000009,South West,E06000054,Wiltshire,E06000054,Wiltshire,E02006658,Calne South,-99,-99,-99,-99,-99,-99,-99,-99,3,-99,-99,-99,-99,3,6,3,-99,-99,-99,-99,-99,-99,-99,-99,-99,-99,-99,-99,-99,-99,-99,-99,-99,-99,-99,-99,-99
E12000009,South West,E06000054,Wiltshire,E06000054,Wiltshire,E02006659,"Box, Colerne & Rudloe",-99,-99,-99,-99,-99,-99,-99,-99,-99,-99,-99,-99,-99,3,-99,-99,-99,-99,-99,-99,-99,-99,-99,-99,-99,-99,-99,-99,-99,-99,-99,-99,-99,-99,-99,5,5
E12000009,South West,E06000054,Wiltshire,E06000054,Wiltshire,E02006660,"Corsham, Bowerhill & Lacock",-99,-99,-99,-99,-99,-99,-99,-99,-99,-99,4,-99,3,3,-99,-99,-99,-99,-99,-99,-99,-99,-99,-99,-99,-99,-99,-99,-99,-99,-99,3,-99,-99,3,6,6
E12000009,South West,E06000054,Wiltshire,E06000054,Wiltshire,E02006661,"Larkhill, Shrewton & Bulford Camp",-99,-99,-99,-99,-99,-99,-99,-99,-99,-99,-99,-99,-99,-99,-99,-99,-99,-99,-99,-99,-99,-99,-99,-99,-99,-99,-99,-99,-99,3,-99,4,3,5,3,5,5
E12000009,South West,E06000054,Wiltshire,E06000054,Wiltshire,E02006662,Durrington & Bulford,-99,-99,-99,-99,-99,-99,-99,-99,-99,-99,-99,-99,3,-99,-99,4,-99,-99,-99,-99,-99,-99,-99,-99,-99,-99,-99,-99,-99,-99,-99,10,-99,-99,-99,-99,-99
E12000009,South West,E06000054,Wiltshire,E06000054,Wiltshire,E02006663,Amesbury,-99,-99,-99,-99,-99,-99,-99,-99,3,-99,-99,-99,8,-99,-99,3,-99,-99,-99,-99,-99,-99,-99,-99,-99,-99,-99,-99,-99,-99,-99,8,3,3,-99,3,3
E12000009,South West,E06000054,Wiltshire,E06000054,Wiltshire,E02006664,"Great Wishford, Woodford Valley & Porton",-99,-99,-99,-99,-99,-99,-99,-99,-99,-99,-99,-99,-99,6,-99,-99,-99,-99,3,-99,-99,-99,-99,-99,-99,-99,-99,-99,-99,-99,-99,-99,-99,-99,-99,-99,-99
E12000009,South West,E06000054,Wiltshire,E06000054,Wiltshire,E02006665,Mere & East Knoyle,-99,-99,-99,-99,-99,-99,-99,-99,-99,-99,-99,-99,4,-99,-99,-99,-99,-99,-99,-99,-99,-99,-99,-99,-99,-99,-99,-99,-99,-99,-99,-99,-99,-99,-99,3,3
E12000009,South West,E06000054,Wiltshire,E06000054,Wiltshire,E02006666,Salisbury Bishopsdown,-99,-99,-99,-99,-99,-99,-99,-99,-99,-99,-99,-99,3,-99,-99,9,-99,-99,-99,-99,-99,-99,-99,-99,-99,-99,-99,-99,-99,-99,-99,-99,-99,-99,-99,-99,-99
E12000009,South West,E06000054,Wiltshire,E06000054,Wiltshire,E02006667,Salisbury Bemerton,-99,-99,-99,-99,-99,-99,-99,-99,-99,-99,-99,-99,6,5,-99,-99,-99,-99,-99,-99,-99,-99,-99,-99,-99,-99,-99,-99,-99,-99,-99,-99,-99,-99,-99,-99,-99
E12000009,South West,E06000054,Wiltshire,E06000054,Wiltshire,E02006668,Salisbury Stratford,-99,-99,-99,-99,-99,-99,-99,-99,-99,-99,-99,-99,-99,-99,-99,-99,-99,-99,-99,-99,-99,-99,-99,-99,-99,-99,-99,-99,-99,-99,-99,-99,-99,-99,3,-99,-99
E12000009,South West,E06000054,Wiltshire,E06000054,Wiltshire,E02006669,"Wilton, Nadder & Ebble",-99,-99,-99,-99,-99,-99,-99,-99,-99,-99,-99,-99,3,-99,-99,-99,-99,3,-99,-99,-99,-99,-99,-99,-99,-99,-99,-99,-99,-99,-99,-99,-99,-99,-99,3,3
E12000009,South West,E06000054,Wiltshire,E06000054,Wiltshire,E02006670,Salisbury Churchfields,-99,-99,-99,-99,-99,-99,-99,-99,-99,-99,-99,-99,10,4,14,-99,-99,-99,-99,-99,-99,-99,-99,-99,-99,-99,-99,-99,-99,-99,-99,-99,-99,-99,3,3,3
E12000009,South West,E06000054,Wiltshire,E06000054,Wiltshire,E02006671,Salisbury Town North & Milford,-99,-99,-99,-99,-99,-99,-99,-99,3,3,-99,-99,7,7,-99,4,3,-99,-99,-99,-99,-99,-99,-99,-99,-99,-99,-99,-99,-99,-99,-99,-99,-99,-99,-99,-99
E12000009,South West,E06000054,Wiltshire,E06000054,Wiltshire,E02006672,"Laverstock, Bodenham & Coombe Bissett",-99,-99,-99,-99,-99,-99,-99,-99,-99,-99,4,6,11,13,10,17,-99,-99,-99,-99,-99,-99,-99,-99,-99,-99,-99,-99,-99,-99,-99,-99,-99,-99,-99,-99,-99
E12000009,South West,E06000054,Wiltshire,E06000054,Wiltshire,E02006673,Salisbury Cathedral & Harnham,-99,-99,-99,-99,-99,-99,-99,-99,-99,-99,-99,5,4,6,5,4,-99,-99,-99,-99,-99,-99,-99,-99,-99,-99,-99,-99,-99,-99,-99,-99,-99,-99,-99,-99,-99
E12000009,South West,E06000054,Wiltshire,E06000054,Wiltshire,E02006674,Salisbury East Harnham,-99,-99,-99,-99,-99,-99,-99,-99,-99,3,-99,3,7,10,3,-99,-99,-99,-99,-99,-99,-99,-99,-99,-99,-99,-99,-99,-99,-99,-99,-99,-99,-99,-99,-99,-99
E12000009,South West,E06000054,Wiltshire,E06000054,Wiltshire,E02006675,"Whaddon, Whiteparish & Winterslow",-99,-99,-99,-99,-99,-99,-99,-99,-99,-99,-99,-99,-99,-99,-99,-99,-99,-99,-99,-99,-99,-99,-99,-99,-99,-99,-99,-99,-99,-99,-99,-99,-99,-99,-99,-99,-99
E12000009,South West,E06000054,Wiltshire,E06000054,Wiltshire,E02006676,"Tisbury, Donhead & Tollard Royal",-99,-99,-99,-99,-99,-99,-99,-99,-99,-99,-99,-99,-99,-99,-99,-99,-99,-99,-99,-99,-99,-99,-99,-99,-99,-99,-99,-99,-99,-99,-99,3,-99,-99,-99,3,3
E12000009,South West,E06000054,Wiltshire,E06000054,Wiltshire,E02006677,Downton & Morgan's Vale,-99,-99,-99,-99,-99,-99,-99,-99,-99,3,7,-99,-99,9,6,3,-99,-99,-99,-99,-99,-99,-99,-99,3,-99,-99,-99,-99,-99,-99,4,-99,-99,-99,-99,-99
E12000009,South West,E06000054,Wiltshire,E06000054,Wiltshire,E02006678,Melksham North,-99,-99,-99,-99,-99,-99,-99,-99,-99,-99,-99,-99,-99,-99,-99,-99,7,-99,-99,-99,-99,-99,-99,-99,-99,-99,3,-99,-99,-99,-99,-99,-99,-99,-99,-99,-99
E12000009,South West,E06000054,Wiltshire,E06000054,Wiltshire,E02006679,"Bowerhill, Atworth & Whitley",-99,-99,-99,-99,-99,-99,-99,-99,-99,-99,-99,-99,-99,4,-99,-99,-99,-99,-99,-99,-99,-99,-99,-99,-99,-99,3,-99,-99,-99,-99,3,-99,-99,-99,-99,-99
E12000009,South West,E06000054,Wiltshire,E06000054,Wiltshire,E02006680,Melksham South,-99,-99,-99,-99,-99,-99,-99,-99,-99,-99,-99,-99,-99,-99,-99,-99,-99,-99,-99,-99,-99,-99,-99,-99,-99,-99,-99,-99,-99,-99,-99,-99,-99,-99,-99,4,4
E12000009,South West,E06000054,Wiltshire,E06000054,Wiltshire,E02006681,"Winsley, Westwood & Holt",-99,-99,-99,-99,-99,-99,-99,-99,-99,-99,-99,-99,-99,-99,-99,-99,-99,-99,-99,-99,-99,-99,-99,-99,-99,-99,-99,-99,-99,-99,-99,-99,-99,-99,-99,4,4
E12000009,South West,E06000054,Wiltshire,E06000054,Wiltshire,E02006682,Bradford-on-Avon,-99,-99,-99,-99,-99,-99,-99,-99,-99,-99,-99,-99,-99,3,-99,-99,-99,-99,-99,-99,-99,-99,-99,-99,-99,-99,-99,-99,-99,-99,-99,-99,-99,-99,-99,7,7
E12000009,South West,E06000054,Wiltshire,E06000054,Wiltshire,E02006683,"Staverton, Hilperton & Semington",-99,-99,-99,-99,-99,-99,-99,-99,-99,-99,-99,-99,-99,-99,-99,-99,-99,-99,-99,-99,-99,-99,-99,-99,-99,-99,-99,-99,-99,-99,-99,4,-99,-99,-99,4,4
E12000009,South West,E06000054,Wiltshire,E06000054,Wiltshire,E02006684,Trowbridge North,-99,-99,-99,-99,-99,-99,-99,-99,-99,-99,-99,-99,-99,-99,-99,17,-99,13,18,-99,-99,-99,3,-99,-99,-99,-99,-99,-99,-99,-99,-99,-99,-99,4,3,3
E12000009,South West,E06000054,Wiltshire,E06000054,Wiltshire,E02006685,Trowbridge East,-99,-99,-99,-99,-99,-99,-99,-99,-99,-99,-99,-99,3,-99,-99,-99,-99,-99,-99,-99,-99,-99,-99,-99,-99,-99,-99,-99,-99,-99,-99,-99,-99,-99,-99,-99,-99
E12000009,South West,E06000054,Wiltshire,E06000054,Wiltshire,E02006686,Trowbridge West,-99,-99,-99,-99,-99,-99,-99,-99,-99,-99,-99,-99,-99,-99,-99,-99,-99,3,3,-99,-99,-99,-99,-99,-99,-99,-99,-99,-99,-99,-99,-99,-99,-99,-99,-99,-99
E12000009,South West,E06000054,Wiltshire,E06000054,Wiltshire,E02006687,Trowbridge South East,-99,-99,-99,-99,-99,-99,-99,-99,-99,-99,3,-99,-99,-99,-99,3,-99,3,-99,-99,-99,-99,-99,-99,-99,-99,-99,-99,-99,-99,-99,-99,-99,-99,-99,-99,-99
E12000009,South West,E06000054,Wiltshire,E06000054,Wiltshire,E02006688,Trowbridge South,-99,-99,-99,-99,-99,-99,-99,-99,-99,-99,-99,-99,-99,-99,-99,-99,-99,5,-99,-99,-99,-99,-99,-99,-99,-99,-99,-99,-99,-99,-99,-99,-99,-99,-99,-99,-99
E12000009,South West,E06000054,Wiltshire,E06000054,Wiltshire,E02006689,"Steeple Ashton, North Bradley & Southwick",-99,-99,-99,-99,-99,-99,-99,-99,-99,-99,-99,-99,-99,-99,3,-99,-99,-99,-99,-99,-99,-99,-99,-99,-99,-99,-99,-99,-99,-99,-99,-99,-99,-99,-99,-99,-99
E12000009,South West,E06000054,Wiltshire,E06000054,Wiltshire,E02006690,Dilton Marsh & Bratton,-99,-99,-99,-99,-99,-99,-99,-99,-99,3,-99,-99,-99,-99,-99,-99,-99,-99,-99,-99,-99,-99,-99,-99,-99,-99,-99,-99,-99,-99,-99,-99,-99,-99,-99,-99,-99
E12000009,South West,E06000054,Wiltshire,E06000054,Wiltshire,E02006691,Westbury,-99,-99,-99,-99,-99,-99,-99,-99,-99,-99,3,3,-99,-99,-99,3,-99,-99,3,-99,-99,-99,-99,-99,-99,-99,-99,-99,-99,-99,-99,3,-99,3,4,-99,-99
E12000009,South West,E06000054,Wiltshire,E06000054,Wiltshire,E02006692,Warminster East,-99,-99,-99,-99,-99,-99,-99,-99,-99,-99,-99,-99,-99,-99,5,-99,3,-99,-99,-99,-99,-99,-99,-99,-99,-99,-99,-99,-99,-99,-99,-99,-99,-99,-99,-99,-99
E12000009,South West,E06000054,Wiltshire,E06000054,Wiltshire,E02006693,Warminster West & North,-99,-99,-99,-99,-99,-99,-99,-99,-99,3,-99,-99,-99,3,3,4,-99,5,-99,-99,-99,-99,-99,-99,-99,-99,-99,-99,-99,-99,-99,-99,-99,3,-99,-99,-99
E12000009,South West,E06000054,Wiltshire,E06000054,Wiltshire,E02006694,Warminster Central,-99,-99,-99,-99,-99,-99,-99,-99,-99,3,-99,-99,-99,6,8,11,-99,-99,-99,-99,-99,-99,-99,-99,-99,-99,-99,-99,-99,-99,-99,-99,-99,3,-99,3,3
E12000009,South West,E06000054,Wiltshire,E06000054,Wiltshire,E02006695,Wylye Valley,-99,-99,-99,-99,-99,-99,-99,-99,-99,-99,-99,-99,-99,-99,-99,-99,-99,-99,-99,-99,-99,-99,-99,-99,-99,-99,-99,-99,-99,-99,-99,-99,-99,-99,-99,3,3
E12000005,West Midlands,E10000034,Worcestershire,E07000234,Bromsgrove,E02006696,Hagley,-99,-99,-99,-99,-99,-99,-99,-99,3,3,-99,-99,-99,-99,-99,-99,-99,-99,-99,-99,-99,-99,-99,-99,-99,-99,-99,-99,-99,-99,-99,-99,-99,-99,-99,10,10
E12000005,West Midlands,E10000034,Worcestershire,E07000234,Bromsgrove,E02006697,"Dodford, Belbroughton & Romsley",-99,-99,-99,-99,-99,-99,-99,-99,-99,-99,3,5,-99,5,4,4,17,-99,-99,-99,-99,-99,-99,-99,-99,-99,-99,-99,-99,-99,-99,4,-99,-99,3,8,8
E12000005,West Midlands,E10000034,Worcestershire,E07000234,Bromsgrove,E02006698,Rubery West,-99,-99,-99,-99,-99,-99,-99,-99,3,10,-99,4,-99,-99,-99,-99,-99,-99,-99,-99,-99,-99,-99,-99,-99,-99,-99,-99,-99,-99,-99,-99,4,-99,-99,-99,-99
E12000005,West Midlands,E10000034,Worcestershire,E07000234,Bromsgrove,E02006699,Hollywood & Drakes Cross,-99,-99,-99,-99,-99,-99,-99,-99,5,8,3,-99,-99,-99,-99,-99,-99,-99,-99,-99,-99,-99,-99,-99,-99,-99,3,-99,-99,3,-99,3,5,3,4,9,9
E12000005,West Midlands,E10000034,Worcestershire,E07000234,Bromsgrove,E02006700,Wythall & Gay Hill,-99,-99,-99,-99,-99,-99,-99,-99,-99,3,5,4,3,6,8,6,10,-99,-99,-99,-99,-99,-99,-99,-99,-99,-99,-99,3,-99,-99,3,-99,-99,5,3,3
E12000005,West Midlands,E10000034,Worcestershire,E07000234,Bromsgrove,E02006701,Barnt Green & Lickey Hills,-99,-99,-99,-99,-99,-99,-99,-99,-99,-99,-99,3,-99,-99,5,-99,-99,-99,-99,-99,-99,-99,-99,-99,3,-99,-99,-99,-99,-99,-99,-99,-99,-99,6,11,11
E12000005,West Midlands,E10000034,Worcestershire,E07000234,Bromsgrove,E02006702,Catshill,-99,-99,-99,-99,-99,-99,-99,-99,4,-99,-99,-99,-99,7,15,-99,7,3,-99,-99,3,-99,-99,-99,-99,-99,-99,-99,-99,-99,-99,-99,4,-99,-99,-99,-99
E12000005,West Midlands,E10000034,Worcestershire,E07000234,Bromsgrove,E02006703,Marlbrook & Lickey End,-99,-99,-99,-99,-99,-99,-99,3,4,3,4,4,4,4,-99,-99,-99,-99,-99,-99,-99,-99,-99,-99,-99,-99,-99,-99,-99,-99,-99,3,-99,-99,6,8,8
E12000005,West Midlands,E10000034,Worcestershire,E07000234,Bromsgrove,E02006704,"Alvechurch, Hopwood & Holt End",-99,-99,-99,-99,-99,-99,-99,3,-99,-99,-99,6,3,3,-99,-99,-99,-99,-99,-99,-99,-99,-99,-99,-99,-99,-99,-99,-99,-99,-99,-99,-99,3,8,-99,-99
E12000005,West Midlands,E10000034,Worcestershire,E07000234,Bromsgrove,E02006705,Bromsgrove Sidemoor,-99,-99,-99,-99,-99,-99,-99,-99,-99,-99,6,5,7,-99,3,3,3,-99,-99,-99,-99,-99,-99,-99,-99,-99,-99,-99,-99,-99,-99,-99,3,6,3,11,11
E12000005,West Midlands,E10000034,Worcestershire,E07000234,Bromsgrove,E02006706,Bromsgrove Central & Sanders Park,-99,-99,-99,-99,-99,-99,-99,-99,3,10,8,11,7,4,5,9,8,-99,-99,5,3,-99,-99,-99,-99,-99,-99,-99,-99,-99,-99,-99,3,-99,-99,13,13
E12000005,West Midlands,E10000034,Worcestershire,E07000234,Bromsgrove,E02006707,Bromsgrove Stoney Hill,-99,-99,-99,-99,-99,-99,-99,-99,-99,-99,3,8,-99,4,-99,-99,-99,3,-99,-99,-99,-99,-99,-99,-99,-99,-99,-99,-99,-99,-99,3,-99,3,-99,7,7
E12000005,West Midlands,E10000034,Worcestershire,E07000234,Bromsgrove,E02006708,Bromsgrove Charford,-99,-99,-99,-99,-99,-99,-99,-99,-99,-99,6,9,-99,3,-99,5,4,-99,4,-99,-99,-99,-99,-99,-99,-99,-99,-99,-99,-99,-99,4,-99,-99,-99,6,6
E12000005,West Midlands,E10000034,Worcestershire,E07000234,Bromsgrove,E02006709,"Stoke Heath, Finstall & Bentley",-99,-99,-99,-99,-99,-99,-99,-99,-99,5,4,8,9,4,4,-99,3,-99,-99,-99,3,-99,-99,-99,-99,-99,-99,-99,-99,-99,-99,3,-99,-99,-99,13,13
E12000005,West Midlands,E10000034,Worcestershire,E07000235,Malvern Hills,E02006710,"Tenbury Wells, Mamble & Clifton",-99,-99,-99,-99,-99,-99,-99,-99,-99,3,-99,-99,-99,-99,-99,-99,-99,-99,-99,-99,-99,-99,-99,-99,-99,-99,-99,-99,-99,-99,-99,-99,-99,-99,-99,3,3
E12000005,West Midlands,E10000034,Worcestershire,E07000235,Malvern Hills,E02006711,"Abberley, Holt Heath & Hallow",-99,-99,-99,-99,-99,-99,-99,-99,-99,4,7,-99,-99,3,-99,-99,-99,-99,-99,-99,-99,-99,-99,-99,-99,-99,-99,-99,-99,-99,-99,-99,-99,-99,3,7,7
E12000005,West Midlands,E10000034,Worcestershire,E07000235,Malvern Hills,E02006712,"Broadheath, Sinton & Alfrick",-99,-99,-99,-99,-99,-99,-99,-99,-99,5,-99,6,-99,-99,-99,5,4,-99,-99,-99,-99,4,-99,-99,-99,-99,-99,-99,-99,-99,-99,-99,4,-99,-99,4,4
E12000005,West Midlands,E10000034,Worcestershire,E07000235,Malvern Hills,E02006713,Malvern Link,-99,-99,-99,-99,-99,-99,-99,-99,-99,-99,6,5,-99,4,-99,3,-99,-99,-99,-99,-99,-99,-99,-99,-99,-99,-99,-99,-99,-99,-99,3,3,-99,-99,3,3
E12000005,West Midlands,E10000034,Worcestershire,E07000235,Malvern Hills,E02006714,"Colletts Green, Callow End & Hanley",-99,-99,-99,-99,-99,-99,-99,-99,3,-99,-99,4,-99,-99,-99,-99,-99,-99,-99,-99,-99,-99,-99,-99,-99,-99,-99,-99,-99,-99,-99,-99,-99,-99,3,4,4
E12000005,West Midlands,E10000034,Worcestershire,E07000235,Malvern Hills,E02006715,North Malvern,-99,-99,-99,-99,-99,-99,-99,-99,-99,-99,-99,3,-99,-99,-99,5,-99,-99,-99,-99,-99,-99,-99,-99,-99,-99,-99,-99,-99,-99,-99,10,-99,4,-99,4,4
E12000005,West Midlands,E10000034,Worcestershire,E07000235,Malvern Hills,E02006716,Malvern Pickersleigh,-99,-99,-99,-99,-99,-99,-99,-99,-99,-99,4,5,4,-99,-99,-99,-99,-99,-99,-99,-99,-99,-99,-99,-99,-99,-99,-99,-99,-99,-99,-99,-99,-99,3,4,4
E12000005,West Midlands,E10000034,Worcestershire,E07000235,Malvern Hills,E02006717,Kempsey & Ryall,-99,-99,-99,-99,-99,-99,-99,-99,-99,-99,-99,6,4,-99,-99,-99,-99,-99,-99,-99,-99,-99,-99,-99,-99,-99,-99,-99,-99,-99,-99,3,-99,-99,4,5,5
E12000005,West Midlands,E10000034,Worcestershire,E07000235,Malvern Hills,E02006718,Barnard's Green,-99,-99,-99,-99,-99,-99,-99,-99,-99,3,-99,-99,8,3,-99,4,-99,-99,-99,-99,-99,-99,-99,-99,-99,-99,-99,-99,-99,-99,-99,-99,4,-99,7,-99,-99
E12000005,West Midlands,E10000034,Worcestershire,E07000235,Malvern Hills,E02006719,Malvern Wells & Priory,-99,-99,-99,-99,-99,-99,-99,-99,-99,4,3,3,4,-99,-99,-99,-99,-99,-99,-99,-99,-99,-99,-99,-99,-99,-99,-99,-99,-99,-99,-99,3,-99,-99,7,7
E12000005,West Midlands,E10000034,Worcestershire,E07000235,Malvern Hills,E02006720,"Upton-upon-Severn, Welland & Eldersfield",-99,-99,-99,-99,-99,-99,-99,-99,3,4,-99,-99,3,-99,-99,-99,-99,6,-99,-99,-99,-99,-99,-99,-99,-99,-99,-99,-99,-99,-99,3,-99,-99,-99,4,4
E12000005,West Midlands,E10000034,Worcestershire,E07000236,Redditch,E02006721,Riverside & Church Hill North,-99,-99,-99,-99,-99,-99,-99,-99,-99,-99,3,-99,4,3,-99,-99,-99,-99,-99,4,-99,-99,-99,-99,-99,-99,-99,-99,-99,3,-99,-99,-99,-99,-99,6,6
E12000005,West Midlands,E10000034,Worcestershire,E07000236,Redditch,E02006722,Church Hill South,-99,-99,-99,-99,-99,-99,-99,-99,-99,3,-99,4,10,-99,-99,-99,-99,-99,-99,-99,-99,-99,-99,-99,-99,-99,-99,-99,-99,-99,-99,-99,-99,-99,-99,-99,-99
E12000005,West Midlands,E10000034,Worcestershire,E07000236,Redditch,E02006723,Batchley & Brockhill,-99,-99,-99,-99,-99,-99,-99,-99,-99,5,5,11,7,3,5,3,5,3,-99,-99,-99,-99,-99,-99,-99,-99,-99,-99,-99,4,-99,-99,-99,4,3,-99,-99
E12000005,West Midlands,E10000034,Worcestershire,E07000236,Redditch,E02006724,Redditch Town & Abbeydale,-99,-99,-99,-99,-99,-99,-99,-99,5,3,7,7,6,3,-99,-99,3,-99,-99,-99,-99,-99,-99,-99,-99,-99,-99,-99,-99,4,-99,-99,-99,-99,5,4,4
E12000005,West Midlands,E10000034,Worcestershire,E07000236,Redditch,E02006725,Winyates Green,-99,-99,-99,-99,-99,-99,-99,-99,-99,3,3,-99,3,3,-99,-99,-99,-99,-99,-99,-99,-99,-99,-99,-99,-99,-99,-99,-99,-99,-99,-99,-99,-99,4,3,3
E12000005,West Midlands,E10000034,Worcestershire,E07000236,Redditch,E02006726,Southcrest,-99,-99,-99,-99,-99,-99,-99,-99,-99,-99,3,5,-99,3,-99,-99,-99,5,-99,-99,-99,-99,-99,-99,-99,-99,-99,-99,-99,7,3,-99,-99,-99,4,3,3
E12000005,West Midlands,E10000034,Worcestershire,E07000236,Redditch,E02006727,Arrow Valley & Ipsley,-99,-99,-99,-99,-99,-99,-99,-99,-99,-99,6,10,-99,4,-99,-99,4,-99,-99,-99,-99,-99,-99,-99,-99,-99,-99,-99,-99,-99,-99,-99,-99,-99,3,5,5
E12000005,West Midlands,E10000034,Worcestershire,E07000236,Redditch,E02006728,Webheath,-99,-99,-99,-99,-99,-99,-99,-99,-99,-99,5,6,7,3,-99,-99,-99,-99,-99,-99,-99,-99,-99,-99,-99,-99,-99,-99,-99,-99,-99,-99,-99,-99,7,4,4
E12000005,West Midlands,E10000034,Worcestershire,E07000236,Redditch,E02006729,Matchborough & Park Farm,-99,-99,-99,-99,-99,-99,-99,-99,3,-99,-99,4,6,4,-99,-99,-99,-99,-99,-99,-99,-99,-99,-99,-99,-99,-99,-99,-99,3,-99,-99,4,3,5,-99,-99
E12000005,West Midlands,E10000034,Worcestershire,E07000236,Redditch,E02006730,Greenlands,-99,-99,-99,-99,-99,-99,-99,-99,-99,3,4,-99,-99,-99,6,3,-99,-99,-99,-99,-99,-99,-99,-99,-99,-99,-99,-99,-99,-99,-99,-99,-99,-99,-99,10,10
E12000005,West Midlands,E10000034,Worcestershire,E07000236,Redditch,E02006731,Oakenshaw,-99,-99,-99,-99,-99,-99,-99,-99,-99,-99,3,7,-99,-99,4,-99,-99,-99,-99,-99,-99,-99,-99,-99,-99,-99,-99,-99,-99,-99,-99,-99,-99,-99,-99,-99,-99
E12000005,West Midlands,E10000034,Worcestershire,E07000236,Redditch,E02006732,Crabbs Cross,-99,-99,-99,-99,-99,-99,-99,-99,3,6,5,7,10,-99,4,6,-99,-99,-99,-99,-99,-99,-99,-99,-99,-99,-99,-99,-99,-99,-99,-99,-99,4,-99,-99,-99
E12000005,West Midlands,E10000034,Worcestershire,E07000236,Redditch,E02006733,Hunt End & Feckenham,-99,-99,-99,-99,-99,-99,-99,-99,-99,-99,-99,4,-99,-99,-99,-99,-99,3,-99,-99,-99,-99,-99,-99,-99,-99,-99,-99,-99,-99,-99,-99,-99,-99,-99,5,5
E12000005,West Midlands,E10000034,Worcestershire,E07000237,Worcester,E02006734,Northwick,-99,-99,-99,-99,-99,-99,-99,-99,-99,3,6,4,3,-99,-99,-99,-99,-99,-99,-99,-99,-99,-99,-99,-99,-99,-99,-99,-99,-99,-99,-99,-99,-99,4,3,3
E12000005,West Midlands,E10000034,Worcestershire,E07000237,Worcester,E02006735,Warndon West,-99,-99,-99,-99,-99,-99,-99,-99,-99,3,-99,-99,6,-99,-99,-99,-99,-99,-99,-99,-99,-99,-99,-99,-99,-99,-99,-99,-99,-99,-99,-99,-99,-99,-99,-99,-99
E12000005,West Midlands,E10000034,Worcestershire,E07000237,Worcester,E02006736,Warndon East,-99,-99,-99,-99,-99,-99,-99,-99,-99,3,6,-99,7,-99,-99,-99,3,-99,-99,-99,-99,-99,-99,-99,-99,-99,-99,-99,-99,-99,-99,-99,-99,3,4,6,6
E12000005,West Midlands,E10000034,Worcestershire,E07000237,Worcester,E02006737,Barbourne & Rainbow Hill,-99,-99,-99,-99,-99,-99,-99,-99,-99,5,-99,4,8,3,-99,-99,-99,-99,-99,-99,-99,-99,-99,-99,-99,-99,-99,-99,-99,-99,-99,-99,3,-99,-99,5,5
E12000005,West Midlands,E10000034,Worcestershire,E07000237,Worcester,E02006738,King George's Field,-99,-99,-99,-99,-99,-99,-99,-99,3,-99,-99,-99,3,-99,-99,-99,-99,-99,-99,-99,-99,-99,-99,-99,-99,-99,-99,-99,-99,-99,-99,-99,-99,4,5,3,3
E12000005,West Midlands,E10000034,Worcestershire,E07000237,Worcester,E02006739,Henwick,-99,-99,-99,-99,-99,-99,-99,-99,-99,-99,3,5,-99,-99,-99,-99,-99,-99,-99,-99,-99,-99,-99,-99,-99,-99,-99,-99,-99,-99,-99,-99,-99,-99,3,4,4
E12000005,West Midlands,E10000034,Worcestershire,E07000237,Worcester,E02006740,Worcester Town North,-99,-99,-99,-99,-99,-99,-99,-99,-99,-99,-99,4,3,-99,-99,-99,-99,-99,-99,-99,-99,-99,-99,-99,-99,-99,-99,-99,-99,-99,-99,3,-99,-99,4,8,8
E12000005,West Midlands,E10000034,Worcestershire,E07000237,Worcester,E02006741,Lyppard Grange,-99,-99,-99,-99,-99,-99,-99,-99,-99,-99,5,12,5,9,-99,-99,3,-99,-99,-99,-99,-99,-99,-99,-99,-99,-99,-99,-99,-99,-99,-99,-99,-99,-99,4,4
E12000005,West Midlands,E10000034,Worcestershire,E07000237,Worcester,E02006742,Dines Green & St Johns,-99,-99,-99,-99,-99,-99,-99,-99,3,-99,-99,10,8,-99,-99,-99,-99,-99,-99,-99,-99,-99,-99,-99,-99,-99,-99,-99,-99,-99,-99,-99,-99,3,-99,11,11
E12000005,West Midlands,E10000034,Worcestershire,E07000237,Worcester,E02006743,Ronkswood & Nunnery Wood,-99,-99,-99,-99,-99,-99,-99,-99,-99,4,6,10,7,4,-99,4,-99,-99,-99,-99,-99,-99,-99,-99,-99,-99,-99,-99,-99,-99,-99,-99,3,3,5,3,3
E12000005,West Midlands,E10000034,Worcestershire,E07000237,Worcester,E02006744,Worcester Town South,-99,-99,-99,-99,-99,-99,-99,-99,-99,-99,-99,7,3,-99,-99,-99,-99,-99,-99,-99,-99,-99,-99,-99,-99,-99,-99,-99,-99,-99,-99,-99,-99,-99,-99,7,7
E12000005,West Midlands,E10000034,Worcestershire,E07000237,Worcester,E02006745,Lower Wick & Bromwich Road,-99,-99,-99,-99,-99,-99,-99,-99,-99,4,3,6,9,11,-99,6,-99,3,-99,-99,-99,-99,-99,-99,-99,-99,-99,-99,-99,-99,-99,-99,-99,5,3,4,4
E12000005,West Midlands,E10000034,Worcestershire,E07000237,Worcester,E02006746,Battenhall & Diglis,-99,-99,-99,-99,-99,-99,-99,-99,-99,3,10,7,7,-99,-99,-99,4,-99,-99,3,-99,-99,-99,-99,-99,-99,-99,-99,-99,-99,-99,-99,-99,-99,3,9,9
E12000005,West Midlands,E10000034,Worcestershire,E07000237,Worcester,E02006747,St Peters,-99,-99,-99,-99,-99,-99,-99,-99,-99,-99,-99,-99,3,-99,-99,-99,-99,-99,4,-99,-99,-99,-99,-99,-99,-99,-99,-99,-99,-99,-99,-99,-99,-99,7,-99,-99
E12000005,West Midlands,E10000034,Worcestershire,E07000238,Wychavon,E02006748,Hartlebury & Wychbold,-99,-99,-99,-99,-99,-99,-99,-99,-99,4,5,3,-99,4,-99,-99,-99,-99,-99,-99,-99,-99,-99,-99,-99,-99,-99,-99,-99,-99,-99,-99,-99,-99,3,-99,-99
E12000005,West Midlands,E10000034,Worcestershire,E07000238,Wychavon,E02006749,Droitwich Spa West & North,-99,-99,-99,-99,-99,-99,-99,-99,-99,-99,-99,6,3,-99,-99,-99,-99,-99,-99,-99,-99,-99,-99,-99,-99,-99,-99,-99,-99,-99,-99,-99,-99,-99,-99,3,3
E12000005,West Midlands,E10000034,Worcestershire,E07000238,Wychavon,E02006750,Droitwich Spa East,-99,-99,-99,-99,-99,-99,-99,-99,4,4,4,9,7,6,-99,5,-99,-99,-99,-99,-99,-99,-99,-99,-99,-99,-99,-99,-99,-99,-99,-99,-99,-99,4,-99,-99
E12000005,West Midlands,E10000034,Worcestershire,E07000238,Wychavon,E02006751,Droitwich Spa Central,-99,-99,-99,-99,-99,-99,-99,-99,-99,-99,5,7,4,-99,-99,-99,-99,-99,-99,-99,-99,-99,-99,-99,-99,-99,-99,-99,-99,-99,-99,-99,-99,-99,-99,-99,-99
E12000005,West Midlands,E10000034,Worcestershire,E07000238,Wychavon,E02006752,Droitwich Spa South,-99,-99,-99,-99,-99,-99,-99,-99,-99,-99,-99,-99,4,-99,-99,-99,-99,-99,-99,-99,-99,-99,-99,-99,-99,-99,-99,-99,-99,-99,-99,-99,-99,-99,3,7,7
E12000005,West Midlands,E10000034,Worcestershire,E07000238,Wychavon,E02006753,Fernhill Heath & Ombersley,-99,-99,-99,-99,-99,-99,-99,-99,3,-99,-99,-99,-99,-99,-99,-99,-99,-99,-99,-99,-99,-99,-99,-99,-99,-99,-99,-99,-99,-99,-99,-99,-99,-99,-99,8,8
E12000005,West Midlands,E10000034,Worcestershire,E07000238,Wychavon,E02006754,Crowle & Tibberton,-99,-99,-99,-99,-99,-99,-99,-99,4,-99,-99,3,-99,-99,-99,-99,-99,-99,-99,-99,-99,-99,-99,-99,-99,-99,-99,-99,-99,-99,-99,-99,-99,-99,3,-99,-99
E12000005,West Midlands,E10000034,Worcestershire,E07000238,Wychavon,E02006755,Inkberrow & Flyford Flavell,-99,-99,-99,-99,-99,-99,-99,-99,5,4,-99,-99,-99,-99,-99,-99,-99,-99,-99,-99,-99,-99,-99,-99,-99,-99,-99,-99,-99,-99,-99,-99,-99,-99,-99,-99,-99
E12000005,West Midlands,E10000034,Worcestershire,E07000238,Wychavon,E02006756,Drakes Broughton & Norton,-99,-99,-99,-99,-99,-99,-99,-99,-99,-99,-99,4,3,6,-99,-99,-99,-99,-99,-99,-99,-99,-99,3,-99,-99,-99,-99,-99,-99,-99,-99,-99,-99,7,5,5
E12000005,West Midlands,E10000034,Worcestershire,E07000238,Wychavon,E02006757,"Wick, Elmley Castle & Fladbury",-99,-99,-99,-99,-99,-99,-99,-99,-99,4,5,-99,-99,4,-99,-99,-99,-99,-99,-99,-99,-99,-99,-99,-99,-99,-99,-99,-99,-99,-99,-99,4,-99,-99,6,6
E12000005,West Midlands,E10000034,Worcestershire,E07000238,Wychavon,E02006758,Honeybourne & Littleton,-99,-99,-99,-99,-99,-99,-99,-99,-99,-99,-99,-99,5,6,-99,-99,-99,-99,-99,-99,-99,-99,-99,-99,-99,-99,-99,-99,-99,-99,-99,-99,-99,-99,-99,3,3
E12000005,West Midlands,E10000034,Worcestershire,E07000238,Wychavon,E02006759,Pershore,-99,-99,-99,-99,-99,-99,-99,-99,-99,3,-99,-99,-99,-99,-99,-99,-99,-99,-99,-99,-99,-99,-99,-99,-99,-99,-99,-99,-99,3,-99,5,4,-99,5,7,7
E12000005,West Midlands,E10000034,Worcestershire,E07000238,Wychavon,E02006760,"Harvington, Offenham & Badsey",-99,-99,-99,-99,-99,-99,-99,-99,-99,4,-99,10,3,3,-99,3,-99,-99,-99,-99,-99,-99,-99,-99,-99,4,-99,-99,-99,-99,-99,-99,4,-99,-99,-99,-99
E12000005,West Midlands,E10000034,Worcestershire,E07000238,Wychavon,E02006761,Evesham Central,-99,-99,-99,-99,-99,-99,-99,3,6,4,3,4,3,-99,-99,-99,3,3,-99,-99,-99,-99,-99,-99,-99,-99,-99,3,-99,-99,-99,-99,-99,-99,-99,3,3
E12000005,West Midlands,E10000034,Worcestershire,E07000238,Wychavon,E02006762,Evesham North & Hampton,-99,-99,-99,-99,-99,-99,-99,-99,-99,3,4,5,9,5,-99,-99,-99,-99,-99,-99,-99,-99,-99,-99,-99,-99,-99,-99,-99,-99,-99,5,-99,-99,3,5,5
E12000005,West Midlands,E10000034,Worcestershire,E07000238,Wychavon,E02006763,Evesham East,-99,-99,-99,-99,-99,-99,-99,-99,-99,-99,7,-99,-99,-99,-99,-99,-99,-99,-99,-99,-99,-99,-99,-99,-99,3,-99,-99,-99,-99,-99,4,-99,-99,6,7,7
E12000005,West Midlands,E10000034,Worcestershire,E07000238,Wychavon,E02006764,Evesham South,-99,-99,-99,-99,-99,-99,-99,-99,4,4,-99,5,8,6,-99,-99,-99,-99,-99,-99,-99,-99,-99,-99,-99,-99,-99,-99,-99,3,-99,4,-99,-99,-99,-99,-99
E12000005,West Midlands,E10000034,Worcestershire,E07000238,Wychavon,E02006765,"Broadway, Wickhamford & Sedgeberrow",-99,-99,-99,-99,-99,-99,-99,-99,-99,-99,3,-99,5,-99,-99,3,-99,-99,-99,-99,-99,-99,-99,-99,-99,-99,-99,-99,-99,-99,-99,-99,-99,-99,-99,-99,-99
E12000005,West Midlands,E10000034,Worcestershire,E07000238,Wychavon,E02006766,"Bredon, Ashton & Eckington",-99,-99,-99,-99,-99,-99,-99,-99,-99,-99,-99,3,-99,-99,-99,-99,-99,-99,-99,-99,-99,-99,-99,-99,-99,-99,-99,-99,-99,-99,-99,-99,-99,-99,-99,7,7
E12000005,West Midlands,E10000034,Worcestershire,E07000239,Wyre Forest,E02006767,"Wolverley, Cookley & Blakedown",-99,-99,-99,-99,-99,-99,-99,-99,5,5,5,5,3,-99,3,-99,-99,-99,-99,-99,-99,-99,-99,-99,-99,-99,-99,-99,-99,-99,-99,-99,4,-99,3,5,5
E12000005,West Midlands,E10000034,Worcestershire,E07000239,Wyre Forest,E02006768,Franche,-99,-99,-99,-99,-99,-99,-99,-99,5,-99,6,8,5,-99,-99,3,-99,-99,-99,-99,-99,-99,-99,-99,-99,-99,-99,-99,-99,-99,-99,-99,-99,7,-99,4,4
E12000005,West Midlands,E10000034,Worcestershire,E07000239,Wyre Forest,E02006769,Greenhill,-99,-99,-99,-99,-99,-99,-99,-99,3,3,4,5,3,4,-99,-99,-99,-99,-99,-99,-99,-99,-99,-99,-99,-99,-99,-99,-99,-99,-99,-99,4,-99,5,4,4
E12000005,West Midlands,E10000034,Worcestershire,E07000239,Wyre Forest,E02006770,Kidderminster Town,-99,-99,-99,-99,-99,-99,-99,-99,-99,-99,7,3,5,4,6,-99,3,-99,3,-99,-99,-99,-99,-99,-99,-99,-99,-99,-99,-99,4,-99,-99,-99,6,3,3
E12000005,West Midlands,E10000034,Worcestershire,E07000239,Wyre Forest,E02006771,Bewdley East & Upper Arley,-99,-99,-99,-99,-99,-99,-99,-99,-99,-99,-99,3,5,3,-99,-99,-99,-99,-99,-99,-99,-99,-99,-99,-99,-99,-99,-99,3,-99,-99,-99,-99,-99,-99,7,7
E12000005,West Midlands,E10000034,Worcestershire,E07000239,Wyre Forest,E02006772,Habberley,-99,-99,-99,-99,-99,-99,-99,-99,-99,3,-99,-99,9,7,-99,3,-99,-99,-99,-99,-99,-99,-99,-99,-99,-99,-99,-99,-99,-99,-99,-99,-99,4,-99,-99,-99
E12000005,West Midlands,E10000034,Worcestershire,E07000239,Wyre Forest,E02006773,Comberton,-99,-99,-99,-99,-99,-99,-99,-99,4,10,3,9,14,7,6,5,-99,-99,-99,-99,-99,-99,-99,-99,-99,-99,-99,-99,-99,-99,-99,-99,-99,7,12,10,10
E12000005,West Midlands,E10000034,Worcestershire,E07000239,Wyre Forest,E02006774,Foley Park,-99,-99,-99,-99,-99,-99,-99,-99,3,3,-99,9,4,3,-99,-99,-99,-99,-99,-99,-99,-99,-99,-99,-99,-99,-99,-99,-99,-99,-99,-99,3,-99,4,-99,-99
E12000005,West Midlands,E10000034,Worcestershire,E07000239,Wyre Forest,E02006775,Birchen Coppice,-99,-99,-99,-99,-99,-99,-99,-99,-99,3,-99,-99,3,4,-99,-99,3,-99,-99,-99,-99,-99,-99,-99,-99,-99,-99,-99,-99,-99,-99,-99,-99,3,3,5,5
E12000005,West Midlands,E10000034,Worcestershire,E07000239,Wyre Forest,E02006776,Spennells & Hoobrook,-99,-99,-99,-99,-99,-99,-99,-99,5,3,-99,-99,-99,5,-99,-99,-99,-99,-99,-99,-99,-99,-99,-99,-99,-99,-99,-99,-99,-99,-99,-99,-99,3,3,4,4
E12000005,West Midlands,E10000034,Worcestershire,E07000239,Wyre Forest,E02006777,"Bewdley West, Ribbesford & Far Forest",-99,-99,-99,-99,-99,-99,-99,-99,-99,-99,3,4,-99,-99,-99,-99,-99,-99,-99,-99,-99,-99,-99,-99,-99,-99,-99,-99,-99,-99,-99,-99,-99,-99,-99,7,7
E12000005,West Midlands,E10000034,Worcestershire,E07000239,Wyre Forest,E02006778,Stourport Lickhill & Burlish,-99,-99,-99,-99,-99,-99,-99,-99,-99,3,-99,6,8,6,-99,3,-99,3,-99,-99,-99,-99,-99,-99,-99,-99,-99,-99,-99,-99,-99,-99,-99,-99,5,4,4
E12000005,West Midlands,E10000034,Worcestershire,E07000239,Wyre Forest,E02006779,Stourport Mitton & Wilden,-99,-99,-99,-99,-99,-99,-99,-99,-99,-99,-99,-99,3,4,-99,5,-99,-99,-99,-99,-99,-99,-99,-99,-99,-99,-99,-99,-99,-99,-99,-99,-99,-99,5,6,6
E12000005,West Midlands,E10000034,Worcestershire,E07000239,Wyre Forest,E02006780,Stourport Areley Kings,-99,-99,-99,-99,-99,-99,-99,-99,3,-99,-99,3,5,-99,3,-99,4,-99,-99,-99,-99,-99,-99,-99,-99,-99,-99,-99,-99,-99,-99,-99,-99,-99,-99,3,3
E12000009,South West,E06000053,Isles of Scilly,E06000053,Isles of Scilly,E02006781,Isles of Scilly,-99,-99,-99,-99,-99,-99,-99,-99,-99,-99,-99,-99,-99,-99,-99,-99,-99,-99,-99,-99,-99,-99,-99,-99,-99,-99,-99,-99,-99,-99,-99,-99,-99,-99,-99,3,3
E12000007,London,E09000006,Bromley,E09000006,Bromley,E02006782,Plaistow (Bromley),-99,-99,-99,-99,-99,-99,-99,3,6,3,7,3,4,9,-99,-99,-99,-99,-99,-99,-99,-99,-99,-99,-99,-99,-99,-99,-99,-99,-99,3,-99,-99,-99,-99,-99
E12000007,London,E09000023,Lewisham,E09000023,Lewisham,E02006783,Downham East,-99,-99,-99,-99,-99,-99,-99,3,5,5,7,-99,-99,4,-99,-99,-99,-99,-99,-99,-99,-99,-99,-99,-99,-99,-99,-99,-99,-99,-99,-99,-99,-99,-99,-99,-99
E12000007,London,E09000023,Lewisham,E09000023,Lewisham,E02006784,Downham West,-99,-99,-99,-99,-99,-99,-99,-99,7,12,3,3,4,3,-99,-99,-99,-99,-99,-99,-99,-99,-99,-99,-99,-99,-99,-99,-99,-99,-99,-99,3,-99,6,3,3
E12000007,London,E09000004,Bexley,E09000004,Bexley,E02006785,Wickham Street & East Wickham,-99,-99,-99,-99,-99,-99,-99,-99,3,-99,7,3,-99,-99,5,-99,-99,-99,-99,-99,-99,-99,-99,-99,-99,-99,-99,-99,-99,-99,-99,-99,-99,-99,-99,-99,-99
E12000007,London,E09000011,Greenwich,E09000011,Greenwich,E02006786,Wickham Lane & Winns Common,-99,-99,-99,-99,-99,-99,-99,-99,-99,-99,3,-99,-99,4,-99,3,-99,-99,-99,-99,-99,-99,-99,-99,-99,-99,-99,-99,-99,-99,-99,-99,-99,-99,3,5,5
E12000007,London,E09000006,Bromley,E09000006,Bromley,E02006787,Elmers End,-99,-99,-99,-99,-99,-99,-99,3,4,-99,-99,-99,-99,6,-99,-99,-99,-99,-99,-99,-99,-99,-99,-99,-99,-99,-99,-99,3,-99,-99,9,-99,-99,5,3,3
E12000007,London,E09000008,Croydon,E09000008,Croydon,E02006788,South Norwood Park,-99,-99,-99,-99,-99,-99,-99,4,8,5,4,6,-99,-99,-99,-99,-99,-99,-99,-99,-99,-99,-99,-99,-99,-99,-99,-99,-99,-99,-99,-99,-99,-99,3,3,3
E12000007,London,E09000006,Bromley,E09000006,Bromley,E02006789,Biggin Hill East & Cudham,-99,-99,-99,-99,-99,-99,-99,-99,-99,3,5,-99,-99,-99,-99,-99,-99,-99,-99,-99,-99,-99,-99,-99,-99,-99,-99,-99,-99,-99,-99,-99,4,-99,5,5,5
E12000008,South East,E10000030,Surrey,E07000215,Tandridge,E02006790,Warlingham East & Tatsfield,-99,-99,-99,-99,-99,-99,-99,5,3,3,7,-99,5,-99,3,4,-99,-99,-99,-99,-99,-99,-99,-99,-99,-99,-99,-99,-99,-99,-99,-99,-99,3,-99,-99,-99
E12000007,London,E09000009,Ealing,E09000009,Ealing,E02006791,Chiswick North West,-99,-99,-99,-99,-99,-99,-99,-99,5,7,5,-99,-99,-99,-99,-99,-99,-99,-99,-99,-99,-99,-99,-99,-99,-99,-99,-99,-99,-99,4,-99,-99,-99,4,7,7
E12000007,London,E09000018,Hounslow,E09000018,Hounslow,E02006792,Chiswick Park,-99,-99,-99,-99,-99,-99,-99,3,5,7,-99,-99,-99,3,-99,-99,-99,-99,-99,-99,-99,-99,-99,-99,-99,-99,-99,-99,3,4,5,-99,4,3,4,-99,-99
E12000007,London,E09000010,Enfield,E09000010,Enfield,E02006793,Upper Edmonton West,-99,-99,-99,-99,-99,-99,-99,6,9,8,10,3,3,-99,3,-99,3,-99,-99,-99,-99,-99,-99,-99,-99,-99,-99,-99,3,-99,-99,4,6,7,6,5,5
E12000007,London,E09000014,Haringey,E09000014,Haringey,E02006794,White Hart Lane,-99,-99,-99,-99,-99,-99,-99,-99,-99,7,3,-99,-99,-99,-99,-99,-99,-99,-99,-99,-99,-99,-99,-99,-99,-99,-99,-99,-99,-99,-99,-99,-99,-99,7,7,7
E12000007,London,E09000015,Harrow,E09000015,Harrow,E02006795,Rayners Lane South,-99,-99,-99,-99,-99,-99,-99,8,4,6,7,-99,-99,-99,3,-99,-99,-99,-99,-99,-99,-99,-99,-99,-99,-99,-99,-99,-99,-99,-99,-99,4,-99,6,16,16
E12000007,London,E09000017,Hillingdon,E09000017,Hillingdon,E02006796,South Ruislip,-99,-99,-99,-99,-99,-99,-99,4,9,3,7,5,6,3,-99,-99,-99,-99,-99,-99,-99,-99,-99,-99,-99,-99,-99,-99,-99,-99,-99,-99,3,3,3,-99,-99
E12000007,London,E09000023,Lewisham,E09000023,Lewisham,E02006798,New Cross & Deptford South,-99,-99,-99,-99,-99,-99,-99,4,5,8,12,3,-99,-99,-99,-99,-99,-99,-99,-99,-99,-99,-99,-99,-99,-99,-99,-99,-99,-99,-99,-99,3,4,-99,-99,-99
E12000007,London,E09000002,Barking and Dagenham,E09000002,Barking and Dagenham,E02006799,Becontree North,-99,-99,-99,-99,-99,-99,-99,3,3,10,9,6,-99,4,4,3,-99,-99,-99,-99,-99,-99,-99,-99,-99,-99,3,-99,3,-99,5,4,-99,-99,-99,11,11
E12000007,London,E09000026,Redbridge,E09000026,Redbridge,E02006800,Goodmayes South,-99,-99,-99,-99,-99,-99,-99,7,7,5,9,6,-99,-99,4,-99,-99,-99,4,4,-99,-99,-99,-99,-99,3,-99,11,-99,-99,-99,5,11,8,13,17,17
E12000007,London,E09000022,Lambeth,E09000022,Lambeth,E02006801,"Lambeth North, Waterloo & South Bank",-99,-99,-99,-99,-99,-99,-99,3,6,8,-99,-99,3,3,5,3,-99,-99,-99,-99,-99,-99,-99,-99,-99,-99,-99,-99,-99,-99,-99,-99,5,-99,3,6,6
E12000007,London,E09000028,Southwark,E09000028,Southwark,E02006802,Southwark St George's,-99,-99,-99,-99,-99,-99,-99,-99,7,9,7,3,-99,7,-99,-99,-99,-99,-99,-99,-99,-99,-99,-99,-99,-99,-99,-99,-99,3,-99,4,-99,-99,5,4,4
E12000003,Yorkshire and The Humber,E08000019,Sheffield,E08000019,Sheffield,E02006803,Mosborough & Halfway,-99,-99,-99,-99,-99,-99,-99,-99,3,3,-99,5,5,4,3,6,-99,5,-99,3,-99,-99,-99,-99,-99,-99,-99,-99,4,-99,-99,-99,4,3,5,20,20
E12000004,East Midlands,E10000007,Derbyshire,E07000038,North East Derbyshire,E02006804,Eckington East & Renishaw,-99,-99,-99,-99,-99,-99,-99,-99,5,6,-99,3,7,7,12,-99,5,-99,-99,5,5,-99,-99,-99,-99,-99,-99,-99,5,-99,-99,-99,-99,-99,-99,11,11
E12000005,West Midlands,E08000026,Coventry,E08000026,Coventry,E02006805,Holbrooks,-99,-99,-99,-99,-99,-99,-99,-99,5,7,3,3,4,4,5,4,-99,3,-99,-99,-99,-99,-99,-99,-99,-99,5,3,8,-99,-99,-99,4,8,4,22,22
E12000005,West Midlands,E10000031,Warwickshire,E07000219,Nuneaton and Bedworth,E02006806,Ash Green & Keresley End,-99,-99,-99,-99,-99,-99,-99,-99,4,8,5,4,6,11,-99,-99,9,3,3,3,-99,-99,-99,-99,-99,3,-99,3,-99,-99,-99,-99,-99,-99,-99,8,8
E12000005,West Midlands,E08000025,Birmingham,E08000025,Birmingham,E02006807,Yardley Wood East,-99,-99,-99,-99,-99,-99,-99,-99,3,3,-99,4,4,4,-99,3,-99,-99,-99,-99,-99,3,-99,-99,-99,3,3,-99,-99,-99,-99,19,12,24,15,8,8
E12000005,West Midlands,E08000029,Solihull,E08000029,Solihull,E02006808,Shirley West,-99,-99,-99,-99,-99,-99,-99,-99,-99,-99,-99,6,6,-99,-99,-99,-99,-99,-99,-99,-99,-99,-99,-99,-99,-99,-99,-99,-99,-99,-99,6,3,6,9,9,9
E12000005,West Midlands,E08000025,Birmingham,E08000025,Birmingham,E02006809,Handsworth Wood,-99,-99,-99,-99,-99,-99,-99,4,8,8,3,10,6,3,-99,-99,4,-99,-99,-99,-99,3,-99,-99,-99,3,-99,-99,8,3,4,-99,13,26,31,31,31
E12000005,West Midlands,E08000028,Sandwell,E08000028,Sandwell,E02006810,Charlemont,-99,-99,-99,-99,-99,-99,-99,-99,3,5,6,6,3,-99,-99,-99,3,-99,-99,-99,-99,-99,-99,-99,4,-99,-99,-99,-99,-99,-99,-99,4,5,13,10,10
E12000001,North East,E06000002,Middlesbrough,E06000002,Middlesbrough,E02006811,Nunthorpe & Marton East,-99,-99,-99,-99,-99,-99,-99,-99,-99,14,11,5,4,8,4,-99,-99,-99,-99,-99,-99,-99,-99,-99,-99,-99,-99,-99,-99,-99,6,10,-99,5,13,20,20
E12000001,North East,E06000003,Redcar and Cleveland,E06000003,Redcar and Cleveland,E02006812,Ormesby,-99,-99,-99,-99,-99,-99,-99,-99,5,-99,-99,4,6,4,3,3,-99,-99,-99,-99,-99,-99,-99,-99,-99,-99,-99,-99,-99,-99,-99,3,5,3,8,26,26
E12000003,Yorkshire and The Humber,E06000010,"Kingston upon Hull, City of",E06000010,"Kingston upon Hull, City of",E02006813,Anlaby Park & Pickering,-99,-99,-99,-99,-99,-99,-99,-99,-99,-99,-99,-99,6,3,-99,7,7,4,6,-99,-99,-99,-99,-99,-99,-99,-99,-99,-99,-99,-99,-99,-99,-99,6,11,11
E12000003,Yorkshire and The Humber,E06000011,East Riding of Yorkshire,E06000011,East Riding of Yorkshire,E02006814,Anlaby Common,-99,-99,-99,-99,-99,-99,-99,-99,-99,3,-99,8,8,9,5,-99,-99,-99,-99,-99,-99,-99,-99,-99,-99,-99,-99,-99,-99,-99,-99,-99,-99,3,6,6,6
E12000004,East Midlands,E06000016,Leicester,E06000016,Leicester,E02006815,Thurnby Lodge,-99,-99,-99,-99,-99,-99,-99,-99,-99,8,5,3,6,9,18,5,16,4,10,13,13,20,6,5,-99,-99,-99,-99,3,3,-99,6,13,13,6,14,14
E12000004,East Midlands,E10000018,Leicestershire,E07000131,Harborough,E02006816,"Houghton, Thurby & Scraptoft",-99,-99,-99,-99,-99,-99,-99,-99,-99,-99,5,4,3,3,6,6,5,9,-99,-99,9,-99,3,5,-99,-99,-99,-99,-99,4,-99,4,-99,8,8,8,8
E12000004,East Midlands,E06000016,Leicester,E06000016,Leicester,E02006817,West Knighton,-99,-99,-99,-99,-99,-99,-99,-99,-99,-99,4,-99,5,3,7,4,5,-99,8,7,10,13,4,15,4,4,-99,9,6,4,3,6,16,8,11,16,16
E12000004,East Midlands,E10000018,Leicestershire,E07000135,Oadby and Wigston,E02006818,Wigston North,-99,-99,-99,-99,-99,-99,-99,-99,3,5,-99,-99,4,3,7,6,-99,6,3,-99,6,7,-99,-99,16,-99,4,3,-99,-99,3,5,16,9,3,4,4
E12000004,East Midlands,E06000016,Leicester,E06000016,Leicester,E02006819,Kirby Frith,-99,-99,-99,-99,-99,-99,-99,-99,-99,-99,5,5,5,7,4,5,8,-99,-99,3,5,9,5,-99,-99,-99,-99,-99,-99,-99,-99,-99,5,3,6,4,4
E12000004,East Midlands,E10000018,Leicestershire,E07000129,Blaby,E02006820,Glenfield,-99,-99,-99,-99,-99,-99,-99,-99,3,7,-99,3,-99,6,-99,7,-99,6,-99,7,4,-99,-99,-99,-99,-99,-99,-99,-99,4,-99,-99,9,5,6,12,12
E12000008,South East,E06000044,Portsmouth,E06000044,Portsmouth,E02006821,Drayton & Farlington,-99,-99,-99,-99,-99,-99,-99,-99,-99,-99,-99,-99,-99,-99,-99,-99,-99,-99,-99,-99,-99,-99,-99,-99,-99,-99,-99,-99,-99,-99,-99,-99,-99,3,-99,-99,-99
E12000008,South East,E10000014,Hampshire,E07000090,Havant,E02006822,Bedhampton,-99,-99,-99,-99,-99,-99,-99,-99,-99,3,3,7,5,3,3,-99,-99,-99,-99,-99,-99,-99,-99,-99,-99,-99,-99,-99,-99,-99,-99,-99,-99,-99,-99,7,7
E12000008,South East,E10000002,Buckinghamshire,E07000005,Chiltern,E02006823,Knotty Green & Holmer Green,-99,-99,-99,-99,-99,-99,-99,-99,4,3,-99,-99,-99,-99,-99,4,6,-99,-99,3,-99,-99,-99,-99,-99,-99,-99,-99,-99,-99,3,-99,-99,-99,-99,10,10
E12000008,South East,E10000002,Buckinghamshire,E07000007,Wycombe,E02006824,Hazlemere,-99,-99,-99,-99,-99,-99,-99,-99,3,-99,-99,4,-99,-99,-99,-99,-99,-99,-99,-99,-99,-99,-99,-99,-99,-99,-99,-99,-99,-99,-99,-99,3,3,7,3,3
E12000006,East of England,E10000003,Cambridgeshire,E07000009,East Cambridgeshire,E02006825,Dullingham & Cheveley,-99,-99,-99,-99,-99,-99,-99,-99,-99,-99,-99,-99,-99,-99,-99,-99,-99,-99,-99,-99,-99,-99,-99,-99,-99,-99,-99,-99,-99,-99,-99,-99,-99,-99,-99,-99,-99
E12000006,East of England,E10000029,Suffolk,E07000245,West Suffolk,E02006826,South Newmarket & Racecourse,-99,-99,-99,-99,-99,-99,-99,-99,-99,3,-99,-99,3,9,5,-99,-99,-99,-99,-99,-99,-99,-99,-99,-99,-99,-99,-99,-99,-99,-99,-99,-99,-99,-99,6,6
E12000004,East Midlands,E10000007,Derbyshire,E07000032,Amber Valley,E02006827,Heanor South & Shipley Park,-99,-99,-99,-99,-99,-99,-99,-99,-99,-99,-99,4,-99,6,5,4,5,-99,-99,-99,-99,-99,-99,-99,-99,-99,-99,-99,-99,-99,-99,3,13,7,8,5,5
E12000004,East Midlands,E10000007,Derbyshire,E07000036,Erewash,E02006828,Shipley,-99,-99,-99,-99,-99,-99,-99,-99,-99,-99,-99,-99,4,-99,-99,-99,-99,-99,-99,-99,4,-99,-99,-99,-99,-99,-99,-99,-99,-99,-99,-99,4,-99,4,9,9
E12000008,South East,E10000014,Hampshire,E07000085,East Hampshire,E02006829,Horndean South & Rowlands Castle,-99,-99,-99,-99,-99,-99,-99,-99,-99,-99,3,-99,8,4,-99,-99,8,-99,-99,-99,-99,-99,-99,-99,-99,-99,-99,-99,-99,-99,-99,-99,-99,-99,-99,3,3
E12000008,South East,E10000014,Hampshire,E07000090,Havant,E02006830,Cowplain West,-99,-99,-99,-99,-99,-99,-99,-99,-99,-99,-99,-99,-99,5,-99,-99,-99,-99,-99,-99,-99,-99,-99,-99,-99,-99,-99,-99,-99,-99,-99,-99,-99,-99,-99,-99,-99
E12000008,South East,E10000014,Hampshire,E07000090,Havant,E02006831,Cowplain East,-99,-99,-99,-99,-99,-99,-99,-99,-99,5,-99,-99,3,-99,-99,-99,-99,-99,-99,-99,-99,-99,-99,-99,-99,-99,-99,-99,-99,-99,-99,-99,-99,-99,-99,-99,-99
E12000008,South East,E10000016,Kent,E07000111,Sevenoaks,E02006832,New Ash Green,-99,-99,-99,-99,-99,-99,-99,-99,-99,3,-99,-99,-99,3,-99,-99,-99,-99,-99,-99,-99,-99,-99,-99,-99,-99,-99,-99,-99,-99,-99,-99,-99,-99,-99,6,6
E12000008,South East,E10000016,Kent,E07000115,Tonbridge and Malling,E02006833,"East Malling, West Malling & Trottiscliffe",-99,-99,-99,-99,-99,-99,-99,-99,3,4,-99,4,4,-99,-99,3,-99,-99,-99,-99,-99,-99,-99,-99,-99,3,-99,-99,-99,-99,-99,-99,3,-99,-99,5,5
E12000004,East Midlands,E06000018,Nottingham,E06000018,Nottingham,E02006834,Top Valley East,-99,-99,-99,-99,-99,-99,-99,4,-99,6,3,9,-99,-99,-99,-99,-99,-99,-99,-99,-99,-99,-99,-99,-99,-99,-99,-99,-99,-99,-99,3,4,-99,-99,9,9
E12000004,East Midlands,E10000024,Nottinghamshire,E07000173,Gedling,E02006835,Bestwood Village,-99,-99,-99,-99,-99,-99,-99,-99,-99,4,3,-99,9,17,-99,-99,3,-99,-99,-99,-99,-99,-99,-99,-99,-99,-99,-99,-99,-99,-99,-99,-99,-99,-99,4,4
E12000007,London,E09000029,Sutton,E09000029,Sutton,E02006836,Belmont & South Cheam,-99,-99,-99,-99,-99,-99,-99,-99,5,12,12,34,4,4,-99,-99,-99,-99,-99,-99,-99,-99,-99,-99,-99,-99,-99,-99,-99,-99,-99,3,-99,-99,-99,-99,-99
E12000008,South East,E10000030,Surrey,E07000208,Epsom and Ewell,E02006837,Ewell East,-99,-99,-99,-99,-99,-99,-99,-99,6,8,11,8,-99,-99,-99,-99,-99,-99,-99,-99,-99,-99,-99,-99,-99,-99,-99,-99,-99,-99,-99,3,3,-99,3,-99,-99
E12000008,South East,E10000014,Hampshire,E07000085,East Hampshire,E02006838,Headley Down & Grayshott,-99,-99,-99,-99,-99,-99,-99,-99,-99,-99,3,-99,3,6,-99,-99,-99,-99,-99,-99,-99,-99,-99,-99,-99,-99,-99,-99,-99,-99,-99,-99,-99,-99,-99,3,3
E12000008,South East,E10000030,Surrey,E07000216,Waverley,E02006839,"Hindhead, Beacon Hill & Frensham",-99,-99,-99,-99,-99,-99,-99,-99,3,6,5,10,16,6,6,7,4,-99,-99,-99,-99,-99,-99,-99,-99,-99,-99,-99,-99,-99,-99,-99,-99,-99,5,3,3
E12000009,South West,E06000027,Torbay,E06000027,Torbay,E02006840,"Chelston, Cockington & Livermead",-99,-99,-99,-99,-99,-99,-99,-99,-99,-99,3,4,-99,-99,-99,-99,-99,-99,-99,-99,-99,-99,-99,-99,-99,-99,-99,-99,-99,-99,-99,-99,-99,-99,3,-99,-99
E12000001,North East,E08000037,Gateshead,E08000037,Gateshead,E02006841,Gateshead Town,-99,-99,-99,-99,-99,-99,-99,-99,-99,8,14,8,9,5,-99,4,3,-99,-99,-99,-99,-99,-99,-99,-99,-99,-99,-99,-99,-99,-99,7,10,12,21,71,71
E12000001,North East,E08000037,Gateshead,E08000037,Gateshead,E02006842,Gateshead South,-99,-99,-99,-99,-99,-99,-99,-99,4,3,10,6,10,9,20,3,6,-99,-99,-99,-99,-99,-99,-99,-99,-99,-99,-99,-99,-99,-99,4,9,8,11,17,17
E12000003,Yorkshire and The Humber,E08000019,Sheffield,E08000019,Sheffield,E02006843,Cathedral & Kelham,-99,-99,-99,-99,-99,-99,-99,-99,8,5,8,6,-99,-99,-99,-99,-99,4,-99,-99,-99,-99,-99,-99,-99,-99,-99,-99,-99,-99,-99,-99,3,4,9,44,44
E12000003,Yorkshire and The Humber,E08000019,Sheffield,E08000019,Sheffield,E02006844,Devonshire Quarter,-99,-99,-99,-99,-99,-99,-99,-99,-99,-99,3,6,-99,-99,-99,-99,-99,-99,-99,-99,-99,-99,-99,-99,-99,-99,-99,-99,-99,-99,3,-99,5,6,18,93,93
E12000009,South West,E06000024,North Somerset,E06000024,North Somerset,E02006845,"South Worle, West Wick & St Georges",-99,-99,-99,-99,-99,-99,-99,-99,-99,-99,3,3,6,13,13,4,10,17,3,3,-99,-99,-99,-99,-99,-99,-99,3,-99,-99,-99,-99,-99,4,-99,-99,-99
E12000009,South West,E06000024,North Somerset,E06000024,North Somerset,E02006846,Weston Winterstoke,-99,-99,-99,-99,-99,-99,-99,-99,-99,-99,-99,-99,6,3,7,11,8,-99,-99,-99,-99,-99,-99,-99,-99,-99,3,-99,-99,-99,-99,5,-99,5,4,-99,-99
E12000009,South West,E06000030,Swindon,E06000030,Swindon,E02006847,Mouldon Hill & Oakhurst,-99,-99,-99,-99,-99,-99,-99,-99,-99,4,-99,4,-99,6,6,4,-99,-99,-99,-99,-99,-99,-99,-99,-99,-99,3,-99,4,-99,-99,-99,-99,-99,-99,4,4
E12000009,South West,E06000030,Swindon,E06000030,Swindon,E02006848,Abbey Park,-99,-99,-99,-99,-99,-99,-99,-99,-99,3,3,-99,-99,-99,-99,-99,3,-99,-99,-99,-99,-99,-99,-99,-99,-99,-99,-99,-99,-99,-99,-99,-99,-99,-99,-99,-99
E12000009,South West,E06000030,Swindon,E06000030,Swindon,E02006849,Groundwell & Abbey Meads,-99,-99,-99,-99,-99,-99,-99,-99,-99,-99,3,-99,-99,5,5,-99,-99,-99,-99,-99,3,-99,-99,-99,-99,-99,8,-99,-99,-99,3,-99,-99,-99,-99,-99,-99
E12000004,East Midlands,E06000016,Leicester,E06000016,Leicester,E02006850,Leicester City South,-99,-99,-99,-99,-99,-99,-99,-99,3,8,6,-99,5,6,3,6,3,3,27,10,-99,-99,-99,4,-99,3,-99,3,-99,5,3,-99,11,8,10,22,22
E12000004,East Midlands,E06000016,Leicester,E06000016,Leicester,E02006851,Leicester City Centre,-99,-99,-99,-99,-99,-99,-99,-99,-99,-99,-99,-99,-99,-99,3,-99,-99,3,-99,-99,3,-99,-99,-99,-99,-99,-99,-99,-99,-99,-99,5,5,5,12,18,18
E12000003,Yorkshire and The Humber,E08000035,Leeds,E08000035,Leeds,E02006852,Far Headingley & Weetwood,-99,-99,-99,-99,-99,-99,-99,-99,-99,-99,-99,-99,3,7,-99,4,5,-99,-99,3,-99,-99,-99,-99,-99,-99,5,-99,-99,-99,7,6,11,18,25,70,70
E12000007,London,E09000030,Tower Hamlets,E09000030,Tower Hamlets,E02006853,Millwall North,-99,-99,-99,-99,-99,-99,-99,-99,-99,4,4,-99,-99,-99,-99,-99,-99,-99,-99,-99,-99,-99,-99,-99,-99,-99,-99,-99,-99,-99,-99,-99,-99,-99,11,3,3
E12000007,London,E09000030,Tower Hamlets,E09000030,Tower Hamlets,E02006854,Canary Wharf,-99,-99,-99,-99,-99,-99,-99,-99,-99,-99,-99,-99,-99,-99,-99,-99,-99,-99,-99,-99,-99,-99,-99,-99,-99,-99,-99,-99,-99,-99,-99,6,3,3,-99,-99,-99
E12000008,South East,E10000016,Kent,E07000106,Canterbury,E02006855,Canterbury Wincheap,-99,-99,-99,-99,-99,-99,-99,-99,-99,-99,6,9,7,5,4,-99,4,-99,-99,-99,-99,-99,-99,-99,-99,-99,3,-99,-99,-99,-99,-99,-99,-99,-99,4,4
E12000008,South East,E10000016,Kent,E07000106,Canterbury,E02006856,Canterbury Central & Westgate,-99,-99,-99,-99,-99,-99,-99,-99,-99,4,6,15,6,-99,12,11,-99,-99,5,-99,4,3,-99,-99,-99,-99,-99,-99,-99,-99,-99,-99,-99,3,-99,6,6
E12000008,South East,E10000011,East Sussex,E07000061,Eastbourne,E02006857,St Anthony's Hill,-99,-99,-99,-99,-99,-99,-99,-99,-99,5,-99,5,-99,4,-99,3,-99,-99,-99,-99,-99,-99,-99,6,-99,-99,-99,-99,-99,-99,-99,-99,-99,-99,-99,-99,-99
E12000008,South East,E10000011,East Sussex,E07000061,Eastbourne,E02006858,Sovereign Harbour,-99,-99,-99,-99,-99,-99,-99,-99,-99,-99,5,-99,-99,-99,-99,-99,-99,-99,-99,-99,-99,-99,-99,-99,-99,-99,-99,-99,-99,-99,-99,3,-99,-99,3,3,3
E12000006,East of England,E06000034,Thurrock,E06000034,Thurrock,E02006859,South Chafford,-99,-99,-99,-99,-99,-99,-99,-99,-99,-99,4,-99,-99,-99,4,-99,-99,-99,-99,-99,-99,-99,-99,-99,-99,-99,-99,-99,-99,-99,-99,-99,-99,3,-99,3,3
E12000002,North West,E08000004,Oldham,E08000004,Oldham,E02006860,Werneth,-99,-99,-99,-99,-99,-99,-99,-99,-99,5,18,5,13,9,16,8,5,17,12,18,12,12,15,3,7,16,25,37,38,30,19,18,41,55,65,69,69
E12000003,Yorkshire and The Humber,E08000035,Leeds,E08000035,Leeds,E02006861,Hyde Park Corner & Woodhouse Cliff,-99,-99,-99,-99,-99,-99,-99,-99,-99,-99,5,-99,3,-99,3,-99,-99,-99,-99,-99,-99,-99,-99,-99,-99,-99,-99,-99,-99,6,7,11,17,57,130,364,364
E12000004,East Midlands,E10000021,Northamptonshire,E07000150,Corby,E02006862,Great Oakley and Danesholme,-99,-99,-99,-99,-99,-99,-99,-99,-99,-99,3,-99,-99,-99,3,3,-99,3,-99,-99,-99,-99,-99,-99,-99,-99,-99,3,-99,4,5,-99,-99,3,-99,3,3
E12000004,East Midlands,E10000021,Northamptonshire,E07000150,Corby,E02006863,Snatchill,-99,-99,-99,-99,-99,-99,-99,-99,-99,4,7,3,3,4,5,3,8,5,-99,-99,-99,-99,-99,-99,-99,6,-99,3,5,4,4,-99,-99,4,3,5,5
E12000004,East Midlands,E10000019,Lincolnshire,E07000136,Boston,E02006864,Fishtoft & Wyberton East,-99,-99,-99,-99,-99,-99,-99,-99,3,-99,10,4,9,3,9,4,3,3,4,-99,-99,-99,-99,-99,-99,-99,-99,-99,-99,-99,-99,-99,3,-99,-99,-99,-99
E12000004,East Midlands,E10000019,Lincolnshire,E07000136,Boston,E02006865,Wyberton West & Fen,-99,-99,-99,-99,-99,-99,-99,-99,-99,5,3,8,3,7,16,10,5,-99,-99,6,-99,-99,-99,-99,-99,-99,-99,-99,-99,-99,-99,-99,-99,4,3,-99,-99
E12000004,East Midlands,E10000019,Lincolnshire,E07000139,North Kesteven,E02006866,North Hykeham South,-99,-99,-99,-99,-99,-99,-99,-99,3,-99,-99,-99,-99,-99,-99,10,-99,-99,-99,-99,-99,-99,-99,-99,-99,-99,-99,-99,-99,-99,-99,4,-99,-99,-99,3,3
E12000004,East Midlands,E10000019,Lincolnshire,E07000139,North Kesteven,E02006867,North Hykeham North,-99,-99,-99,-99,-99,-99,-99,-99,-99,3,-99,-99,-99,-99,-99,-99,-99,-99,-99,-99,-99,-99,-99,-99,-99,-99,-99,-99,-99,-99,-99,5,-99,-99,5,4,4
E12000003,Yorkshire and The Humber,E08000019,Sheffield,E08000019,Sheffield,E02006868,Park Hill & Wybourn,-99,-99,-99,-99,-99,-99,-99,-99,5,9,-99,6,3,4,-99,-99,3,-99,6,5,5,-99,-99,7,6,3,-99,-99,-99,3,4,11,9,5,20,27,27
E12000003,Yorkshire and The Humber,E08000019,Sheffield,E08000019,Sheffield,E02006869,Birley,-99,-99,-99,-99,-99,-99,-99,4,4,16,4,13,7,9,6,3,4,-99,-99,-99,-99,-99,-99,-99,-99,-99,-99,9,14,-99,-99,5,6,6,17,24,24
E12000003,Yorkshire and The Humber,E10000023,North Yorkshire,E07000167,Ryedale,E02006870,Malton & Norton,-99,-99,-99,-99,-99,-99,-99,-99,3,-99,4,-99,11,10,9,-99,-99,-99,-99,-99,-99,-99,-99,-99,-99,-99,-99,-99,-99,-99,-99,3,-99,-99,7,16,16
E12000002,North West,E10000017,Lancashire,E07000121,Lancaster,E02006871,Scale Hall & Torrisholme,-99,-99,-99,-99,-99,-99,-99,-99,7,18,11,9,6,5,-99,3,-99,-99,-99,-99,-99,-99,-99,-99,-99,-99,-99,-99,-99,-99,-99,-99,-99,-99,6,33,33
E12000004,East Midlands,E10000007,Derbyshire,E07000037,High Peak,E02006872,Chapel-en-le-Frith & Hope Valley,-99,-99,-99,-99,-99,-99,-99,-99,-99,5,5,9,-99,8,3,3,3,-99,3,-99,-99,3,-99,-99,-99,-99,-99,-99,-99,-99,-99,-99,-99,4,8,6,6
E12000006,East of England,E10000003,Cambridgeshire,E07000012,South Cambridgeshire,E02006873,Cambourne,-99,-99,-99,-99,-99,-99,-99,-99,4,-99,-99,3,-99,3,7,-99,-99,-99,-99,-99,-99,-99,-99,-99,5,-99,-99,-99,-99,-99,-99,-99,-99,-99,3,6,6
E12000006,East of England,E10000003,Cambridgeshire,E07000012,South Cambridgeshire,E02006874,"Papworth, Caxton & Fen Drayton",-99,-99,-99,-99,-99,-99,-99,5,4,4,3,-99,9,8,7,3,-99,8,-99,-99,-99,-99,-99,-99,-99,-99,4,-99,-99,-99,-99,-99,-99,-99,-99,-99,-99
E12000003,Yorkshire and The Humber,E08000035,Leeds,E08000035,Leeds,E02006875,Leeds City Centre,-99,-99,-99,-99,-99,-99,-99,-99,-99,4,-99,5,-99,-99,-99,-99,-99,-99,-99,-99,-99,4,-99,-99,-99,-99,-99,-99,-99,4,3,5,8,20,49,181,181
E12000003,Yorkshire and The Humber,E08000035,Leeds,E08000035,Leeds,E02006876,"Leeds Dock, Hunslet & Stourton",-99,-99,-99,-99,-99,-99,-99,-99,-99,3,5,8,13,7,14,-99,-99,-99,-99,-99,-99,-99,-99,-99,-99,-99,3,-99,-99,-99,-99,7,-99,5,12,59,59
E12000006,East of England,E06000031,Peterborough,E06000031,Peterborough,E02006877,Hargate & Orton Longueville,-99,-99,-99,-99,-99,-99,-99,-99,-99,-99,-99,-99,11,18,3,11,4,3,4,-99,-99,-99,-99,4,-99,-99,-99,-99,-99,-99,-99,-99,3,-99,-99,5,5
E12000006,East of England,E06000031,Peterborough,E06000031,Peterborough,E02006878,Hampton Vale,-99,-99,-99,-99,-99,-99,-99,-99,-99,-99,-99,3,15,16,4,4,3,-99,-99,8,-99,-99,-99,-99,-99,-99,-99,-99,-99,-99,-99,-99,-99,-99,7,6,6
E12000008,South East,E10000016,Kent,E07000112,Folkestone and Hythe,E02006879,Folkestone Harbour,-99,-99,-99,-99,-99,-99,-99,-99,-99,3,-99,-99,3,4,3,3,3,3,-99,3,3,-99,-99,-99,3,-99,-99,-99,-99,-99,-99,3,-99,-99,-99,-99,-99
E12000008,South East,E10000016,Kent,E07000112,Folkestone and Hythe,E02006880,Folkestone Central,-99,-99,-99,-99,-99,-99,-99,-99,-99,3,3,9,-99,5,4,4,8,6,7,3,-99,-99,-99,-99,-99,-99,-99,-99,-99,-99,-99,-99,-99,-99,-99,-99,-99
E12000002,North West,E10000017,Lancashire,E07000117,Burnley,E02006881,Rose Hill & Burnley Wood,-99,-99,-99,-99,-99,-99,-99,-99,-99,10,6,3,4,7,-99,-99,3,-99,-99,-99,-99,-99,-99,-99,-99,-99,-99,6,-99,4,-99,11,8,25,68,54,54
E12000007,London,E09000015,Harrow,E09000015,Harrow,E02006882,Kenton West,-99,-99,-99,-99,-99,-99,-99,7,12,14,8,10,4,9,5,-99,-99,-99,-99,-99,-99,-99,-99,-99,-99,-99,-99,-99,-99,3,4,8,-99,-99,9,20,20
E12000009,South West,E06000058,"Bournemouth, Christchurch and Poole",E06000058,"Bournemouth, Christchurch and Poole",E02006883,Westbourne,-99,-99,-99,-99,-99,-99,-99,-99,-99,-99,-99,-99,-99,-99,-99,-99,-99,-99,-99,-99,-99,-99,-99,-99,-99,-99,-99,-99,-99,-99,-99,3,-99,-99,-99,-99,-99
E12000002,North West,E10000017,Lancashire,E07000125,Rossendale,E02006884,Waterfoot & Stacksteads,-99,-99,-99,-99,-99,-99,-99,-99,-99,-99,7,7,10,10,6,3,-99,-99,-99,-99,-99,-99,-99,-99,-99,-99,-99,-99,-99,-99,4,4,12,20,17,25,25
E12000009,South West,E06000058,"Bournemouth, Christchurch and Poole",E06000058,"Bournemouth, Christchurch and Poole",E02006885,West Cliff,-99,-99,-99,-99,-99,-99,-99,-99,-99,-99,-99,-99,-99,-99,-99,-99,-99,-99,-99,-99,-99,-99,-99,-99,-99,-99,-99,-99,-99,-99,-99,-99,3,3,-99,-99,-99
E12000008,South East,E10000025,Oxfordshire,E07000180,Vale of White Horse,E02006886,"Shrivenham, Watchfield & Uffington",-99,-99,-99,-99,-99,-99,-99,-99,4,7,3,-99,-99,-99,3,6,-99,-99,-99,-99,-99,-99,-99,-99,-99,-99,-99,-99,-99,-99,-99,3,-99,-99,-99,10,10
E12000009,South West,E06000023,"Bristol, City of",E06000023,"Bristol, City of",E02006887,Temple Meads,-99,-99,-99,-99,-99,-99,-99,-99,-99,3,-99,4,-99,-99,-99,-99,-99,-99,-99,-99,-99,-99,-99,-99,-99,-99,-99,-99,-99,4,-99,-99,-99,-99,3,6,6
E12000009,South West,E06000023,"Bristol, City of",E06000023,"Bristol, City of",E02006888,Upper Easton,-99,-99,-99,-99,-99,-99,-99,-99,4,4,4,-99,-99,-99,-99,-99,-99,-99,-99,-99,-99,-99,-99,-99,-99,-99,-99,-99,-99,-99,-99,-99,-99,-99,-99,-99,-99
E12000009,South West,E06000023,"Bristol, City of",E06000023,"Bristol, City of",E02006889,Barton Hill,-99,-99,-99,-99,-99,-99,-99,-99,-99,-99,3,-99,6,5,3,-99,-99,-99,-99,-99,-99,-99,-99,-99,-99,-99,-99,-99,3,4,-99,-99,4,-99,3,3,3
E12000009,South West,E06000023,"Bristol, City of",E06000023,"Bristol, City of",E02006890,Lower Easton,-99,-99,-99,-99,-99,-99,-99,-99,-99,3,3,-99,3,5,3,-99,-99,-99,-99,-99,-99,-99,-99,-99,-99,-99,-99,-99,-99,-99,-99,-99,-99,-99,-99,5,5
E12000003,Yorkshire and The Humber,E06000011,East Riding of Yorkshire,E06000011,East Riding of Yorkshire,E02006891,Driffield East & Nafferton,-99,-99,-99,-99,-99,-99,-99,-99,-99,-99,3,-99,6,12,3,4,-99,-99,-99,-99,-99,-99,-99,-99,-99,-99,-99,-99,-99,-99,-99,-99,-99,-99,8,5,5
E12000003,Yorkshire and The Humber,E06000011,East Riding of Yorkshire,E06000011,East Riding of Yorkshire,E02006892,Driffield Central,-99,-99,-99,-99,-99,-99,-99,-99,-99,-99,5,-99,6,4,-99,-99,-99,-99,-99,-99,-99,-99,-99,-99,-99,-99,-99,-99,-99,-99,-99,-99,-99,-99,3,5,5
E12000001,North East,E08000021,Newcastle upon Tyne,E08000021,Newcastle upon Tyne,E02006893,Westerhope,-99,-99,-99,-99,-99,-99,-99,-99,9,8,15,9,9,3,4,-99,-99,-99,-99,-99,-99,-99,-99,-99,-99,-99,-99,-99,-99,-99,-99,3,6,12,33,30,30
E12000005,West Midlands,E08000031,Wolverhampton,E08000031,Wolverhampton,E02006894,Blakenhall,-99,-99,-99,-99,-99,-99,-99,4,4,4,5,7,26,17,3,5,7,4,-99,-99,3,8,5,-99,-99,6,-99,3,4,10,-99,7,4,7,14,10,10
E12000005,West Midlands,E08000025,Birmingham,E08000025,Birmingham,E02006895,Attwood Green & Park Central,-99,-99,-99,-99,-99,-99,-99,-99,3,-99,3,3,-99,-99,-99,3,-99,-99,-99,-99,-99,-99,-99,-99,-99,-99,-99,-99,4,19,20,27,3,8,8,11,11
E12000005,West Midlands,E08000025,Birmingham,E08000025,Birmingham,E02006896,Digbeth,-99,-99,-99,-99,-99,-99,-99,-99,-99,-99,-99,-99,-99,3,-99,-99,-99,-99,-99,-99,-99,-99,-99,-99,-99,-99,-99,-99,-99,3,-99,3,-99,6,5,6,6
E12000005,West Midlands,E08000025,Birmingham,E08000025,Birmingham,E02006897,Five Ways North,-99,-99,-99,-99,-99,-99,-99,3,-99,-99,-99,-99,-99,-99,-99,-99,-99,-99,-99,-99,-99,-99,-99,-99,-99,-99,-99,-99,10,3,3,9,10,7,3,12,12
E12000005,West Midlands,E08000025,Birmingham,E08000025,Birmingham,E02006898,Ladywood -Summer Hill,-99,-99,-99,-99,-99,-99,-99,-99,-99,-99,-99,4,-99,-99,-99,5,-99,-99,-99,-99,-99,-99,-99,-99,-99,-99,-99,4,6,-99,-99,7,12,-99,7,10,10
E12000005,West Midlands,E08000025,Birmingham,E08000025,Birmingham,E02006899,Central,-99,-99,-99,-99,-99,-99,-99,-99,-99,-99,-99,-99,-99,-99,-99,-99,-99,-99,-99,-99,-99,-99,-99,-99,-99,-99,-99,7,4,4,-99,4,-99,3,5,6,6
E12000005,West Midlands,E08000025,Birmingham,E08000025,Birmingham,E02006900,Bordesley,-99,-99,-99,-99,-99,-99,4,5,13,8,5,3,3,8,3,-99,3,4,4,10,3,-99,-99,6,3,3,4,6,12,6,3,16,13,30,52,27,27
E12000005,West Midlands,E08000025,Birmingham,E08000025,Birmingham,E02006901,Greet & Sparkhill South,-99,-99,-99,-99,-99,-99,-99,-99,3,9,-99,5,-99,5,-99,6,3,-99,-99,-99,-99,-99,-99,-99,-99,-99,8,-99,3,9,10,34,34,41,54,63,63
E12000002,North West,E08000003,Manchester,E08000003,Manchester,E02006902,City Centre North & Collyhurst,-99,-99,-99,-99,-99,-99,-99,-99,-99,-99,-99,6,3,-99,-99,-99,-99,-99,-99,-99,-99,-99,-99,-99,-99,-99,-99,-99,-99,3,-99,3,6,14,16,34,34
E12000004,East Midlands,E10000024,Nottinghamshire,E07000171,Bassetlaw,E02006903,Worksop Kilton,-99,-99,-99,-99,-99,-99,-99,-99,-99,4,5,6,-99,3,-99,7,9,3,6,5,3,-99,-99,-99,-99,-99,-99,-99,-99,-99,-99,-99,3,-99,8,12,12
E12000004,East Midlands,E06000018,Nottingham,E06000018,Nottingham,E02006904,City Centre & Trent Bridge,-99,-99,-99,-99,-99,-99,-99,-99,-99,-99,-99,4,-99,5,-99,-99,-99,-99,-99,-99,-99,-99,-99,-99,-99,-99,-99,-99,3,-99,-99,-99,-99,-99,15,32,32
E12000004,East Midlands,E06000018,Nottingham,E06000018,Nottingham,E02006905,Meadows,-99,-99,-99,-99,-99,-99,-99,-99,-99,3,-99,-99,3,-99,-99,-99,3,-99,-99,-99,-99,-99,-99,-99,-99,-99,-99,-99,-99,-99,-99,-99,4,3,3,12,12
E12000004,East Midlands,E10000024,Nottinghamshire,E07000172,Broxtowe,E02006906,"Kimberley South, Trowell & Awsworth",-99,-99,-99,-99,-99,-99,-99,-99,-99,-99,7,7,6,3,-99,-99,-99,-99,-99,-99,-99,-99,-99,-99,-99,-99,-99,3,-99,-99,-99,6,7,4,7,15,15
E12000006,East of England,E10000020,Norfolk,E07000148,Norwich,E02006907,City Centre East,-99,-99,-99,-99,-99,-99,-99,-99,-99,-99,-99,-99,-99,-99,-99,3,-99,-99,-99,-99,-99,-99,-99,-99,-99,-99,-99,-99,-99,-99,-99,-99,-99,-99,-99,-99,-99
E12000006,East of England,E10000020,Norfolk,E07000148,Norwich,E02006908,Thorpe Hamlet & Mousehold South,-99,-99,-99,-99,-99,-99,-99,-99,-99,-99,-99,-99,-99,-99,-99,-99,-99,-99,-99,-99,-99,-99,-99,-99,-99,-99,-99,-99,-99,-99,-99,-99,-99,-99,-99,-99,-99
E12000001,North East,E06000001,Hartlepool,E06000001,Hartlepool,E02006909,"The Fens, Elwick & Hart",-99,-99,-99,-99,-99,-99,-99,-99,-99,6,9,11,6,7,3,4,-99,-99,3,-99,-99,-99,-99,-99,-99,-99,-99,3,-99,-99,-99,-99,7,15,20,30,30
E12000001,North East,E06000003,Redcar and Cleveland,E06000003,Redcar and Cleveland,E02006910,South Bank & Teesville,-99,-99,-99,-99,-99,-99,-99,-99,4,5,9,4,8,8,4,-99,3,-99,-99,-99,-99,-99,-99,-99,-99,-99,-99,-99,-99,-99,-99,4,-99,4,11,26,26
E12000004,East Midlands,E10000018,Leicestershire,E07000135,Oadby and Wigston,E02006911,Oadby North & East,-99,-99,-99,-99,-99,-99,-99,3,5,10,3,6,6,9,7,11,19,3,7,16,7,7,-99,11,4,6,6,-99,8,4,-99,8,23,20,35,40,40
E12000002,North West,E08000003,Manchester,E08000003,Manchester,E02006912,Piccadilly & Ancoats,-99,-99,-99,-99,-99,-99,-99,-99,-99,-99,6,3,5,-99,-99,7,-99,3,-99,-99,-99,-99,-99,-99,-99,-99,3,5,7,4,4,-99,7,12,46,67,67
E12000002,North West,E08000003,Manchester,E08000003,Manchester,E02006913,Cheetham Hill,-99,-99,-99,-99,-99,-99,-99,-99,-99,6,-99,3,5,-99,-99,3,4,-99,-99,-99,-99,-99,-99,-99,-99,-99,5,4,3,9,-99,-99,6,17,37,23,23
E12000002,North West,E08000003,Manchester,E08000003,Manchester,E02006914,University North & Whitworth Street,-99,-99,-99,-99,-99,-99,-99,-99,-99,-99,5,-99,-99,-99,-99,-99,-99,-99,-99,-99,-99,-99,-99,-99,-99,-99,-99,3,5,4,-99,6,6,26,77,103,103
E12000002,North West,E08000003,Manchester,E08000003,Manchester,E02006915,Strangeways,-99,-99,-99,-99,-99,-99,-99,3,3,3,14,10,5,-99,-99,-99,-99,-99,3,-99,-99,8,5,-99,-99,5,8,8,7,4,5,11,13,27,23,50,50
E12000002,North West,E08000003,Manchester,E08000003,Manchester,E02006916,Hulme Park & St George's,-99,-99,-99,-99,-99,-99,-99,-99,-99,3,3,-99,4,-99,-99,3,-99,5,-99,-99,-99,-99,-99,5,-99,-99,-99,-99,4,3,3,-99,8,9,19,16,16
E12000002,North West,E08000003,Manchester,E08000003,Manchester,E02006917,Castlefield & Deansgate,-99,-99,-99,-99,-99,-99,-99,-99,-99,-99,-99,-99,3,-99,3,-99,-99,-99,-99,-99,-99,-99,-99,-99,-99,-99,-99,-99,3,-99,3,4,7,7,13,17,17
E12000007,London,E09000012,Hackney,E09000012,Hackney,E02006918,Clapton Leaside,-99,-99,-99,-99,-99,-99,-99,-99,-99,5,3,3,-99,-99,-99,-99,-99,-99,-99,-99,-99,-99,-99,-99,-99,-99,-99,-99,-99,-99,-99,-99,3,-99,3,3,3
E12000004,East Midlands,E10000007,Derbyshire,E07000039,South Derbyshire,E02006919,Swadlincote South,-99,-99,-99,-99,-99,-99,-99,-99,-99,4,3,4,4,5,-99,3,5,-99,-99,-99,-99,-99,-99,-99,-99,-99,-99,-99,-99,-99,-99,3,-99,3,4,-99,-99
E12000004,East Midlands,E10000007,Derbyshire,E07000039,South Derbyshire,E02006920,Swadlincote East,-99,-99,-99,-99,-99,-99,-99,-99,-99,4,-99,-99,-99,4,-99,-99,-99,-99,-99,-99,-99,-99,-99,-99,-99,-99,-99,-99,-99,-99,-99,3,3,-99,3,-99,-99
E12000007,London,E09000012,Hackney,E09000012,Hackney,E02006921,Upper Clapton,-99,-99,-99,-99,-99,-99,-99,-99,-99,10,5,3,-99,-99,-99,-99,-99,-99,-99,-99,-99,-99,-99,-99,3,9,5,-99,3,-99,-99,5,3,4,10,22,22
E12000006,East of England,E10000012,Essex,E07000071,Colchester,E02006922,Parson's Heath,-99,-99,-99,-99,-99,-99,-99,-99,5,3,3,9,7,8,4,6,4,-99,-99,-99,-99,-99,-99,-99,-99,-99,-99,-99,-99,-99,-99,-99,-99,-99,3,5,5
E12000007,London,E09000026,Redbridge,E09000026,Redbridge,E02006924,Valentines Park & Cranbrook,-99,-99,-99,-99,-99,-99,-99,-99,6,18,11,4,8,-99,4,3,-99,-99,-99,-99,-99,-99,-99,-99,-99,-99,-99,-99,-99,-99,3,3,11,16,9,19,19
E12000007,London,E09000026,Redbridge,E09000026,Redbridge,E02006925,Clayhall South,-99,-99,-99,-99,-99,-99,-99,-99,9,11,13,-99,3,4,3,-99,-99,3,-99,-99,-99,-99,-99,-99,-99,-99,-99,-99,-99,-99,-99,3,7,16,23,23,23
E12000006,East of England,E06000034,Thurrock,E06000034,Thurrock,E02006926,Chafford & North Stifford,-99,-99,-99,-99,-99,-99,-99,-99,-99,4,-99,-99,-99,-99,-99,-99,-99,-99,-99,-99,3,-99,-99,-99,-99,-99,-99,-99,-99,-99,-99,-99,-99,3,7,4,4
E12000007,London,E09000011,Greenwich,E09000011,Greenwich,E02006927,Kidbrooke South,-99,-99,-99,-99,-99,-99,4,4,-99,10,4,3,3,3,-99,-99,-99,-99,-99,-99,-99,-99,-99,-99,-99,-99,-99,-99,-99,-99,4,-99,3,3,4,4,4
E12000007,London,E09000011,Greenwich,E09000011,Greenwich,E02006928,Greenwich & Deptford Creekside,-99,-99,-99,-99,-99,-99,-99,-99,3,3,3,-99,-99,-99,-99,-99,-99,-99,-99,-99,-99,-99,-99,-99,-99,-99,-99,-99,-99,-99,4,-99,4,5,8,8,8
E12000007,London,E09000011,Greenwich,E09000011,Greenwich,E02006929,Greenwich Peninsula,-99,-99,-99,-99,-99,-99,-99,4,-99,4,4,-99,-99,-99,-99,-99,-99,-99,-99,-99,-99,-99,-99,-99,-99,-99,-99,-99,-99,-99,4,7,-99,3,8,3,3
E12000007,London,E09000011,Greenwich,E09000011,Greenwich,E02006930,Greenwich East,-99,-99,-99,-99,-99,-99,-99,-99,-99,-99,4,3,-99,-99,-99,-99,-99,-99,-99,-99,-99,-99,-99,-99,-99,-99,-99,-99,-99,-99,3,-99,-99,-99,3,8,8
E12000007,London,E09000011,Greenwich,E09000011,Greenwich,E02006931,Greenwich Town & Park,-99,-99,-99,-99,-99,-99,-99,-99,12,5,8,5,-99,-99,-99,-99,-99,-99,-99,-99,-99,-99,-99,-99,-99,-99,-99,-99,-99,-99,-99,3,-99,-99,3,6,6
E12000002,North West,E08000012,Liverpool,E08000012,Liverpool,E02006932,Central & Islington,-99,-99,-99,-99,-99,-99,-99,-99,3,3,3,-99,-99,4,-99,-99,-99,-99,-99,-99,-99,-99,-99,-99,-99,-99,-99,-99,-99,9,4,14,14,35,79,298,298
E12000002,North West,E08000012,Liverpool,E08000012,Liverpool,E02006933,Albert Dock & Queen's Dock,-99,-99,-99,-99,-99,-99,-99,-99,-99,7,11,9,7,5,-99,-99,-99,-99,-99,-99,-99,-99,-99,-99,-99,-99,-99,-99,-99,-99,5,7,8,15,22,27,27
E12000002,North West,E08000012,Liverpool,E08000012,Liverpool,E02006934,Pier Head,-99,-99,-99,-99,-99,-99,-99,-99,-99,4,4,4,7,3,-99,-99,3,-99,-99,-99,-99,-99,-99,-99,-99,-99,-99,-99,-99,-99,-99,7,7,9,27,49,49
,,,,,,xxxxxxxxx,unallocated,-99,-99,-99,-99,-99,12,62,182,499,953,1246,1843,1205,733,420,289,198,126,115,59,84,54,67,80,79,86,51,64,75,96,170,155,317,513,661,750,750
